#   index    LocalEnergy         LocalEnergy_sq      LocalPotential      Kinetic             LocalECP            NonLocalECP         ElecElec            IonIon              MPC                 KEcorr              BlockWeight         BlockCPU            AcceptRatio         
         0   -1.0699041839e+01    1.1561588542e+02   -2.1892536251e+01    1.1193494412e+01   -7.5322162265e+00    1.0249464108e+00   -2.6095989946e+00   -1.2775667440e+01   -2.3347007280e+00    9.5428230307e-02    6.0000000000e+01    4.1151102500e-03    7.6944444444e-01
         1   -1.0564594338e+01    1.1213746461e+02   -2.2737365929e+01    1.2172771590e+01   -7.9602126959e+00    5.9314194590e-01   -2.5946277382e+00   -1.2775667440e+01   -2.3542711997e+00    9.5428230307e-02    6.0000000000e+01    3.8336030000e-03    7.5208333333e-01
         2   -1.0601211233e+01    1.1305298793e+02   -2.2669684614e+01    1.2068473381e+01   -8.3001598867e+00    9.8409083578e-01   -2.5779481232e+00   -1.2775667440e+01   -2.3228233972e+00    9.5428230307e-02    6.0000000000e+01    4.7814786667e-03    7.7986111111e-01
         3   -1.0371951884e+01    1.0789951133e+02   -2.3206418880e+01    1.2834466997e+01   -8.6472559975e+00    7.3324615175e-01   -2.5167415941e+00   -1.2775667440e+01   -2.2806729895e+00    9.5428230307e-02    6.0000000000e+01    3.8998624167e-03    7.3472222222e-01
         4   -1.0422753366e+01    1.0901399045e+02   -2.2790127369e+01    1.2367374004e+01   -8.2491628535e+00    7.0436198779e-01   -2.4696590634e+00   -1.2775667440e+01   -2.2355286515e+00    9.5428230307e-02    6.0000000000e+01    3.9302495833e-03    7.7291666667e-01
         5   -1.0341681423e+01    1.0755373291e+02   -2.2317657846e+01    1.1975976423e+01   -7.6122588177e+00    5.9178003764e-01   -2.5215116260e+00   -1.2775667440e+01   -2.2320336647e+00    9.5428230307e-02    6.0000000000e+01    4.6294179167e-03    7.6805555556e-01
         6   -1.0314064700e+01    1.0674101379e+02   -2.1026321756e+01    1.0712257057e+01   -6.3843903252e+00    5.1621472452e-01   -2.3824787153e+00   -1.2775667440e+01   -2.0697029965e+00    9.5428230307e-02    6.0000000000e+01    3.8454959167e-03    7.5000000000e-01
         7   -1.0431531475e+01    1.0932350100e+02   -2.1172759499e+01    1.0741228025e+01   -6.7577720587e+00    9.7521416474e-01   -2.6145341651e+00   -1.2775667440e+01   -2.3299737650e+00    9.5428230307e-02    6.0000000000e+01    4.1971592500e-03    7.6597222222e-01
         8   -1.0481166592e+01    1.1026682948e+02   -2.2045385095e+01    1.1564218503e+01   -6.7391848265e+00    4.1770264964e-01   -2.9482354779e+00   -1.2775667440e+01   -2.7007160776e+00    9.5428230307e-02    6.0000000000e+01    4.4811622500e-03    7.6736111111e-01
         9   -1.0551231960e+01    1.1162071853e+02   -2.1520295127e+01    1.0969063167e+01   -6.2823522380e+00    5.4127497340e-01   -3.0035504218e+00   -1.2775667440e+01   -2.7397330937e+00    9.5428230307e-02    6.0000000000e+01    3.9033547500e-03    7.4722222222e-01
        10   -1.0450070698e+01    1.0971452985e+02   -2.1187816863e+01    1.0737746165e+01   -6.6390886688e+00    4.8580483688e-01   -2.2588655907e+00   -1.2775667440e+01   -2.0019305914e+00    9.5428230307e-02    6.0000000000e+01    4.4718709167e-03    7.6527777778e-01
        11   -1.0297801575e+01    1.0638921109e+02   -2.1678494672e+01    1.1380693097e+01   -7.6010309543e+00    9.4537919637e-01   -2.2471754739e+00   -1.2775667440e+01   -1.9649725848e+00    9.5428230307e-02    6.0000000000e+01    4.2271300000e-03    7.6250000000e-01
        12   -1.0513948020e+01    1.1080164005e+02   -2.1434639534e+01    1.0920691514e+01   -6.4097973612e+00    5.3795897914e-01   -2.7871337119e+00   -1.2775667440e+01   -2.5688048204e+00    9.5428230307e-02    6.0000000000e+01    3.8796324167e-03    7.5902777778e-01
        13   -1.0481132844e+01    1.1025198082e+02   -2.1791395157e+01    1.1310262313e+01   -6.9562818148e+00    6.0843691898e-01   -2.6678828212e+00   -1.2775667440e+01   -2.4007348114e+00    9.5428230307e-02    6.0000000000e+01    4.5642157500e-03    7.8819444444e-01
        14   -1.0462985592e+01    1.0981340811e+02   -2.1883216364e+01    1.1420230772e+01   -6.9056803273e+00    3.2454248400e-01   -2.5264110800e+00   -1.2775667440e+01   -2.3084818766e+00    9.5428230307e-02    6.0000000000e+01    3.8766538333e-03    7.5138888889e-01
        15   -1.0419362669e+01    1.0886332724e+02   -2.1811832361e+01    1.1392469693e+01   -7.0203486506e+00    6.2606226282e-01   -2.6418785332e+00   -1.2775667440e+01   -2.4012344950e+00    9.5428230307e-02    6.0000000000e+01    3.8620930000e-03    7.7500000000e-01
        16   -1.0598536444e+01    1.1257043962e+02   -2.2095868144e+01    1.1497331700e+01   -7.4291356513e+00    8.7122261092e-01   -2.7622876638e+00   -1.2775667440e+01   -2.5292229038e+00    9.5428230307e-02    6.0000000000e+01    4.0420930833e-03    7.5902777778e-01
        17   -1.0418361947e+01    1.0890503727e+02   -2.2056098462e+01    1.1637736515e+01   -7.4378994799e+00    2.2656691310e-01   -2.0690984554e+00   -1.2775667440e+01   -1.7374760294e+00    9.5428230307e-02    6.0000000000e+01    3.8629881667e-03    7.4930555556e-01
        18   -1.0446970311e+01    1.0958198728e+02   -2.1397365782e+01    1.0950395470e+01   -6.5661996137e+00    6.6786147330e-01   -2.7233602010e+00   -1.2775667440e+01   -2.4057825942e+00    9.5428230307e-02    6.0000000000e+01    3.8531195000e-03    7.4722222222e-01
        19   -1.0361855058e+01    1.0829875228e+02   -2.0307543188e+01    9.9456881300e+00   -5.6375171229e+00    9.9539318019e-01   -2.8897518053e+00   -1.2775667440e+01   -2.6124794383e+00    9.5428230307e-02    6.0000000000e+01    4.0817107500e-03    7.6458333333e-01
        20   -1.0581638991e+01    1.1213166170e+02   -2.1418042181e+01    1.0836403190e+01   -6.1125987881e+00    3.9636165234e-01   -2.9261376051e+00   -1.2775667440e+01   -2.6893034755e+00    9.5428230307e-02    6.0000000000e+01    3.8316485833e-03    7.8750000000e-01
        21   -1.0437091663e+01    1.0936619383e+02   -2.2043420014e+01    1.1606328351e+01   -6.5723226327e+00    2.2652790280e-01   -2.9219578438e+00   -1.2775667440e+01   -2.7273010277e+00    9.5428230307e-02    6.0000000000e+01    4.0608444167e-03    7.4513888889e-01
        22   -1.0549083847e+01    1.1158119850e+02   -2.2106363243e+01    1.1557279396e+01   -7.4105579104e+00    6.3748367705e-01   -2.5576215692e+00   -1.2775667440e+01   -2.3212598757e+00    9.5428230307e-02    6.0000000000e+01    3.9678315833e-03    7.5069444444e-01
        23   -1.0427780995e+01    1.0899678522e+02   -2.1141723840e+01    1.0713942845e+01   -6.1760729697e+00    2.8525120808e-01   -2.4752346385e+00   -1.2775667440e+01   -2.1751076337e+00    9.5428230307e-02    6.0000000000e+01    4.1262281667e-03    7.4444444444e-01
        24   -1.0580185519e+01    1.1220386538e+02   -2.1550253157e+01    1.0970067638e+01   -6.5520560745e+00    6.5641895770e-01   -2.8789486001e+00   -1.2775667440e+01   -2.6370909601e+00    9.5428230307e-02    6.0000000000e+01    3.8521646667e-03    7.6250000000e-01
        25   -1.0489344851e+01    1.1033235938e+02   -2.2421929865e+01    1.1932585014e+01   -7.4915057451e+00    6.5556474153e-01   -2.8103214208e+00   -1.2775667440e+01   -2.5818251820e+00    9.5428230307e-02    6.0000000000e+01    3.9161212500e-03    7.7083333333e-01
        26   -1.0491463465e+01    1.1030698091e+02   -2.1521470617e+01    1.1030007152e+01   -6.7226847061e+00    6.0155221762e-01   -2.6246706880e+00   -1.2775667440e+01   -2.3663192881e+00    9.5428230307e-02    6.0000000000e+01    3.8062440000e-03    7.7638888889e-01
        27   -1.0435580049e+01    1.0938839318e+02   -2.3148539077e+01    1.2712959028e+01   -7.9675152712e+00    1.6421687528e-01   -2.5695732413e+00   -1.2775667440e+01   -2.3353882165e+00    9.5428230307e-02    6.0000000000e+01    3.8197273333e-03    7.5347222222e-01
        28   -1.0535710701e+01    1.1129060572e+02   -2.1399156454e+01    1.0863445753e+01   -6.7089015497e+00    6.3028049885e-01   -2.5448679628e+00   -1.2775667440e+01   -2.3017722577e+00    9.5428230307e-02    6.0000000000e+01    3.8019200833e-03    7.7500000000e-01
        29   -1.0510488174e+01    1.1081108714e+02   -2.3278168327e+01    1.2767680154e+01   -8.3354783953e+00    3.4083266144e-01   -2.5078551533e+00   -1.2775667440e+01   -2.2516448132e+00    9.5428230307e-02    6.0000000000e+01    3.8260710000e-03    7.4861111111e-01
        30   -1.0378706854e+01    1.0809347451e+02   -2.2787006408e+01    1.2408299553e+01   -8.3960060527e+00    6.4447776534e-01   -2.2598106801e+00   -1.2775667440e+01   -2.0121672170e+00    9.5428230307e-02    6.0000000000e+01    3.8250224167e-03    7.3611111111e-01
        31   -1.0454129094e+01    1.0955935218e+02   -2.2154726003e+01    1.1700596909e+01   -7.1097480684e+00    5.6795342768e-01   -2.8372639224e+00   -1.2775667440e+01   -2.6196333543e+00    9.5428230307e-02    6.0000000000e+01    3.8042394167e-03    7.4930555556e-01
        32   -1.0612707059e+01    1.1300454736e+02   -2.2249030009e+01    1.1636322950e+01   -7.3769315365e+00    5.9895585395e-01   -2.6953868858e+00   -1.2775667440e+01   -2.4711359348e+00    9.5428230307e-02    6.0000000000e+01    3.8074251667e-03    7.6944444444e-01
        33   -1.0573102330e+01    1.1214658308e+02   -2.1393282628e+01    1.0820180297e+01   -6.6799673962e+00    7.3851757016e-01   -2.6761653613e+00   -1.2775667440e+01   -2.4119391575e+00    9.5428230307e-02    6.0000000000e+01    3.7799797500e-03    7.5902777778e-01
        34   -1.0465417246e+01    1.0990393853e+02   -2.3225155060e+01    1.2759737814e+01   -8.1936132005e+00    3.9412958739e-01   -2.6500040064e+00   -1.2775667440e+01   -2.4083650185e+00    9.5428230307e-02    6.0000000000e+01    3.8402130833e-03    7.4861111111e-01
        35   -1.0498414349e+01    1.1046625666e+02   -2.3270730764e+01    1.2772316415e+01   -8.6093481237e+00    8.1407853527e-01   -2.6997937353e+00   -1.2775667440e+01   -2.4728709299e+00    9.5428230307e-02    6.0000000000e+01    3.7703880833e-03    7.5486111111e-01
        36   -1.0560332446e+01    1.1187526543e+02   -2.3483785285e+01    1.2923452839e+01   -8.9428464088e+00    6.1648411881e-01   -2.3817555548e+00   -1.2775667440e+01   -2.1619603270e+00    9.5428230307e-02    6.0000000000e+01    3.8382946667e-03    7.6180555556e-01
        37   -1.0526186654e+01    1.1108164785e+02   -2.2180227953e+01    1.1654041299e+01   -7.1952598300e+00    2.2304263701e-01   -2.4323433198e+00   -1.2775667440e+01   -2.2184756411e+00    9.5428230307e-02    6.0000000000e+01    3.8393097500e-03    7.6388888889e-01
        38   -1.0572850809e+01    1.1206391803e+02   -2.2504061674e+01    1.1931210865e+01   -7.7163614015e+00    5.2770463459e-01   -2.5397374668e+00   -1.2775667440e+01   -2.3101237732e+00    9.5428230307e-02    6.0000000000e+01    3.7740707500e-03    7.3125000000e-01
        39   -1.0473528472e+01    1.1005055614e+02   -2.0890146334e+01    1.0416617862e+01   -5.7605448819e+00    3.5929687957e-01   -2.7132308913e+00   -1.2775667440e+01   -2.4480603579e+00    9.5428230307e-02    6.0000000000e+01    3.8246976667e-03    7.5972222222e-01
        40   -1.0648109832e+01    1.1370124864e+02   -2.0178118463e+01    9.5300086311e+00   -5.0353426754e+00    5.6351770253e-01   -2.9306260503e+00   -1.2775667440e+01   -2.6638552654e+00    9.5428230307e-02    6.0000000000e+01    3.7990690833e-03    7.5416666667e-01
        41   -1.0552317730e+01    1.1171857856e+02   -2.1452758983e+01    1.0900441253e+01   -6.9408479136e+00    8.7146729830e-01   -2.6077109279e+00   -1.2775667440e+01   -2.3489014381e+00    9.5428230307e-02    6.0000000000e+01    3.7752683333e-03    7.4513888889e-01
        42   -1.0478381842e+01    1.1022263676e+02   -2.0758306627e+01    1.0279924785e+01   -6.1928076857e+00    7.9618719453e-01   -2.5860186960e+00   -1.2775667440e+01   -2.2824827406e+00    9.5428230307e-02    6.0000000000e+01    3.7689900833e-03    7.5625000000e-01
        43   -1.0420579271e+01    1.0889196584e+02   -2.2476562249e+01    1.2055982978e+01   -7.9198049171e+00    6.4816126227e-01   -2.4292511539e+00   -1.2775667440e+01   -2.1386375977e+00    9.5428230307e-02    6.0000000000e+01    3.7826988333e-03    7.4861111111e-01
        44   -1.0453605715e+01    1.0960651757e+02   -2.1339507889e+01    1.0885902173e+01   -6.3336325629e+00    3.9691847301e-01   -2.6271263587e+00   -1.2775667440e+01   -2.3722880816e+00    9.5428230307e-02    6.0000000000e+01    3.7815012500e-03    7.6458333333e-01
        45   -1.0498407104e+01    1.1070621474e+02   -2.2038156703e+01    1.1539749599e+01   -7.3223410904e+00    6.9349951210e-01   -2.6336476841e+00   -1.2775667440e+01   -2.3847984345e+00    9.5428230307e-02    6.0000000000e+01    3.8320215833e-03    7.6805555556e-01
        46   -1.0461272185e+01    1.0981180269e+02   -2.3268290557e+01    1.2807018371e+01   -8.6363239866e+00    4.0355379441e-01   -2.2598529243e+00   -1.2775667440e+01   -2.0241005335e+00    9.5428230307e-02    6.0000000000e+01    4.0321660000e-03    7.5208333333e-01
        47   -1.0390265016e+01    1.0867636248e+02   -2.2787500532e+01    1.2397235516e+01   -8.1848903152e+00    7.3547161233e-01   -2.5624143888e+00   -1.2775667440e+01   -2.3470864378e+00    9.5428230307e-02    6.0000000000e+01    3.8428046667e-03    7.5347222222e-01
        48   -1.0404031014e+01    1.0869762102e+02   -2.2139743629e+01    1.1735712616e+01   -7.2604438448e+00    4.1368571324e-01   -2.5173180575e+00   -1.2775667440e+01   -2.2810597050e+00    9.5428230307e-02    6.0000000000e+01    3.7910942500e-03    7.7222222222e-01
        49   -1.0440242269e+01    1.0946271067e+02   -2.2335513223e+01    1.1895270954e+01   -7.6155182891e+00    5.9695150198e-01   -2.5412789956e+00   -1.2775667440e+01   -2.3086766416e+00    9.5428230307e-02    6.0000000000e+01    3.8402605833e-03    7.7777777778e-01
        50   -1.0461443819e+01    1.0990197059e+02   -2.2657089247e+01    1.2195645428e+01   -7.7353602051e+00    5.0554142092e-01   -2.6516030225e+00   -1.2775667440e+01   -2.3533522284e+00    9.5428230307e-02    6.0000000000e+01    3.7741594167e-03    7.5625000000e-01
        51   -1.0498154292e+01    1.1051610595e+02   -2.2401810186e+01    1.1903655894e+01   -7.8813249017e+00    6.2723859828e-01   -2.3720564423e+00   -1.2775667440e+01   -2.1042671010e+00    9.5428230307e-02    6.0000000000e+01    3.8121738333e-03    7.6388888889e-01
        52   -1.0555554372e+01    1.1173875332e+02   -2.1120883717e+01    1.0565329345e+01   -6.3053301446e+00    6.4907652311e-01   -2.6889626554e+00   -1.2775667440e+01   -2.4574056151e+00    9.5428230307e-02    6.0000000000e+01    3.8510930000e-03    7.7222222222e-01
        53   -1.0497241969e+01    1.1053948647e+02   -2.2131864638e+01    1.1634622669e+01   -7.2015860996e+00    6.2430923382e-01   -2.7789203318e+00   -1.2775667440e+01   -2.5039296733e+00    9.5428230307e-02    6.0000000000e+01    3.8024632500e-03    7.8402777778e-01
        54   -1.0451293295e+01    1.0948175192e+02   -2.2055845955e+01    1.1604552660e+01   -7.0930956619e+00    4.7423388001e-01   -2.6613167331e+00   -1.2775667440e+01   -2.3915087410e+00    9.5428230307e-02    6.0000000000e+01    3.7963486667e-03    7.5833333333e-01
        55   -1.0607085045e+01    1.1281409503e+02   -2.1723376480e+01    1.1116291434e+01   -6.6181211446e+00    5.8659273210e-01   -2.9161806267e+00   -1.2775667440e+01   -2.7143585506e+00    9.5428230307e-02    6.0000000000e+01    3.8084160000e-03    7.7986111111e-01
        56   -1.0507707157e+01    1.1073245745e+02   -2.1295420521e+01    1.0787713364e+01   -6.3897279684e+00    5.4801536597e-01   -2.6780404781e+00   -1.2775667440e+01   -2.4365546441e+00    9.5428230307e-02    6.0000000000e+01    3.7948854167e-03    7.6388888889e-01
        57   -1.0488198855e+01    1.1035759827e+02   -2.0795342763e+01    1.0307143908e+01   -6.0218659424e+00    7.3976463926e-01   -2.7375740193e+00   -1.2775667440e+01   -2.4948112855e+00    9.5428230307e-02    6.0000000000e+01    3.8167327500e-03    7.7986111111e-01
        58   -1.0495037835e+01    1.1061454685e+02   -2.3914464341e+01    1.3419426506e+01   -8.9815767740e+00    4.9629736490e-01   -2.6535174919e+00   -1.2775667440e+01   -2.4027596918e+00    9.5428230307e-02    6.0000000000e+01    3.8489182500e-03    7.5694444444e-01
        59   -1.0469519667e+01    1.0989852529e+02   -2.3288641918e+01    1.2819122250e+01   -7.9471551867e+00    1.9729215691e-01   -2.7631114475e+00   -1.2775667440e+01   -2.5114340211e+00    9.5428230307e-02    6.0000000000e+01    3.8177670833e-03    7.4861111111e-01
        60   -1.0447166264e+01    1.0944359885e+02   -2.1395441485e+01    1.0948275221e+01   -6.9176595173e+00    6.9633083459e-01   -2.3984453619e+00   -1.2775667440e+01   -2.1207301719e+00    9.5428230307e-02    6.0000000000e+01    3.8339329167e-03    7.6944444444e-01
        61   -1.0590205248e+01    1.1240507573e+02   -2.1439858669e+01    1.0849653420e+01   -6.8203903671e+00    8.7317737516e-01   -2.7169782364e+00   -1.2775667440e+01   -2.4330817937e+00    9.5428230307e-02    6.0000000000e+01    3.8723225000e-03    7.7361111111e-01
        62   -1.0509706661e+01    1.1091813331e+02   -2.2542723246e+01    1.2033016586e+01   -7.8832305325e+00    6.5203718292e-01   -2.5358624565e+00   -1.2775667440e+01   -2.2604074065e+00    9.5428230307e-02    6.0000000000e+01    3.7815696667e-03    7.5416666667e-01
        63   -1.0591991058e+01    1.1265447133e+02   -2.2507488669e+01    1.1915497610e+01   -7.7027457721e+00    7.4401154647e-01   -2.7730870027e+00   -1.2775667440e+01   -2.5344484873e+00    9.5428230307e-02    6.0000000000e+01    3.8200295000e-03    7.5625000000e-01
        64   -1.0547877722e+01    1.1170492309e+02   -2.2487949082e+01    1.1940071360e+01   -7.9339408901e+00    8.4412282536e-01   -2.6224635769e+00   -1.2775667440e+01   -2.3766354146e+00    9.5428230307e-02    6.0000000000e+01    3.7874590000e-03    7.7013888889e-01
        65   -1.0423191045e+01    1.0896406908e+02   -2.2038119495e+01    1.1614928451e+01   -7.3566663064e+00    3.8286604241e-01   -2.2886517911e+00   -1.2775667440e+01   -2.0499042800e+00    9.5428230307e-02    6.0000000000e+01    3.8493120833e-03    7.7569444444e-01
        66   -1.0618885357e+01    1.1301759512e+02   -2.1781800015e+01    1.1162914659e+01   -7.1706522328e+00    9.1882382634e-01   -2.7543041687e+00   -1.2775667440e+01   -2.5337867740e+00    9.5428230307e-02    6.0000000000e+01    3.8066408333e-03    7.6250000000e-01
        67   -1.0452357812e+01    1.0973267813e+02   -2.1584192318e+01    1.1131834506e+01   -6.7993780392e+00    5.5784666649e-01   -2.5669935054e+00   -1.2775667440e+01   -2.3152352671e+00    9.5428230307e-02    6.0000000000e+01    3.7952533333e-03    7.6180555556e-01
        68   -1.0604498854e+01    1.1293209549e+02   -2.2305409291e+01    1.1700910437e+01   -8.0506957587e+00    1.0614596134e+00   -2.5405057053e+00   -1.2775667440e+01   -2.3026517662e+00    9.5428230307e-02    6.0000000000e+01    3.7830993333e-03    7.5763888889e-01
        69   -1.0617617502e+01    1.1304529216e+02   -2.1427911970e+01    1.0810294468e+01   -6.4591788900e+00    7.7164831251e-01   -2.9647139526e+00   -1.2775667440e+01   -2.7480391979e+00    9.5428230307e-02    6.0000000000e+01    3.8320139167e-03    7.6736111111e-01
        70   -1.0379165357e+01    1.0799344792e+02   -2.2764222701e+01    1.2385057344e+01   -7.4189354847e+00    1.4740280820e-01   -2.7170225839e+00   -1.2775667440e+01   -2.4474629512e+00    9.5428230307e-02    6.0000000000e+01    3.7934167500e-03    7.6180555556e-01
        71   -1.0578295259e+01    1.1216666805e+02   -2.2448658300e+01    1.1870363041e+01   -7.7273483742e+00    6.9645335014e-01   -2.6420958361e+00   -1.2775667440e+01   -2.3638559404e+00    9.5428230307e-02    6.0000000000e+01    3.8160432500e-03    7.5277777778e-01
        72   -1.0469798787e+01    1.1021441115e+02   -2.2259736126e+01    1.1789937340e+01   -8.0489835470e+00    1.0866005245e+00   -2.5216856636e+00   -1.2775667440e+01   -2.3013609691e+00    9.5428230307e-02    6.0000000000e+01    3.7952832500e-03    7.7361111111e-01
        73   -1.0570985331e+01    1.1203961170e+02   -2.2209037098e+01    1.1638051767e+01   -7.2135278012e+00    3.5118002353e-01   -2.5710218803e+00   -1.2775667440e+01   -2.3241757693e+00    9.5428230307e-02    6.0000000000e+01    3.8359711667e-03    7.7569444444e-01
        74   -1.0384650965e+01    1.0829874145e+02   -2.2779914362e+01    1.2395263397e+01   -8.2385612055e+00    7.0500145760e-01   -2.4706871742e+00   -1.2775667440e+01   -2.2161183306e+00    9.5428230307e-02    6.0000000000e+01    3.8062940000e-03    7.6736111111e-01
        75   -1.0542806700e+01    1.1175601178e+02   -2.2019831924e+01    1.1477025224e+01   -7.9274123545e+00    1.2326576483e+00   -2.5494097773e+00   -1.2775667440e+01   -2.3891108690e+00    9.5428230307e-02    6.0000000000e+01    3.8285559167e-03    7.4166666667e-01
        76   -1.0494574247e+01    1.1039778668e+02   -2.3391804742e+01    1.2897230495e+01   -8.2720428995e+00    2.9320138398e-01   -2.6372957861e+00   -1.2775667440e+01   -2.3916317332e+00    9.5428230307e-02    6.0000000000e+01    3.8360201667e-03    7.5555555556e-01
        77   -1.0444988405e+01    1.0954707722e+02   -2.1202035501e+01    1.0757047096e+01   -7.0332943224e+00    1.1919850522e+00   -2.5850587910e+00   -1.2775667440e+01   -2.3159314332e+00    9.5428230307e-02    6.0000000000e+01    3.8260620000e-03    7.5833333333e-01
        78   -1.0412621222e+01    1.0862638234e+02   -2.0441318276e+01    1.0028697054e+01   -6.0001475286e+00    8.3960072959e-01   -2.5051040369e+00   -1.2775667440e+01   -2.1947731455e+00    9.5428230307e-02    6.0000000000e+01    3.8279515833e-03    7.6944444444e-01
        79   -1.0380830252e+01    1.0829411779e+02   -2.1852413341e+01    1.1471583089e+01   -7.4144214232e+00    6.6704768975e-01   -2.3293721670e+00   -1.2775667440e+01   -2.0538344754e+00    9.5428230307e-02    6.0000000000e+01    3.8105396667e-03    7.6527777778e-01
        80   -1.0295784913e+01    1.0844956524e+02   -2.3397921464e+01    1.3102136551e+01   -7.6952317683e+00   -4.3982335608e-01   -2.4871988996e+00   -1.2775667440e+01   -2.2372717618e+00    9.5428230307e-02    6.0000000000e+01    3.8059300833e-03    7.6250000000e-01
        81   -1.0525802336e+01    1.1121482720e+02   -2.2333351461e+01    1.1807549125e+01   -7.6758145757e+00    8.1882672026e-01   -2.7006961651e+00   -1.2775667440e+01   -2.4314637385e+00    9.5428230307e-02    6.0000000000e+01    3.7989987500e-03    7.4375000000e-01
        82   -1.0545749930e+01    1.1153181088e+02   -2.2360138695e+01    1.1814388765e+01   -7.6969732067e+00    6.5573474298e-01   -2.5432327909e+00   -1.2775667440e+01   -2.3147864039e+00    9.5428230307e-02    6.0000000000e+01    4.3126785000e-03    7.4513888889e-01
        83   -1.0556724983e+01    1.1178607827e+02   -2.1553200745e+01    1.0996475763e+01   -7.3219985548e+00    6.7208802484e-01   -2.1276227749e+00   -1.2775667440e+01   -1.8791126779e+00    9.5428230307e-02    6.0000000000e+01    3.8201578333e-03    7.5763888889e-01
        84   -1.0522554966e+01    1.1094652914e+02   -2.2078324786e+01    1.1555769820e+01   -7.0083986769e+00    2.7966023000e-01   -2.5739188987e+00   -1.2775667440e+01   -2.3041211143e+00    9.5428230307e-02    6.0000000000e+01    4.0895411667e-03    7.5347222222e-01
        85   -1.0503143936e+01    1.1057391746e+02   -2.2139213671e+01    1.1636069735e+01   -7.2350015031e+00    7.4472968123e-01   -2.8732744091e+00   -1.2775667440e+01   -2.6496784482e+00    9.5428230307e-02    6.0000000000e+01    4.6516453333e-03    7.4583333333e-01
        86   -1.0475216534e+01    1.1007533714e+02   -2.1737757661e+01    1.1262541127e+01   -6.9563645864e+00    7.0488802508e-01   -2.7106136599e+00   -1.2775667440e+01   -2.4601441752e+00    9.5428230307e-02    6.0000000000e+01    3.8339761667e-03    7.7569444444e-01
        87   -1.0522143061e+01    1.1093735156e+02   -2.1384285504e+01    1.0862142442e+01   -6.7014215047e+00    7.0404200415e-01   -2.6112385628e+00   -1.2775667440e+01   -2.3606579313e+00    9.5428230307e-02    6.0000000000e+01    4.5620331667e-03    7.6666666667e-01
        88   -1.0481385326e+01    1.1019110646e+02   -2.1816644875e+01    1.1335259549e+01   -7.1603919407e+00    5.6347085621e-01   -2.4440563503e+00   -1.2775667440e+01   -2.1774428126e+00    9.5428230307e-02    6.0000000000e+01    4.2612119167e-03    7.6597222222e-01
        89   -1.0415332706e+01    1.0888996272e+02   -2.2562549038e+01    1.2147216333e+01   -8.3178647287e+00    8.8372728447e-01   -2.3527441539e+00   -1.2775667440e+01   -2.0507336351e+00    9.5428230307e-02    6.0000000000e+01    3.8219409167e-03    7.4166666667e-01
        90   -1.0542655164e+01    1.1167425963e+02   -2.2300230170e+01    1.1757575006e+01   -7.5376283523e+00    6.7047061003e-01   -2.6574049875e+00   -1.2775667440e+01   -2.4114827500e+00    9.5428230307e-02    6.0000000000e+01    4.7581622500e-03    7.6736111111e-01
        91   -1.0495529006e+01    1.1050262506e+02   -2.2925719308e+01    1.2430190302e+01   -8.4261898654e+00    1.0759189643e+00   -2.7997809665e+00   -1.2775667440e+01   -2.5810597532e+00    9.5428230307e-02    6.0000000000e+01    3.9919532500e-03    7.5000000000e-01
        92   -1.0516414984e+01    1.1155050773e+02   -2.2120541944e+01    1.1604126960e+01   -7.0025624427e+00    3.2352455361e-01   -2.6658366143e+00   -1.2775667440e+01   -2.4326760197e+00    9.5428230307e-02    6.0000000000e+01    3.8732938333e-03    7.6875000000e-01
        93   -1.0332944701e+01    1.0714625592e+02   -2.2542251644e+01    1.2209306943e+01   -7.4372164913e+00    4.2326888686e-01   -2.7526365995e+00   -1.2775667440e+01   -2.5388037385e+00    9.5428230307e-02    6.0000000000e+01    4.6379079167e-03    7.6875000000e-01
        94   -1.0341653419e+01    1.0758288826e+02   -2.1529586729e+01    1.1187933309e+01   -6.6746456183e+00    3.2603010463e-01   -2.4053037747e+00   -1.2775667440e+01   -2.1325940762e+00    9.5428230307e-02    6.0000000000e+01    3.8796965000e-03    7.6805555556e-01
        95   -1.0475977155e+01    1.1014898694e+02   -2.2002710463e+01    1.1526733308e+01   -7.0340045812e+00    3.4414032988e-01   -2.5371787713e+00   -1.2775667440e+01   -2.2809747166e+00    9.5428230307e-02    6.0000000000e+01    4.2349122500e-03    7.8194444444e-01
        96   -1.0523041257e+01    1.1109494321e+02   -2.1856158591e+01    1.1333117333e+01   -6.9168126073e+00    5.4363186038e-01   -2.7073104036e+00   -1.2775667440e+01   -2.4570960237e+00    9.5428230307e-02    6.0000000000e+01    4.5586669167e-03    7.5625000000e-01
        97   -1.0518298081e+01    1.1091854778e+02   -2.2636722928e+01    1.2118424847e+01   -8.2596986274e+00    6.3296163387e-01   -2.2343184946e+00   -1.2775667440e+01   -1.9510536160e+00    9.5428230307e-02    6.0000000000e+01    3.8819673333e-03    7.6319444444e-01
        98   -1.0578351047e+01    1.1216682644e+02   -2.3448644171e+01    1.2870293125e+01   -8.7054201062e+00    6.2979514419e-01   -2.5973517690e+00   -1.2775667440e+01   -2.3686065911e+00    9.5428230307e-02    6.0000000000e+01    4.7201294167e-03    7.5625000000e-01
        99   -1.0465946179e+01    1.0984660049e+02   -2.2365152599e+01    1.1899206420e+01   -7.7348723190e+00    7.5028604334e-01   -2.6048988828e+00   -1.2775667440e+01   -2.3333016071e+00    9.5428230307e-02    6.0000000000e+01    4.1492952500e-03    7.5694444444e-01
