#   index    LocalEnergy         LocalEnergy_sq      LocalPotential      Kinetic             LocalECP            NonLocalECP         ElecElec            IonIon              BlockWeight         BlockCPU            AcceptRatio         
         0   -1.0527652348e+01    1.1122819766e+02   -2.2207274087e+01    1.1679621739e+01   -7.3384056591e+00    5.6981087206e-01   -2.6630118599e+00   -1.2775667440e+01    1.0250000000e+04    3.3086783100e-01    9.9458248482e-01
         1   -1.0530389591e+01    1.1127256605e+02   -2.2028834622e+01    1.1498445031e+01   -7.0949580039e+00    5.0445970497e-01   -2.6626688825e+00   -1.2775667440e+01    1.0245000000e+04    3.2993643100e-01    9.9509725311e-01
         2   -1.0517390678e+01    1.1098712228e+02   -2.1883619869e+01    1.1366229191e+01   -6.9743439604e+00    5.4291768953e-01   -2.6765261577e+00   -1.2775667440e+01    1.0209000000e+04    3.3176300767e-01    9.9464001208e-01
         3   -1.0531533780e+01    1.1126972330e+02   -2.1838654690e+01    1.1307120910e+01   -6.9061481769e+00    5.8222338311e-01   -2.7390624559e+00   -1.2775667440e+01    1.0229000000e+04    3.2932063700e-01    9.9513352939e-01
         4   -1.0522319565e+01    1.1111888301e+02   -2.1963225469e+01    1.1440905903e+01   -7.1030279424e+00    6.3166836972e-01   -2.7161984559e+00   -1.2775667440e+01    1.0224000000e+04    3.2966288200e-01    9.9486718670e-01
         5   -1.0513603530e+01    1.1089460784e+02   -2.2135473924e+01    1.1621870394e+01   -7.3186322624e+00    6.6416016703e-01   -2.7053343884e+00   -1.2775667440e+01    1.0224000000e+04    3.2872940967e-01    9.9409574901e-01
         6   -1.0516670897e+01    1.1097460813e+02   -2.2216283324e+01    1.1699612427e+01   -7.3772327830e+00    6.5415638908e-01   -2.7175394894e+00   -1.2775667440e+01    1.0116000000e+04    3.2589343933e-01    9.9465079180e-01
         7   -1.0527144559e+01    1.1118230335e+02   -2.2091189709e+01    1.1564045150e+01   -7.1825954168e+00    5.8762495240e-01   -2.7205518040e+00   -1.2775667440e+01    1.0195000000e+04    3.2930744467e-01    9.9420034576e-01
         8   -1.0524332495e+01    1.1113441704e+02   -2.2152835794e+01    1.1628503299e+01   -7.2555419842e+00    6.1947601180e-01   -2.7411023815e+00   -1.2775667440e+01    1.0152000000e+04    3.2945619200e-01    9.9437467837e-01
         9   -1.0507239228e+01    1.1077844544e+02   -2.2068840236e+01    1.1561601008e+01   -7.1449052630e+00    5.3161033777e-01   -2.6798778705e+00   -1.2775667440e+01    1.0211000000e+04    3.3324224867e-01    9.9485518656e-01
        10   -1.0523127105e+01    1.1115403793e+02   -2.2189863862e+01    1.1666736758e+01   -7.2167214995e+00    5.4755452671e-01   -2.7450294494e+00   -1.2775667440e+01    1.0248000000e+04    3.3317072400e-01    9.9477606487e-01
        11   -1.0514322737e+01    1.1096288305e+02   -2.2079658978e+01    1.1565336241e+01   -7.2329409893e+00    6.2755121656e-01   -2.6986017655e+00   -1.2775667440e+01    1.0289000000e+04    3.3356753867e-01    9.9457826686e-01
        12   -1.0522012287e+01    1.1108960517e+02   -2.2178224898e+01    1.1656212612e+01   -7.3351980893e+00    6.3039966425e-01   -2.6977590332e+00   -1.2775667440e+01    1.0334000000e+04    3.3579545700e-01    9.9490896390e-01
        13   -1.0498085454e+01    1.1067048709e+02   -2.2007470786e+01    1.1509385332e+01   -7.1357216471e+00    5.9555332665e-01   -2.6916350252e+00   -1.2775667440e+01    1.0356000000e+04    3.3710874867e-01    9.9519321319e-01
        14   -1.0508508119e+01    1.1081326684e+02   -2.2013312572e+01    1.1504804453e+01   -7.1681290242e+00    6.4540118253e-01   -2.7149172903e+00   -1.2775667440e+01    1.0314000000e+04    3.3673292100e-01    9.9456237923e-01
        15   -1.0522692084e+01    1.1119226713e+02   -2.2167549167e+01    1.1644857082e+01   -7.3209146774e+00    6.3447363572e-01   -2.7054406847e+00   -1.2775667440e+01    1.0274000000e+04    3.3770499133e-01    9.9493877661e-01
        16   -1.0497990859e+01    1.1061167091e+02   -2.2103028063e+01    1.1605037204e+01   -7.2714389387e+00    6.0868589219e-01   -2.6646075763e+00   -1.2775667440e+01    1.0274000000e+04    3.3557594000e-01    9.9468585566e-01
        17   -1.0518159490e+01    1.1099731107e+02   -2.2105971335e+01    1.1587811845e+01   -7.2634063217e+00    6.0671351272e-01   -2.6736110857e+00   -1.2775667440e+01    1.0147000000e+04    3.3283336100e-01    9.9505377734e-01
        18   -1.0499449421e+01    1.1059607452e+02   -2.2030152468e+01    1.1530703048e+01   -7.1743275446e+00    6.3951590007e-01   -2.7196733837e+00   -1.2775667440e+01    1.0111000000e+04    3.3031117567e-01    9.9419121346e-01
        19   -1.0516623821e+01    1.1094341621e+02   -2.2039496395e+01    1.1522872574e+01   -7.2072443091e+00    6.4954144673e-01   -2.7061260925e+00   -1.2775667440e+01    1.0032000000e+04    3.3039812467e-01    9.9473496782e-01
        20   -1.0533412639e+01    1.1133329101e+02   -2.2146214430e+01    1.1612801791e+01   -7.2519768172e+00    6.1359258519e-01   -2.7321627578e+00   -1.2775667440e+01    9.9680000000e+03    3.2521432300e-01    9.9436696848e-01
        21   -1.0543742524e+01    1.1160847571e+02   -2.2112254036e+01    1.1568511513e+01   -7.2717631477e+00    6.5881206926e-01   -2.7236355177e+00   -1.2775667440e+01    1.0037000000e+04    3.2829748967e-01    9.9440227154e-01
        22   -1.0548246806e+01    1.1163393508e+02   -2.2161790381e+01    1.1613543575e+01   -7.2164515719e+00    6.2311896984e-01   -2.7927903385e+00   -1.2775667440e+01    1.0062000000e+04    3.2949995933e-01    9.9467379146e-01
        23   -1.0560321256e+01    1.1187601729e+02   -2.1983525547e+01    1.1423204291e+01   -7.0190882762e+00    6.1513292551e-01   -2.8039027564e+00   -1.2775667440e+01    1.0134000000e+04    3.3072415867e-01    9.9519565576e-01
        24   -1.0532968013e+01    1.1133334151e+02   -2.1799492100e+01    1.1266524086e+01   -6.9016978128e+00    6.1196387632e-01   -2.7340907229e+00   -1.2775667440e+01    1.0174000000e+04    3.3489112800e-01    9.9437183338e-01
        25   -1.0523004972e+01    1.1111976817e+02   -2.1895373165e+01    1.1372368194e+01   -6.9545116480e+00    5.7527844898e-01   -2.7404725260e+00   -1.2775667440e+01    1.0248000000e+04    3.3636345533e-01    9.9472542696e-01
        26   -1.0545844697e+01    1.1161790725e+02   -2.1982995429e+01    1.1437150733e+01   -7.0849049199e+00    6.1613677611e-01   -2.7385598452e+00   -1.2775667440e+01    1.0355000000e+04    3.4053077633e-01    9.9474225498e-01
        27   -1.0552341986e+01    1.1171873434e+02   -2.2019323312e+01    1.1466981326e+01   -7.1298210629e+00    5.8820805808e-01   -2.7020428673e+00   -1.2775667440e+01    1.0425000000e+04    3.4227355400e-01    9.9479814729e-01
        28   -1.0525129530e+01    1.1115274372e+02   -2.1841028760e+01    1.1315899230e+01   -7.0427948015e+00    6.4943822145e-01   -2.6720047394e+00   -1.2775667440e+01    1.0367000000e+04    3.3984355967e-01    9.9493678452e-01
        29   -1.0526025975e+01    1.1116683242e+02   -2.1799748631e+01    1.1273722656e+01   -6.9541083163e+00    6.3886034152e-01   -2.7088332159e+00   -1.2775667440e+01    1.0383000000e+04    3.4333392567e-01    9.9479961736e-01
        30   -1.0511774763e+01    1.1085385077e+02   -2.1889487533e+01    1.1377712770e+01   -7.0416443184e+00    6.2946129549e-01   -2.7016370703e+00   -1.2775667440e+01    1.0336000000e+04    3.4253658833e-01    9.9465705485e-01
        31   -1.0536483783e+01    1.1137511842e+02   -2.1968594062e+01    1.1432110279e+01   -7.1193207389e+00    6.2335368288e-01   -2.6969595657e+00   -1.2775667440e+01    1.0326000000e+04    3.4088990033e-01    9.9512119899e-01
        32   -1.0531783026e+01    1.1127051513e+02   -2.2050876303e+01    1.1519093277e+01   -7.2351673674e+00    6.4908643941e-01   -2.6891279344e+00   -1.2775667440e+01    1.0310000000e+04    3.4123667733e-01    9.9495830466e-01
        33   -1.0509470323e+01    1.1083902977e+02   -2.2047349243e+01    1.1537878920e+01   -7.1980878345e+00    6.0801355181e-01   -2.6816075199e+00   -1.2775667440e+01    1.0289000000e+04    3.4092979800e-01    9.9455727070e-01
        34   -1.0501794087e+01    1.1067871366e+02   -2.1899379784e+01    1.1397585698e+01   -7.0410056468e+00    6.0706927894e-01   -2.6897759759e+00   -1.2775667440e+01    1.0262000000e+04    3.4027723533e-01    9.9469100514e-01
        35   -1.0509865071e+01    1.1082233805e+02   -2.1919575480e+01    1.1409710409e+01   -7.0024128200e+00    5.5695361463e-01   -2.6984488348e+00   -1.2775667440e+01    1.0220000000e+04    3.3839819533e-01    9.9442101810e-01
        36   -1.0540859261e+01    1.1147628998e+02   -2.2010776464e+01    1.1469917202e+01   -7.1084826004e+00    5.7977718680e-01   -2.7064036097e+00   -1.2775667440e+01    1.0303000000e+04    3.4159633033e-01    9.9533958597e-01
        37   -1.0520507042e+01    1.1105276325e+02   -2.1943231372e+01    1.1422724330e+01   -7.0616223606e+00    5.8823915820e-01   -2.6941807289e+00   -1.2775667440e+01    1.0291000000e+04    3.3728331100e-01    9.9471780250e-01
        38   -1.0532849302e+01    1.1131228625e+02   -2.1882327787e+01    1.1349478485e+01   -7.0523132636e+00    6.3231935266e-01   -2.6866664355e+00   -1.2775667440e+01    1.0203000000e+04    3.3464736833e-01    9.9458983567e-01
        39   -1.0508018759e+01    1.1081321337e+02   -2.1929364643e+01    1.1421345884e+01   -7.1439594142e+00    6.5028386136e-01   -2.6600216499e+00   -1.2775667440e+01    1.0232000000e+04    3.3835071300e-01    9.9475385370e-01
        40   -1.0522460100e+01    1.1110273730e+02   -2.2093894941e+01    1.1571434842e+01   -7.2591197040e+00    6.2540533575e-01   -2.6845131329e+00   -1.2775667440e+01    1.0311000000e+04    3.4517888533e-01    9.9511029733e-01
        41   -1.0520945716e+01    1.1107537642e+02   -2.2149337436e+01    1.1628391720e+01   -7.3238241813e+00    6.3844390460e-01   -2.6882897194e+00   -1.2775667440e+01    1.0346000000e+04    3.4803561300e-01    9.9448937756e-01
        42   -1.0530510011e+01    1.1130248365e+02   -2.2055587501e+01    1.1525077490e+01   -7.2334248105e+00    6.2770113424e-01   -2.6741963850e+00   -1.2775667440e+01    1.0314000000e+04    3.4511139167e-01    9.9472262531e-01
        43   -1.0539577168e+01    1.1152040161e+02   -2.1998076785e+01    1.1458499617e+01   -7.1345126629e+00    5.9750384591e-01   -2.6854005279e+00   -1.2775667440e+01    1.0198000000e+04    3.4005494400e-01    9.9475790716e-01
        44   -1.0512228883e+01    1.1088900445e+02   -2.2190079526e+01    1.1677850643e+01   -7.3377769164e+00    5.9538009454e-01   -2.6720152636e+00   -1.2775667440e+01    1.0224000000e+04    3.4172096000e-01    9.9489619142e-01
        45   -1.0521621156e+01    1.1107957177e+02   -2.2151127788e+01    1.1629506631e+01   -7.3479653468e+00    6.4467245859e-01   -2.6721674592e+00   -1.2775667440e+01    1.0269000000e+04    3.5346744133e-01    9.9441344027e-01
        46   -1.0523076938e+01    1.1111423991e+02   -2.2183573291e+01    1.1660496353e+01   -7.2580307800e+00    5.4486588395e-01   -2.6947409551e+00   -1.2775667440e+01    1.0314000000e+04    3.6003318033e-01    9.9470219949e-01
        47   -1.0505350810e+01    1.1073803872e+02   -2.2301177873e+01    1.1795827063e+01   -7.4016965894e+00    5.5493765705e-01   -2.6787515002e+00   -1.2775667440e+01    1.0286000000e+04    3.5049212933e-01    9.9482481350e-01
        48   -1.0518687185e+01    1.1103562085e+02   -2.2182038412e+01    1.1663351226e+01   -7.3817155406e+00    6.1506816905e-01   -2.6397236000e+00   -1.2775667440e+01    1.0194000000e+04    3.4984492200e-01    9.9441252590e-01
        49   -1.0517125537e+01    1.1100684463e+02   -2.2239640406e+01    1.1722514870e+01   -7.4390918514e+00    6.3240858931e-01   -2.6572897041e+00   -1.2775667440e+01    1.0178000000e+04    3.4436878833e-01    9.9449627283e-01
        50   -1.0527521880e+01    1.1123334036e+02   -2.2310728201e+01    1.1783206321e+01   -7.4879039971e+00    6.2241602337e-01   -2.6695727870e+00   -1.2775667440e+01    1.0294000000e+04    3.4666486967e-01    9.9476085483e-01
        51   -1.0532532015e+01    1.1129280969e+02   -2.2294718784e+01    1.1762186768e+01   -7.5138241400e+00    6.5580981584e-01   -2.6610370194e+00   -1.2775667440e+01    1.0262000000e+04    3.4445725467e-01    9.9439964564e-01
        52   -1.0542357378e+01    1.1150448374e+02   -2.2075335483e+01    1.1532978105e+01   -7.3724789949e+00    6.8561844010e-01   -2.6128074882e+00   -1.2775667440e+01    1.0247000000e+04    3.4474461200e-01    9.9495931972e-01
        53   -1.0522813060e+01    1.1112163452e+02   -2.2111385402e+01    1.1588572342e+01   -7.3547812747e+00    6.3058484854e-01   -2.6115215352e+00   -1.2775667440e+01    1.0262000000e+04    3.4388280800e-01    9.9539605064e-01
        54   -1.0526135214e+01    1.1121026739e+02   -2.2117320664e+01    1.1591185449e+01   -7.3634268887e+00    6.4410999467e-01   -2.6223363293e+00   -1.2775667440e+01    1.0232000000e+04    3.4324697333e-01    9.9493499244e-01
        55   -1.0538995881e+01    1.1144216685e+02   -2.2168854018e+01    1.1629858137e+01   -7.3859751050e+00    6.5934607712e-01   -2.6665575502e+00   -1.2775667440e+01    1.0290000000e+04    3.4576494500e-01    9.9475939112e-01
        56   -1.0543221898e+01    1.1156186308e+02   -2.2054042936e+01    1.1510821038e+01   -7.2891821925e+00    6.6915728002e-01   -2.6583505837e+00   -1.2775667440e+01    1.0345000000e+04    3.4771581467e-01    9.9456695476e-01
        57   -1.0545708172e+01    1.1156135129e+02   -2.2174748300e+01    1.1629040128e+01   -7.3601457675e+00    6.3735442642e-01   -2.6762895184e+00   -1.2775667440e+01    1.0423000000e+04    3.5149292733e-01    9.9490542189e-01
        58   -1.0571521251e+01    1.1216163643e+02   -2.2235423627e+01    1.1663902377e+01   -7.4759204423e+00    6.8013874959e-01   -2.6639744943e+00   -1.2775667440e+01    1.0383000000e+04    3.5278892367e-01    9.9455005146e-01
        59   -1.0547463158e+01    1.1163620898e+02   -2.2315384618e+01    1.1767921460e+01   -7.6022387307e+00    6.9739499542e-01   -2.6348734426e+00   -1.2775667440e+01    1.0347000000e+04    3.5251541000e-01    9.9441784479e-01
        60   -1.0505946678e+01    1.1076029707e+02   -2.2235388687e+01    1.1729442009e+01   -7.4528903116e+00    6.4827902294e-01   -2.6551099586e+00   -1.2775667440e+01    1.0311000000e+04    3.4931430733e-01    9.9472979774e-01
        61   -1.0510536903e+01    1.1084261057e+02   -2.2137967191e+01    1.1627430289e+01   -7.3807753323e+00    6.2485439929e-01   -2.6063788181e+00   -1.2775667440e+01    1.0286000000e+04    3.5046890500e-01    9.9409564949e-01
        62   -1.0521645462e+01    1.1113716960e+02   -2.2036755182e+01    1.1515109721e+01   -7.2749964872e+00    6.0467931825e-01   -2.5907705732e+00   -1.2775667440e+01    1.0207000000e+04    3.4614747967e-01    9.9462841554e-01
        63   -1.0504844426e+01    1.1072291943e+02   -2.2109641090e+01    1.1604796664e+01   -7.2490507580e+00    5.4986546517e-01   -2.6347883571e+00   -1.2775667440e+01    1.0227000000e+04    3.4930861400e-01    9.9454103637e-01
        64   -1.0524926569e+01    1.1116734344e+02   -2.2043041020e+01    1.1518114451e+01   -7.2219721364e+00    6.0266596087e-01   -2.6480674045e+00   -1.2775667440e+01    1.0259000000e+04    3.5056846733e-01    9.9464154001e-01
        65   -1.0522746932e+01    1.1110978221e+02   -2.1987338946e+01    1.1464592014e+01   -7.1950757326e+00    6.3119276048e-01   -2.6477885334e+00   -1.2775667440e+01    1.0267000000e+04    3.7267078167e-01    9.9477628372e-01
        66   -1.0515125850e+01    1.1093304500e+02   -2.2065445402e+01    1.1550319552e+01   -7.2648947083e+00    6.1621564302e-01   -2.6410988962e+00   -1.2775667440e+01    1.0225000000e+04    3.6139748967e-01    9.9445274299e-01
        67   -1.0532944061e+01    1.1128205322e+02   -2.2165742613e+01    1.1632798552e+01   -7.3844264923e+00    6.4900014125e-01   -2.6546488215e+00   -1.2775667440e+01    1.0185000000e+04    3.5507200800e-01    9.9472202842e-01
        68   -1.0540010427e+01    1.1147590575e+02   -2.1988713422e+01    1.1448702996e+01   -7.2257709703e+00    6.5348830813e-01   -2.6407633200e+00   -1.2775667440e+01    1.0279000000e+04    3.5222026333e-01    9.9496408187e-01
        69   -1.0540250739e+01    1.1147112478e+02   -2.1989108998e+01    1.1448858259e+01   -7.0947859356e+00    5.6829294615e-01   -2.6869485687e+00   -1.2775667440e+01    1.0288000000e+04    3.6185488567e-01    9.9492021599e-01
        70   -1.0525820496e+01    1.1120892464e+02   -2.1903119633e+01    1.1377299136e+01   -7.0391161161e+00    5.8644490923e-01   -2.6747809854e+00   -1.2775667440e+01    1.0265000000e+04    3.6480725567e-01    9.9475161199e-01
        71   -1.0509539808e+01    1.1082859778e+02   -2.1988630798e+01    1.1479090989e+01   -7.1224672852e+00    5.8050988772e-01   -2.6710059599e+00   -1.2775667440e+01    1.0288000000e+04    3.6411428333e-01    9.9485924088e-01
        72   -1.0508861515e+01    1.1082200943e+02   -2.1915170112e+01    1.1406308597e+01   -6.9806781510e+00    5.2629545102e-01   -2.6851199720e+00   -1.2775667440e+01    1.0297000000e+04    3.6678782800e-01    9.9463865694e-01
        73   -1.0506430044e+01    1.1074496437e+02   -2.1826119148e+01    1.1319689105e+01   -6.9508302992e+00    6.0615077550e-01   -2.7057721844e+00   -1.2775667440e+01    1.0151000000e+04    3.6302903100e-01    9.9471026226e-01
        74   -1.0528615906e+01    1.1121767288e+02   -2.1888316320e+01    1.1359700414e+01   -7.0470727623e+00    6.3392998819e-01   -2.6995061053e+00   -1.2775667440e+01    1.0089000000e+04    3.5820745000e-01    9.9450325482e-01
        75   -1.0531569995e+01    1.1128175742e+02   -2.2069659338e+01    1.1538089343e+01   -7.1862152699e+00    6.1121060750e-01   -2.7189872354e+00   -1.2775667440e+01    1.0064000000e+04    3.5993474133e-01    9.9501470882e-01
        76   -1.0537292378e+01    1.1141245034e+02   -2.2114346159e+01    1.1577053781e+01   -7.2223235037e+00    6.0433788686e-01   -2.7206931020e+00   -1.2775667440e+01    1.0126000000e+04    3.5905680533e-01    9.9500134481e-01
        77   -1.0549198198e+01    1.1164185482e+02   -2.2100365697e+01    1.1551167498e+01   -7.2460726435e+00    6.7169467097e-01   -2.7503202841e+00   -1.2775667440e+01    1.0123000000e+04    3.5994687600e-01    9.9395173020e-01
        78   -1.0535951467e+01    1.1138391110e+02   -2.2041801092e+01    1.1505849624e+01   -7.1610086554e+00    6.0737652788e-01   -2.7125015239e+00   -1.2775667440e+01    1.0107000000e+04    3.6201843467e-01    9.9477695812e-01
        79   -1.0524418607e+01    1.1111146641e+02   -2.2194884665e+01    1.1670466058e+01   -7.3301252146e+00    6.3306433078e-01   -2.7221563414e+00   -1.2775667440e+01    1.0183000000e+04    3.6485520900e-01    9.9504962210e-01
        80   -1.0553760961e+01    1.1173079404e+02   -2.2169138241e+01    1.1615377280e+01   -7.3441290886e+00    6.5638199773e-01   -2.7057237102e+00   -1.2775667440e+01    1.0297000000e+04    3.6744936933e-01    9.9444723821e-01
        81   -1.0537586643e+01    1.1140190029e+02   -2.2170015284e+01    1.1632428641e+01   -7.3130705581e+00    6.3348564117e-01   -2.7147629271e+00   -1.2775667440e+01    1.0244000000e+04    3.6711388100e-01    9.9450161809e-01
        82   -1.0534087359e+01    1.1135631403e+02   -2.2142043198e+01    1.1607955839e+01   -7.2583346794e+00    6.1289618921e-01   -2.7209372677e+00   -1.2775667440e+01    1.0154000000e+04    3.6369144800e-01    9.9478597973e-01
        83   -1.0532671913e+01    1.1127645890e+02   -2.2026577632e+01    1.1493905719e+01   -7.1668067966e+00    6.3393303456e-01   -2.7180364297e+00   -1.2775667440e+01    1.0087000000e+04    3.6139594100e-01    9.9458716048e-01
        84   -1.0527868089e+01    1.1122062956e+02   -2.1988871634e+01    1.1461003545e+01   -7.1878542811e+00    6.4109533051e-01   -2.6664452430e+00   -1.2775667440e+01    1.0118000000e+04    3.6276394433e-01    9.9459969821e-01
        85   -1.0488345191e+01    1.1039567423e+02   -2.2000999286e+01    1.1512654095e+01   -7.1966836226e+00    5.8815593278e-01   -2.6168041564e+00   -1.2775667440e+01    1.0162000000e+04    3.6312049433e-01    9.9477820365e-01
        86   -1.0516724332e+01    1.1098289792e+02   -2.2092970343e+01    1.1576246011e+01   -7.2640241277e+00    5.9841717429e-01   -2.6516959492e+00   -1.2775667440e+01    1.0238000000e+04    3.7197630600e-01    9.9457955900e-01
        87   -1.0541798348e+01    1.1150415432e+02   -2.2095823371e+01    1.1554025023e+01   -7.1348951923e+00    5.4542448833e-01   -2.7306852268e+00   -1.2775667440e+01    1.0242000000e+04    3.6648976233e-01    9.9461630045e-01
        88   -1.0535490679e+01    1.1134406093e+02   -2.2059427593e+01    1.1523936914e+01   -7.2437962219e+00    6.3901802925e-01   -2.6789819603e+00   -1.2775667440e+01    1.0113000000e+04    3.6646369833e-01    9.9503959279e-01
        89   -1.0536491536e+01    1.1135571392e+02   -2.2115572255e+01    1.1579080719e+01   -7.2392068088e+00    5.9011762602e-01   -2.6908156317e+00   -1.2775667440e+01    1.0088000000e+04    3.6599288367e-01    9.9465720950e-01
        90   -1.0527251128e+01    1.1118973696e+02   -2.2072429116e+01    1.1545177988e+01   -7.2697971256e+00    6.5740727900e-01   -2.6843718294e+00   -1.2775667440e+01    1.0115000000e+04    3.6682882733e-01    9.9488451013e-01
        91   -1.0526209453e+01    1.1122228043e+02   -2.1993164369e+01    1.1466954916e+01   -7.2791108314e+00    7.3433687397e-01   -2.6727229711e+00   -1.2775667440e+01    1.0130000000e+04    3.6538580633e-01    9.9479742499e-01
        92   -1.0512203589e+01    1.1089351872e+02   -2.2150016155e+01    1.1637812566e+01   -7.3446801007e+00    6.6191187990e-01   -2.6915804936e+00   -1.2775667440e+01    1.0201000000e+04    3.6749219533e-01    9.9495386070e-01
        93   -1.0542468305e+01    1.1150204751e+02   -2.2107528538e+01    1.1565060233e+01   -7.2218869329e+00    6.1310038259e-01   -2.7230745471e+00   -1.2775667440e+01    1.0188000000e+04    3.6811621500e-01    9.9499444299e-01
        94   -1.0538199213e+01    1.1142519762e+02   -2.1988836754e+01    1.1450637541e+01   -7.1590961383e+00    6.4631666989e-01   -2.7003898452e+00   -1.2775667440e+01    1.0202000000e+04    3.6839683567e-01    9.9489087228e-01
        95   -1.0546912458e+01    1.1161009109e+02   -2.2066341117e+01    1.1519428660e+01   -7.1955470811e+00    6.2027014033e-01   -2.7153967365e+00   -1.2775667440e+01    1.0117000000e+04    3.6280609300e-01    9.9497611227e-01
        96   -1.0521349009e+01    1.1109254057e+02   -2.2149132447e+01    1.1627783438e+01   -7.2833965476e+00    5.9956328269e-01   -2.6896317415e+00   -1.2775667440e+01    1.0031000000e+04    3.6115844633e-01    9.9494218533e-01
        97   -1.0524251051e+01    1.1157735867e+02   -2.2108194911e+01    1.1583943860e+01   -7.2893790639e+00    6.2645195873e-01   -2.6696003658e+00   -1.2775667440e+01    9.9880000000e+03    3.6020625167e-01    9.9459520170e-01
        98   -1.0528288406e+01    1.1121767765e+02   -2.2242272589e+01    1.1713984183e+01   -7.4212733046e+00    6.3604268091e-01   -2.6813745253e+00   -1.2775667440e+01    9.9700000000e+03    3.6137216833e-01    9.9418556775e-01
        99   -1.0530763752e+01    1.1128369652e+02   -2.2210900941e+01    1.1680137189e+01   -7.4168817861e+00    6.7554106083e-01   -2.6938927756e+00   -1.2775667440e+01    9.9570000000e+03    3.6036083567e-01    9.9466283861e-01
       100   -1.0523409136e+01    1.1117326202e+02   -2.1989001959e+01    1.1465592823e+01   -7.2413187134e+00    7.1766560617e-01   -2.6896814116e+00   -1.2775667440e+01    1.0016000000e+04    3.6332359333e-01    9.9485512596e-01
       101   -1.0544435622e+01    1.1155761120e+02   -2.2121559334e+01    1.1577123713e+01   -7.3143450144e+00    6.6162635197e-01   -2.6931732316e+00   -1.2775667440e+01    1.0034000000e+04    3.6097778967e-01    9.9436574525e-01
       102   -1.0526866617e+01    1.1120720506e+02   -2.2119873772e+01    1.1593007155e+01   -7.2786989845e+00    6.1726735673e-01   -2.6827747038e+00   -1.2775667440e+01    1.0073000000e+04    3.6330807600e-01    9.9523665552e-01
       103   -1.0496972177e+01    1.1059470440e+02   -2.2163402284e+01    1.1666430106e+01   -7.3315725300e+00    6.3968425392e-01   -2.6958465675e+00   -1.2775667440e+01    1.0056000000e+04    3.6340695433e-01    9.9479130671e-01
       104   -1.0516151027e+01    1.1096047034e+02   -2.1994584322e+01    1.1478433295e+01   -7.1855639961e+00    6.6942660178e-01   -2.7027794875e+00   -1.2775667440e+01    1.0044000000e+04    3.6148688033e-01    9.9516299736e-01
       105   -1.0509601734e+01    1.1085213084e+02   -2.2014666135e+01    1.1505064401e+01   -7.2047659869e+00    6.6223113879e-01   -2.6964638465e+00   -1.2775667440e+01    9.9640000000e+03    3.5796829833e-01    9.9459600070e-01
       106   -1.0514867612e+01    1.1098562784e+02   -2.2120517183e+01    1.1605649571e+01   -7.3435265072e+00    6.0534149527e-01   -2.6066647314e+00   -1.2775667440e+01    9.9790000000e+03    3.5666091233e-01    9.9475743021e-01
       107   -1.0523845596e+01    1.1113698982e+02   -2.2063351711e+01    1.1539506114e+01   -7.3241998769e+00    6.3619779960e-01   -2.5996821933e+00   -1.2775667440e+01    9.9850000000e+03    3.5809019700e-01    9.9490911273e-01
       108   -1.0524217009e+01    1.1115816872e+02   -2.2054213886e+01    1.1529996877e+01   -7.3297228027e+00    6.5635290382e-01   -2.6051765471e+00   -1.2775667440e+01    9.8940000000e+03    3.5387758700e-01    9.9476324291e-01
       109   -1.0542454001e+01    1.1152024264e+02   -2.2024187866e+01    1.1481733865e+01   -7.2591332166e+00    6.3833405922e-01   -2.6277212685e+00   -1.2775667440e+01    9.8330000000e+03    3.5399642300e-01    9.9430290735e-01
       110   -1.0550171724e+01    1.1169405687e+02   -2.1939767403e+01    1.1389595679e+01   -7.2423435160e+00    7.3639584134e-01   -2.6581522881e+00   -1.2775667440e+01    9.9160000000e+03    3.5570585167e-01    9.9518011893e-01
       111   -1.0538478127e+01    1.1143346881e+02   -2.2058032292e+01    1.1519554165e+01   -7.2412661021e+00    6.3553458296e-01   -2.6766333324e+00   -1.2775667440e+01    9.8880000000e+03    3.5533066733e-01    9.9465853799e-01
       112   -1.0549149829e+01    1.1166590709e+02   -2.2092490026e+01    1.1543340197e+01   -7.2093100675e+00    6.0148366116e-01   -2.7089961796e+00   -1.2775667440e+01    9.8600000000e+03    3.5102603967e-01    9.9439350746e-01
       113   -1.0549156778e+01    1.1161811553e+02   -2.2200790952e+01    1.1651634174e+01   -7.3117690961e+00    5.9423784491e-01   -2.7075922604e+00   -1.2775667440e+01    9.8190000000e+03    3.5255295767e-01    9.9437906240e-01
       114   -1.0561124016e+01    1.1191097866e+02   -2.2223396712e+01    1.1662272696e+01   -7.3326102341e+00    5.8250305375e-01   -2.6976220910e+00   -1.2775667440e+01    9.8660000000e+03    3.5323365233e-01    9.9502630832e-01
       115   -1.0546331847e+01    1.1161305138e+02   -2.2165405872e+01    1.1619074024e+01   -7.3240804065e+00    6.0515830914e-01   -2.6708163340e+00   -1.2775667440e+01    1.0030000000e+04    3.5605036833e-01    9.9466998193e-01
       116   -1.0557896562e+01    1.1183740744e+02   -2.2175805797e+01    1.1617909235e+01   -7.2480279492e+00    5.8324616709e-01   -2.7353565743e+00   -1.2775667440e+01    1.0121000000e+04    3.6060086567e-01    9.9499436399e-01
       117   -1.0536782469e+01    1.1139662251e+02   -2.2109141392e+01    1.1572358923e+01   -7.2364502844e+00    6.4240042448e-01   -2.7394240923e+00   -1.2775667440e+01    1.0250000000e+04    3.6522733400e-01    9.9485941183e-01
       118   -1.0532051707e+01    1.1128018067e+02   -2.1908713695e+01    1.1376661988e+01   -7.0781677414e+00    6.5012333172e-01   -2.7050018449e+00   -1.2775667440e+01    1.0315000000e+04    3.6882468200e-01    9.9499490247e-01
       119   -1.0525238518e+01    1.1113303215e+02   -2.2016129712e+01    1.1490891193e+01   -7.2263740928e+00    6.8034958169e-01   -2.6944377605e+00   -1.2775667440e+01    1.0319000000e+04    3.7060650767e-01    9.9457268046e-01
       120   -1.0518062822e+01    1.1102459585e+02   -2.2190711784e+01    1.1672648962e+01   -7.2974953704e+00    6.0029546452e-01   -2.7178444383e+00   -1.2775667440e+01    1.0390000000e+04    3.7409463367e-01    9.9526689802e-01
       121   -1.0508926448e+01    1.1081633784e+02   -2.1933269107e+01    1.1424342659e+01   -7.1092733132e+00    6.1611729631e-01   -2.6644456494e+00   -1.2775667440e+01    1.0409000000e+04    3.7215137467e-01    9.9494635370e-01
       122   -1.0543037084e+01    1.1154742271e+02   -2.1989946829e+01    1.1446909745e+01   -7.2259629125e+00    6.8376899964e-01   -2.6720854755e+00   -1.2775667440e+01    1.0370000000e+04    3.6949822333e-01    9.9462377191e-01
       123   -1.0514699464e+01    1.1106428418e+02   -2.1960751478e+01    1.1446052014e+01   -7.1840334138e+00    6.5396542333e-01   -2.6550160469e+00   -1.2775667440e+01    1.0501000000e+04    3.7623517133e-01    9.9509001918e-01
       124   -1.0542601744e+01    1.1154907657e+02   -2.2026971746e+01    1.1484370002e+01   -7.1837393961e+00    6.1609247286e-01   -2.6836573823e+00   -1.2775667440e+01    1.0550000000e+04    3.7751885433e-01    9.9481914748e-01
       125   -1.0535135858e+01    1.1135932046e+02   -2.2045864689e+01    1.1510728831e+01   -7.1800658183e+00    6.0516943533e-01   -2.6953008662e+00   -1.2775667440e+01    1.0594000000e+04    3.7693961567e-01    9.9470264857e-01
       126   -1.0539804300e+01    1.1147133266e+02   -2.1925439868e+01    1.1385635569e+01   -7.0524520526e+00    5.8223455175e-01   -2.6795549274e+00   -1.2775667440e+01    1.0596000000e+04    3.7740990567e-01    9.9481970366e-01
       127   -1.0554507864e+01    1.1180534103e+02   -2.1994545209e+01    1.1440037345e+01   -7.1352503132e+00    5.9926839273e-01   -2.6828958481e+00   -1.2775667440e+01    1.0574000000e+04    3.7668315500e-01    9.9443484359e-01
       128   -1.0534700156e+01    1.1137137663e+02   -2.2057990806e+01    1.1523290650e+01   -7.1754787526e+00    5.9644083614e-01   -2.7032854491e+00   -1.2775667440e+01    1.0530000000e+04    3.8005720867e-01    9.9444445762e-01
       129   -1.0514265517e+01    1.1095123986e+02   -2.2155715068e+01    1.1641449552e+01   -7.2531919158e+00    5.5561980412e-01   -2.6824755164e+00   -1.2775667440e+01    1.0493000000e+04    3.7337805700e-01    9.9479648978e-01
       130   -1.0499772340e+01    1.1062272354e+02   -2.2128476234e+01    1.1628703894e+01   -7.3047285844e+00    5.9420558457e-01   -2.6422857941e+00   -1.2775667440e+01    1.0506000000e+04    3.7317620633e-01    9.9471774414e-01
       131   -1.0501734836e+01    1.1066433218e+02   -2.2139674674e+01    1.1637939838e+01   -7.2974370352e+00    6.1202329004e-01   -2.6785934890e+00   -1.2775667440e+01    1.0409000000e+04    3.7100588767e-01    9.9451831478e-01
       132   -1.0522754213e+01    1.1116685264e+02   -2.2164937844e+01    1.1642183630e+01   -7.4107516323e+00    6.8898275820e-01   -2.6675015295e+00   -1.2775667440e+01    1.0290000000e+04    3.6590087067e-01    9.9459826268e-01
       133   -1.0528147261e+01    1.1121719006e+02   -2.2348210577e+01    1.1820063317e+01   -7.5327927384e+00    6.2633663621e-01   -2.6660870347e+00   -1.2775667440e+01    1.0271000000e+04    3.6485586600e-01    9.9459636409e-01
       134   -1.0537877750e+01    1.1141263379e+02   -2.2247716117e+01    1.1709838368e+01   -7.4227161380e+00    6.3967523624e-01   -2.6890077752e+00   -1.2775667440e+01    1.0165000000e+04    3.6160645067e-01    9.9480862309e-01
       135   -1.0525459853e+01    1.1116908286e+02   -2.2198064874e+01    1.1672605021e+01   -7.4127045945e+00    6.8176813057e-01   -2.6914609695e+00   -1.2775667440e+01    1.0113000000e+04    3.5831243400e-01    9.9486722283e-01
       136   -1.0545586442e+01    1.1160532631e+02   -2.2193064310e+01    1.1647477869e+01   -7.3924684719e+00    6.8146172483e-01   -2.7063901230e+00   -1.2775667440e+01    1.0160000000e+04    3.6202624700e-01    9.9453776653e-01
       137   -1.0536206166e+01    1.1135627714e+02   -2.2104820588e+01    1.1568614422e+01   -7.2125687960e+00    6.4699729084e-01   -2.7635816426e+00   -1.2775667440e+01    1.0127000000e+04    3.5920122033e-01    9.9471809906e-01
       138   -1.0539576883e+01    1.1144612032e+02   -2.1972963658e+01    1.1433386775e+01   -7.0595289601e+00    5.9374447468e-01   -2.7315117325e+00   -1.2775667440e+01    1.0092000000e+04    3.5838150733e-01    9.9473912074e-01
       139   -1.0524843181e+01    1.1114279620e+02   -2.1828314977e+01    1.1303471796e+01   -6.9509360614e+00    5.8191347132e-01   -2.6836249464e+00   -1.2775667440e+01    1.0035000000e+04    3.5913740033e-01    9.9499731151e-01
       140   -1.0505259375e+01    1.1073251098e+02   -2.1922633083e+01    1.1417373709e+01   -7.0796582711e+00    6.2180522099e-01   -2.6891125929e+00   -1.2775667440e+01    9.9680000000e+03    3.5339504533e-01    9.9502216263e-01
       141   -1.0525904174e+01    1.1117350365e+02   -2.2088354496e+01    1.1562450322e+01   -7.2405426623e+00    6.3836832290e-01   -2.7105127161e+00   -1.2775667440e+01    1.0023000000e+04    3.5586575733e-01    9.9441156531e-01
       142   -1.0531897148e+01    1.1128762203e+02   -2.2119534344e+01    1.1587637196e+01   -7.2306843789e+00    5.7936120149e-01   -2.6925437266e+00   -1.2775667440e+01    1.0048000000e+04    3.5774184700e-01    9.9403701260e-01
       143   -1.0516653455e+01    1.1097496227e+02   -2.2016230396e+01    1.1499576942e+01   -7.1662141173e+00    6.1387872189e-01   -2.6882275607e+00   -1.2775667440e+01    1.0081000000e+04    3.5846777700e-01    9.9483880539e-01
       144   -1.0527969682e+01    1.1121707797e+02   -2.1939955677e+01    1.1411985996e+01   -7.0667381732e+00    6.0348873904e-01   -2.7010388030e+00   -1.2775667440e+01    1.0145000000e+04    3.6119207167e-01    9.9508138078e-01
       145   -1.0539349556e+01    1.1149226105e+02   -2.1983447251e+01    1.1444097696e+01   -7.0859727602e+00    5.8882109910e-01   -2.7106281502e+00   -1.2775667440e+01    1.0208000000e+04    3.6214624267e-01    9.9519574077e-01
       146   -1.0541926510e+01    1.1151414699e+02   -2.2137662042e+01    1.1595735532e+01   -7.2537557302e+00    5.7936319830e-01   -2.6876020700e+00   -1.2775667440e+01    1.0331000000e+04    3.6559353933e-01    9.9425885542e-01
       147   -1.0530990573e+01    1.1142891233e+02   -2.2140067100e+01    1.1609076527e+01   -7.2813852315e+00    6.0017277338e-01   -2.6831872020e+00   -1.2775667440e+01    1.0345000000e+04    3.6801775667e-01    9.9496275689e-01
       148   -1.0544632933e+01    1.1158295516e+02   -2.2040294093e+01    1.1495661160e+01   -7.1270405922e+00    5.4018511641e-01   -2.6777711772e+00   -1.2775667440e+01    1.0279000000e+04    3.6768591400e-01    9.9436245099e-01
       149   -1.0543193074e+01    1.1152370440e+02   -2.1915640857e+01    1.1372447783e+01   -7.0381048019e+00    5.7567509548e-01   -2.6775437101e+00   -1.2775667440e+01    1.0261000000e+04    3.6705575000e-01    9.9488032156e-01
       150   -1.0523256077e+01    1.1108506657e+02   -2.2038665678e+01    1.1515409602e+01   -7.2317377463e+00    6.2692201771e-01   -2.6581825097e+00   -1.2775667440e+01    1.0244000000e+04    3.6518551600e-01    9.9452198998e-01
       151   -1.0523855040e+01    1.1110636921e+02   -2.2077359744e+01    1.1553504704e+01   -7.1939715484e+00    5.2324086885e-01   -2.6309616241e+00   -1.2775667440e+01    1.0277000000e+04    3.6510887100e-01    9.9490180761e-01
       152   -1.0523218097e+01    1.1113146823e+02   -2.2035325203e+01    1.1512107106e+01   -7.1165019710e+00    5.3228561583e-01   -2.6754414077e+00   -1.2775667440e+01    1.0284000000e+04    3.6490210067e-01    9.9505461829e-01
       153   -1.0545354704e+01    1.1156877228e+02   -2.1985335622e+01    1.1439980918e+01   -7.1558227911e+00    5.9975769512e-01   -2.6536030860e+00   -1.2775667440e+01    1.0250000000e+04    3.6405486300e-01    9.9513477337e-01
       154   -1.0534395443e+01    1.1134847659e+02   -2.2043848811e+01    1.1509453368e+01   -7.2257212394e+00    6.6614412126e-01   -2.7086042526e+00   -1.2775667440e+01    1.0315000000e+04    3.6603298400e-01    9.9468742364e-01
       155   -1.0541798665e+01    1.1150263612e+02   -2.2360903103e+01    1.1819104438e+01   -7.5342526487e+00    6.5478672572e-01   -2.7057697396e+00   -1.2775667440e+01    1.0362000000e+04    3.6965663033e-01    9.9463149948e-01
       156   -1.0531782371e+01    1.1130598725e+02   -2.2462799878e+01    1.1931017507e+01   -7.7141415333e+00    6.5956493681e-01   -2.6325558409e+00   -1.2775667440e+01    1.0323000000e+04    3.6782923900e-01    9.9505068480e-01
       157   -1.0540600158e+01    1.1149288915e+02   -2.2316023226e+01    1.1775423068e+01   -7.6112137906e+00    7.0124741659e-01   -2.6303894115e+00   -1.2775667440e+01    1.0206000000e+04    3.6545530067e-01    9.9515531060e-01
       158   -1.0548462083e+01    1.1166249504e+02   -2.2252150195e+01    1.1703688112e+01   -7.4967207993e+00    6.3981580691e-01   -2.6195777623e+00   -1.2775667440e+01    1.0236000000e+04    3.6402269967e-01    9.9455909816e-01
       159   -1.0518810071e+01    1.1103188857e+02   -2.2150462481e+01    1.1631652410e+01   -7.3219393528e+00    5.6421321911e-01   -2.6170689073e+00   -1.2775667440e+01    1.0249000000e+04    3.6560898800e-01    9.9439596048e-01
       160   -1.0513720678e+01    1.1089608557e+02   -2.2097331740e+01    1.1583611062e+01   -7.3069470487e+00    6.3333255510e-01   -2.6480498059e+00   -1.2775667440e+01    1.0199000000e+04    3.6359233100e-01    9.9471809254e-01
       161   -1.0523822108e+01    1.1112216390e+02   -2.2081741870e+01    1.1557919762e+01   -7.2682183551e+00    6.3678183979e-01   -2.6746379140e+00   -1.2775667440e+01    1.0154000000e+04    3.6409905400e-01    9.9505346878e-01
       162   -1.0509308762e+01    1.1082289278e+02   -2.1981313764e+01    1.1472005002e+01   -7.1570028894e+00    5.9541811657e-01   -2.6440615511e+00   -1.2775667440e+01    1.0120000000e+04    3.5696599067e-01    9.9456531468e-01
       163   -1.0542740934e+01    1.1149868025e+02   -2.2099285847e+01    1.1556544913e+01   -7.3233781900e+00    6.7350098745e-01   -2.6737412044e+00   -1.2775667440e+01    1.0111000000e+04    3.5831824333e-01    9.9449872032e-01
       164   -1.0540135413e+01    1.1150064270e+02   -2.2210159148e+01    1.1670023735e+01   -7.3530719300e+00    6.0828301870e-01   -2.6897027966e+00   -1.2775667440e+01    1.0094000000e+04    3.5819710700e-01    9.9462425407e-01
       165   -1.0532434339e+01    1.1131463030e+02   -2.2155241870e+01    1.1622807531e+01   -7.3060866060e+00    6.1843599172e-01   -2.6919238155e+00   -1.2775667440e+01    1.0123000000e+04    3.5833428067e-01    9.9450444281e-01
       166   -1.0542182194e+01    1.1156494602e+02   -2.2058339221e+01    1.1516157027e+01   -7.1770290482e+00    5.8769769792e-01   -2.6933404306e+00   -1.2775667440e+01    1.0154000000e+04    3.6033212467e-01    9.9485112664e-01
       167   -1.0547340001e+01    1.1165887744e+02   -2.2181501752e+01    1.1634161750e+01   -7.2813235370e+00    5.7789243376e-01   -2.7024032081e+00   -1.2775667440e+01    1.0285000000e+04    3.6511980167e-01    9.9473235970e-01
       168   -1.0535493321e+01    1.1136502750e+02   -2.2053061378e+01    1.1517568057e+01   -7.2741756808e+00    6.6913991095e-01   -2.6723581681e+00   -1.2775667440e+01    1.0380000000e+04    3.6862029500e-01    9.9474155000e-01
       169   -1.0518871043e+01    1.1103589572e+02   -2.2025730329e+01    1.1506859285e+01   -7.2472422518e+00    6.0667671208e-01   -2.6094973487e+00   -1.2775667440e+01    1.0478000000e+04    3.7493091133e-01    9.9449921641e-01
       170   -1.0512152031e+01    1.1090574750e+02   -2.2171010681e+01    1.1658858650e+01   -7.4688708833e+00    6.5711743603e-01   -2.5835897933e+00   -1.2775667440e+01    1.0434000000e+04    3.7238092767e-01    9.9496188489e-01
       171   -1.0497583384e+01    1.1058883196e+02   -2.2190817877e+01    1.1693234494e+01   -7.4924791778e+00    6.4398014957e-01   -2.5666514088e+00   -1.2775667440e+01    1.0305000000e+04    3.6602989500e-01    9.9439138540e-01
       172   -1.0493803913e+01    1.1055852291e+02   -2.2257162167e+01    1.1763358254e+01   -7.5049533821e+00    6.2651400497e-01   -2.6030553498e+00   -1.2775667440e+01    1.0219000000e+04    3.6131499600e-01    9.9497173742e-01
       173   -1.0499204643e+01    1.1062526723e+02   -2.2162350709e+01    1.1663146067e+01   -7.2808050003e+00    5.3774411015e-01   -2.6436223789e+00   -1.2775667440e+01    1.0332000000e+04    3.6691369367e-01    9.9502029905e-01
       174   -1.0501253164e+01    1.1065369444e+02   -2.2249272106e+01    1.1748018942e+01   -7.4182135939e+00    6.0775439401e-01   -2.6631454662e+00   -1.2775667440e+01    1.0317000000e+04    3.6566189000e-01    9.9458969670e-01
       175   -1.0507400790e+01    1.1079083744e+02   -2.2088861349e+01    1.1581460560e+01   -7.3582092505e+00    6.5886233508e-01   -2.6138469934e+00   -1.2775667440e+01    1.0258000000e+04    3.6374800700e-01    9.9461337374e-01
       176   -1.0513030702e+01    1.1089764661e+02   -2.2068985425e+01    1.1555954723e+01   -7.2835412099e+00    6.2978712554e-01   -2.6395639006e+00   -1.2775667440e+01    1.0267000000e+04    3.6379215867e-01    9.9465969757e-01
       177   -1.0520751670e+01    1.1108173427e+02   -2.2163829689e+01    1.1643078020e+01   -7.3847056555e+00    6.4984286678e-01   -2.6532994602e+00   -1.2775667440e+01    1.0228000000e+04    3.6153653767e-01    9.9459562750e-01
       178   -1.0531034434e+01    1.1125204057e+02   -2.2218850404e+01    1.1687815970e+01   -7.3937067232e+00    6.6595485173e-01   -2.7154310927e+00   -1.2775667440e+01    1.0250000000e+04    3.6226536967e-01    9.9482767874e-01
       179   -1.0522804464e+01    1.1112534554e+02   -2.2268873225e+01    1.1746068761e+01   -7.4499030479e+00    6.3049902515e-01   -2.6738017616e+00   -1.2775667440e+01    1.0306000000e+04    3.6735417733e-01    9.9454154661e-01
       180   -1.0519198289e+01    1.1103746672e+02   -2.2333312067e+01    1.1814113778e+01   -7.5366818308e+00    5.9142396164e-01   -2.6123867578e+00   -1.2775667440e+01    1.0305000000e+04    3.6437929000e-01    9.9490303713e-01
       181   -1.0515400471e+01    1.1095008816e+02   -2.2276291008e+01    1.1760890537e+01   -7.4403807217e+00    5.6956997600e-01   -2.6298128218e+00   -1.2775667440e+01    1.0269000000e+04    3.6411599933e-01    9.9416125537e-01
       182   -1.0538280194e+01    1.1142393259e+02   -2.2252397719e+01    1.1714117526e+01   -7.4095176003e+00    5.8289207095e-01   -2.6501047497e+00   -1.2775667440e+01    1.0308000000e+04    3.6616123433e-01    9.9481959057e-01
       183   -1.0502862665e+01    1.1068361270e+02   -2.2167532353e+01    1.1664669688e+01   -7.4049070219e+00    6.3702274958e-01   -2.6239806404e+00   -1.2775667440e+01    1.0358000000e+04    3.7053167000e-01    9.9502428919e-01
       184   -1.0516402589e+01    1.1097243457e+02   -2.2176607728e+01    1.1660205140e+01   -7.4829876444e+00    6.9923981778e-01   -2.6171924616e+00   -1.2775667440e+01    1.0335000000e+04    3.6630226367e-01    9.9450048817e-01
       185   -1.0512064379e+01    1.1088964489e+02   -2.2234846139e+01    1.1722781760e+01   -7.5912525538e+00    7.4567293800e-01   -2.6135990831e+00   -1.2775667440e+01    1.0300000000e+04    3.6346110667e-01    9.9450296876e-01
       186   -1.0532993718e+01    1.1134195812e+02   -2.2326048951e+01    1.1793055233e+01   -7.6105982381e+00    6.6617072126e-01   -2.6059539938e+00   -1.2775667440e+01    1.0300000000e+04    3.6388580033e-01    9.9441517741e-01
       187   -1.0515447072e+01    1.1096232258e+02   -2.2293360091e+01    1.1777913019e+01   -7.5507035481e+00    6.3943108536e-01   -2.6064201884e+00   -1.2775667440e+01    1.0266000000e+04    3.6407608167e-01    9.9467142369e-01
       188   -1.0515341416e+01    1.1097038967e+02   -2.2202515981e+01    1.1687174564e+01   -7.4497390230e+00    6.2664262932e-01   -2.6037521467e+00   -1.2775667440e+01    1.0306000000e+04    3.6441699333e-01    9.9372258933e-01
       189   -1.0494546829e+01    1.1053413322e+02   -2.2066696649e+01    1.1572149820e+01   -7.4064254962e+00    6.8333658211e-01   -2.5679402946e+00   -1.2775667440e+01    1.0308000000e+04    3.6786199433e-01    9.9440288338e-01
       190   -1.0504035428e+01    1.1075965108e+02   -2.2063171154e+01    1.1559135726e+01   -7.3443794617e+00    6.5964996760e-01   -2.6027742193e+00   -1.2775667440e+01    1.0199000000e+04    3.5974214067e-01    9.9479689016e-01
       191   -1.0519642337e+01    1.1104694629e+02   -2.2172988926e+01    1.1653346589e+01   -7.4236712142e+00    6.5761842866e-01   -2.6312687006e+00   -1.2775667440e+01    1.0186000000e+04    3.6057631133e-01    9.9472950309e-01
       192   -1.0525695358e+01    1.1119389578e+02   -2.2116282450e+01    1.1590587092e+01   -7.3545766375e+00    6.5334520483e-01   -2.6393835775e+00   -1.2775667440e+01    1.0290000000e+04    3.6337416433e-01    9.9501643237e-01
       193   -1.0526458967e+01    1.1117568347e+02   -2.1909002063e+01    1.1382543096e+01   -7.0537926599e+00    5.6801230938e-01   -2.6475542723e+00   -1.2775667440e+01    1.0354000000e+04    3.6652594200e-01    9.9485643100e-01
       194   -1.0524451747e+01    1.1114006482e+02   -2.1839448469e+01    1.1314996723e+01   -7.0516289678e+00    6.0193180332e-01   -2.6140838646e+00   -1.2775667440e+01    1.0266000000e+04    3.6498223233e-01    9.9487939053e-01
       195   -1.0516103702e+01    1.1097687288e+02   -2.1982012243e+01    1.1465908541e+01   -7.2236113077e+00    5.9697160756e-01   -2.5797051024e+00   -1.2775667440e+01    1.0190000000e+04    3.6011172033e-01    9.9510849057e-01
       196   -1.0525132247e+01    1.1118650682e+02   -2.2025153964e+01    1.1500021717e+01   -7.3037380643e+00    6.3356242366e-01   -2.5793108836e+00   -1.2775667440e+01    1.0264000000e+04    3.6483549067e-01    9.9431534719e-01
       197   -1.0533686130e+01    1.1139128092e+02   -2.2171205749e+01    1.1637519620e+01   -7.3719618301e+00    6.1635349591e-01   -2.6399299749e+00   -1.2775667440e+01    1.0404000000e+04    3.6839226400e-01    9.9468501199e-01
       198   -1.0532516536e+01    1.1131668149e+02   -2.2319324002e+01    1.1786807466e+01   -7.5571861189e+00    6.6005061909e-01   -2.6465210621e+00   -1.2775667440e+01    1.0365000000e+04    3.6528702567e-01    9.9451727417e-01
       199   -1.0522976510e+01    1.1109789737e+02   -2.2229388879e+01    1.1706412369e+01   -7.4381617212e+00    6.3141113742e-01   -2.6469708548e+00   -1.2775667440e+01    1.0284000000e+04    3.6696789300e-01    9.9490938474e-01
