#   index    LocalEnergy         LocalEnergy_sq      LocalPotential      Kinetic             LocalECP            NonLocalECP         ElecElec            IonIon              BlockWeight         BlockCPU            AcceptRatio         
         0   -1.0487069946e+01    1.1033770058e+02   -2.2025655428e+01    1.1538585482e+01   -6.9658820674e+00    5.5888742339e-01   -2.8429933442e+00   -1.2775667440e+01    6.0000000000e+01    1.7060721667e-03    7.6597222222e-01
         1   -1.0565309425e+01    1.1191178458e+02   -2.1785303907e+01    1.1219994482e+01   -6.7472392554e+00    5.9153484155e-01   -2.8539320530e+00   -1.2775667440e+01    6.0000000000e+01    1.6679194167e-03    7.6805555556e-01
         2   -1.0458283830e+01    1.0960223494e+02   -2.2113407734e+01    1.1655123903e+01   -7.3645287152e+00    4.7557456506e-01   -2.4487861433e+00   -1.2775667440e+01    6.0000000000e+01    1.6639597500e-03    7.8333333333e-01
         3   -1.0465474732e+01    1.0984280674e+02   -2.1762684931e+01    1.1297210199e+01   -6.6886071704e+00    4.5122904736e-01   -2.7496393675e+00   -1.2775667440e+01    6.0000000000e+01    1.6749721667e-03    7.6111111111e-01
         4   -1.0497518836e+01    1.1112089384e+02   -2.1877158131e+01    1.1379639295e+01   -6.4362503344e+00    2.9819844884e-01   -2.9634388048e+00   -1.2775667440e+01    6.0000000000e+01    1.6528912500e-03    7.7430555556e-01
         5   -1.0455046818e+01    1.0969977364e+02   -2.2257705858e+01    1.1802659040e+01   -7.4671902591e+00    5.9437757574e-01   -2.6092257342e+00   -1.2775667440e+01    6.0000000000e+01    1.6546663333e-03    7.6805555556e-01
         6   -1.0449461153e+01    1.0951486979e+02   -2.2361370820e+01    1.1911909667e+01   -7.7739263314e+00    6.9260275732e-01   -2.5043798055e+00   -1.2775667440e+01    6.0000000000e+01    1.6797635833e-03    7.5833333333e-01
         7   -1.0635505468e+01    1.1363744782e+02   -2.2632184832e+01    1.1996679364e+01   -8.3320325742e+00    8.1389203736e-01   -2.3383768546e+00   -1.2775667440e+01    6.0000000000e+01    1.6564177500e-03    7.4861111111e-01
         8   -1.0505992940e+01    1.1064781774e+02   -2.1506891677e+01    1.1000898737e+01   -6.9567928635e+00    1.0456965286e+00   -2.8201279023e+00   -1.2775667440e+01    6.0000000000e+01    1.6532860833e-03    7.6805555556e-01
         9   -1.0583745770e+01    1.1228221711e+02   -2.2513679465e+01    1.1929933695e+01   -7.7150560500e+00    5.9389179882e-01   -2.6168477732e+00   -1.2775667440e+01    6.0000000000e+01    1.7421497500e-03    7.5833333333e-01
        10   -1.0588321342e+01    1.1234871439e+02   -2.2550802254e+01    1.1962480911e+01   -7.8787485079e+00    6.8126092365e-01   -2.5776472291e+00   -1.2775667440e+01    6.0000000000e+01    1.6975614167e-03    7.4375000000e-01
        11   -1.0538348433e+01    1.1169004549e+02   -2.2359454528e+01    1.1821106095e+01   -7.7208065188e+00    9.3331818083e-01   -2.7962987493e+00   -1.2775667440e+01    6.0000000000e+01    1.7123846667e-03    7.5972222222e-01
        12   -1.0416040322e+01    1.0889791989e+02   -2.2075022582e+01    1.1658982259e+01   -7.6073313980e+00    8.5162884995e-01   -2.5436525935e+00   -1.2775667440e+01    6.0000000000e+01    1.7182498333e-03    7.4791666667e-01
        13   -1.0474683107e+01    1.1000310312e+02   -2.1027127872e+01    1.0552444766e+01   -5.9207833327e+00    4.6115377175e-01   -2.7918308713e+00   -1.2775667440e+01    6.0000000000e+01    1.7105070000e-03    7.7500000000e-01
        14   -1.0574598016e+01    1.1223424344e+02   -2.1774629466e+01    1.1200031450e+01   -6.5008044254e+00    3.9064756888e-01   -2.8888051691e+00   -1.2775667440e+01    6.0000000000e+01    1.7542150833e-03    7.7361111111e-01
        15   -1.0489226390e+01    1.1040393820e+02   -2.1849165045e+01    1.1359938655e+01   -6.8274531416e+00    5.9957198522e-01   -2.8456164483e+00   -1.2775667440e+01    6.0000000000e+01    1.7240102500e-03    7.7777777778e-01
        16   -1.0464720091e+01    1.0980420079e+02   -2.1746912249e+01    1.1282192158e+01   -6.9349063839e+00    4.0901975895e-01   -2.4453581840e+00   -1.2775667440e+01    6.0000000000e+01    1.7219240000e-03    7.6319444444e-01
        17   -1.0502438641e+01    1.1061161243e+02   -2.1640689593e+01    1.1138250952e+01   -7.0489301685e+00    9.1608696615e-01   -2.7321789504e+00   -1.2775667440e+01    6.0000000000e+01    1.7198614167e-03    7.6944444444e-01
        18   -1.0463584611e+01    1.0979958030e+02   -2.3469516126e+01    1.3005931515e+01   -9.0222251741e+00    7.3268628096e-01   -2.4043097928e+00   -1.2775667440e+01    6.0000000000e+01    1.7214128333e-03    7.4097222222e-01
        19   -1.0549161691e+01    1.1161598500e+02   -2.2152484226e+01    1.1603322535e+01   -7.2564746570e+00    5.2810519084e-01   -2.6484473195e+00   -1.2775667440e+01    6.0000000000e+01    1.7386262500e-03    7.6458333333e-01
        20   -1.0325025009e+01    1.0697882183e+02   -2.1758965620e+01    1.1433940611e+01   -7.4758085471e+00    6.6001239246e-01   -2.1675020251e+00   -1.2775667440e+01    6.0000000000e+01    1.7140620833e-03    7.6319444444e-01
        21   -1.0421473802e+01    1.0892562495e+02   -2.3409013838e+01    1.2987540036e+01   -8.4567992069e+00    4.5385305127e-01   -2.6304002423e+00   -1.2775667440e+01    6.0000000000e+01    1.6847038333e-03    7.4444444444e-01
        22   -1.0486116052e+01    1.1030112300e+02   -2.2281965703e+01    1.1795849651e+01   -7.8208994600e+00    8.4802022224e-01   -2.5334190248e+00   -1.2775667440e+01    6.0000000000e+01    1.7164390833e-03    7.4375000000e-01
        23   -1.0478402853e+01    1.1033035729e+02   -2.2085344109e+01    1.1606941256e+01   -7.4688309840e+00    7.7549950862e-01   -2.6163451936e+00   -1.2775667440e+01    6.0000000000e+01    1.7251538333e-03    7.4791666667e-01
        24   -1.0614256033e+01    1.1305335982e+02   -2.1390193551e+01    1.0775937517e+01   -7.4237564167e+00    1.1796231627e+00   -2.3703928567e+00   -1.2775667440e+01    6.0000000000e+01    1.7230753333e-03    7.7361111111e-01
        25   -1.0489526460e+01    1.1031478509e+02   -2.0972116216e+01    1.0482589757e+01   -5.7831089416e+00    4.2076020191e-01   -2.8341000363e+00   -1.2775667440e+01    6.0000000000e+01    1.7033485000e-03    7.7430555556e-01
        26   -1.0358790380e+01    1.0808002103e+02   -2.1747758126e+01    1.1388967746e+01   -6.8494918558e+00    3.9483106610e-01   -2.5174298963e+00   -1.2775667440e+01    6.0000000000e+01    1.7013650833e-03    7.6875000000e-01
        27   -1.0443165283e+01    1.0939396634e+02   -2.1222253277e+01    1.0779087994e+01   -6.0476785455e+00    6.1900173054e-01   -3.0179090217e+00   -1.2775667440e+01    6.0000000000e+01    1.7024428333e-03    7.6319444444e-01
        28   -1.0404300370e+01    1.0853182193e+02   -2.2463381619e+01    1.2059081249e+01   -7.7970144288e+00    8.0500330964e-01   -2.6957030600e+00   -1.2775667440e+01    6.0000000000e+01    1.7086750000e-03    7.5416666667e-01
        29   -1.0586204019e+01    1.1233948656e+02   -2.1984205902e+01    1.1398001882e+01   -7.0785427761e+00    7.2999854798e-01   -2.8599942335e+00   -1.2775667440e+01    6.0000000000e+01    1.7048383333e-03    7.5833333333e-01
        30   -1.0558326523e+01    1.1181696320e+02   -2.1814997419e+01    1.1256670895e+01   -6.7372947355e+00    4.2346277846e-01   -2.7254980214e+00   -1.2775667440e+01    6.0000000000e+01    1.7084034167e-03    7.4722222222e-01
        31   -1.0357888780e+01    1.0797812990e+02   -2.0671484658e+01    1.0313595877e+01   -5.7536388017e+00    5.1439364055e-01   -2.6565720563e+00   -1.2775667440e+01    6.0000000000e+01    1.6925038333e-03    7.7777777778e-01
        32   -1.0520909838e+01    1.1118501856e+02   -2.2241562653e+01    1.1720652816e+01   -7.6097264999e+00    9.0992902184e-01   -2.7660977352e+00   -1.2775667440e+01    6.0000000000e+01    1.7080885000e-03    7.4166666667e-01
        33   -1.0521550845e+01    1.1123196122e+02   -2.1865975070e+01    1.1344424225e+01   -7.5643485400e+00    1.0449242239e+00   -2.5708833138e+00   -1.2775667440e+01    6.0000000000e+01    1.7105796667e-03    7.5069444444e-01
        34   -1.0537385352e+01    1.1134224447e+02   -2.2230960589e+01    1.1693575237e+01   -7.5215543439e+00    6.4844432249e-01   -2.5821831278e+00   -1.2775667440e+01    6.0000000000e+01    1.7517807500e-03    7.5208333333e-01
        35   -1.0568717595e+01    1.1202616701e+02   -2.1988057940e+01    1.1419340345e+01   -6.9631211089e+00    7.5445022318e-01   -3.0037196143e+00   -1.2775667440e+01    6.0000000000e+01    1.7759615833e-03    7.6597222222e-01
        36   -1.0478977242e+01    1.1022369008e+02   -2.2230752292e+01    1.1751775050e+01   -7.4097830614e+00    5.1964601815e-01   -2.5649478088e+00   -1.2775667440e+01    6.0000000000e+01    1.7307295833e-03    7.6180555556e-01
        37   -1.0542712673e+01    1.1167574139e+02   -2.2088631912e+01    1.1545919239e+01   -7.3859627719e+00    6.8474287080e-01   -2.6117445704e+00   -1.2775667440e+01    6.0000000000e+01    1.7229859167e-03    7.6388888889e-01
        38   -1.0609847966e+01    1.1285772524e+02   -2.2421857606e+01    1.1812009640e+01   -7.6754310968e+00    7.5008305739e-01   -2.7208421259e+00   -1.2775667440e+01    6.0000000000e+01    1.7031310000e-03    7.5486111111e-01
        39   -1.0476929037e+01    1.0998745326e+02   -2.1509107982e+01    1.1032178944e+01   -6.7320483452e+00    5.8268070986e-01   -2.5840729064e+00   -1.2775667440e+01    6.0000000000e+01    1.7222348333e-03    7.5347222222e-01
        40   -1.0389150727e+01    1.0828676596e+02   -2.1721217866e+01    1.1332067139e+01   -7.2566036658e+00    5.0631686900e-01   -2.1952636288e+00   -1.2775667440e+01    6.0000000000e+01    1.7538080000e-03    7.5833333333e-01
        41   -1.0371566578e+01    1.0807977083e+02   -2.2209055005e+01    1.1837488427e+01   -8.0335816574e+00    7.6106075223e-01   -2.1608666595e+00   -1.2775667440e+01    6.0000000000e+01    1.7415727500e-03    7.5416666667e-01
        42   -1.0478831125e+01    1.1015634239e+02   -2.2188531688e+01    1.1709700563e+01   -7.3982217840e+00    7.5611580242e-01   -2.7707582659e+00   -1.2775667440e+01    6.0000000000e+01    1.7670892500e-03    7.5902777778e-01
        43   -1.0568714019e+01    1.1197733294e+02   -2.1439714775e+01    1.0871000756e+01   -6.3202385019e+00    5.5232325116e-01   -2.8961320845e+00   -1.2775667440e+01    6.0000000000e+01    1.7172907500e-03    7.7291666667e-01
        44   -1.0550409342e+01    1.1154931601e+02   -2.1493457938e+01    1.0943048596e+01   -6.3758601831e+00    5.0167471829e-01   -2.8436050329e+00   -1.2775667440e+01    6.0000000000e+01    1.7084650000e-03    7.6736111111e-01
        45   -1.0310087672e+01    1.0685349939e+02   -2.1892248600e+01    1.1582160928e+01   -7.1246502043e+00    6.4489923884e-01   -2.6368301943e+00   -1.2775667440e+01    6.0000000000e+01    1.7192599167e-03    7.8125000000e-01
        46   -1.0715375256e+01    1.1510851527e+02   -2.1737619757e+01    1.1022244502e+01   -7.3641613866e+00    1.1773226089e+00   -2.7751135394e+00   -1.2775667440e+01    6.0000000000e+01    1.7025755833e-03    7.6250000000e-01
        47   -1.0547286581e+01    1.1167230773e+02   -2.2182736215e+01    1.1635449635e+01   -7.5997086839e+00    8.2213089546e-01   -2.6294909867e+00   -1.2775667440e+01    6.0000000000e+01    1.7190803333e-03    7.7291666667e-01
        48   -1.0466531025e+01    1.0985778498e+02   -2.1329254733e+01    1.0862723708e+01   -6.5047277477e+00    5.9673607381e-01   -2.6455956193e+00   -1.2775667440e+01    6.0000000000e+01    1.7267215000e-03    7.6736111111e-01
        49   -1.0556279683e+01    1.1170966201e+02   -2.1369340802e+01    1.0813061119e+01   -6.3791506069e+00    4.3892344460e-01   -2.6534461995e+00   -1.2775667440e+01    6.0000000000e+01    1.7791174167e-03    7.7152777778e-01
        50   -1.0419756509e+01    1.0913352815e+02   -2.1605793420e+01    1.1186036911e+01   -6.4992942964e+00    1.8731936134e-01   -2.5181510443e+00   -1.2775667440e+01    6.0000000000e+01    1.7561653333e-03    7.6458333333e-01
        51   -1.0504454954e+01    1.1080537379e+02   -2.2672845177e+01    1.2168390223e+01   -8.0301129063e+00    8.8653238251e-01   -2.7535972128e+00   -1.2775667440e+01    6.0000000000e+01    1.7122169167e-03    7.5833333333e-01
        52   -1.0609757524e+01    1.1280867815e+02   -2.2547337716e+01    1.1937580192e+01   -7.7474335363e+00    6.4813035479e-01   -2.6723670939e+00   -1.2775667440e+01    6.0000000000e+01    1.7339585000e-03    7.5347222222e-01
        53   -1.0388811429e+01    1.0828717699e+02   -2.1851896792e+01    1.1463085363e+01   -6.7735308429e+00    2.5975488488e-01   -2.5624533933e+00   -1.2775667440e+01    6.0000000000e+01    1.7208208333e-03    7.7013888889e-01
        54   -1.0484031037e+01    1.1028186849e+02   -2.2133876500e+01    1.1649845462e+01   -7.8476145725e+00    1.0231911896e+00   -2.5337856764e+00   -1.2775667440e+01    6.0000000000e+01    1.7603879167e-03    7.5833333333e-01
        55   -1.0300192830e+01    1.0657074495e+02   -2.1525929678e+01    1.1225736848e+01   -6.3796971517e+00    4.8513027703e-01   -2.8556953629e+00   -1.2775667440e+01    6.0000000000e+01    1.7571098333e-03    7.7500000000e-01
        56   -1.0290314478e+01    1.0630819813e+02   -2.0740262022e+01    1.0449947544e+01   -6.1738903483e+00    6.6487778015e-01   -2.4555820141e+00   -1.2775667440e+01    6.0000000000e+01    1.7312129167e-03    7.5763888889e-01
        57   -1.0394361344e+01    1.0842442145e+02   -2.1455844006e+01    1.1061482662e+01   -6.5333823034e+00    3.2562084109e-01   -2.4724151038e+00   -1.2775667440e+01    6.0000000000e+01    1.7109710833e-03    7.6666666667e-01
        58   -1.0393741448e+01    1.0835918777e+02   -2.1844582422e+01    1.1450840975e+01   -7.0597493251e+00    5.4641268547e-01   -2.5555783425e+00   -1.2775667440e+01    6.0000000000e+01    1.7070800833e-03    7.5486111111e-01
        59   -1.0470529698e+01    1.0993494882e+02   -2.1377309135e+01    1.0906779437e+01   -6.4852818407e+00    5.9722948657e-01   -2.7135893407e+00   -1.2775667440e+01    6.0000000000e+01    1.7281368333e-03    7.5763888889e-01
        60   -1.0293989173e+01    1.0638887352e+02   -2.1952331365e+01    1.1658342192e+01   -7.5739731266e+00    6.1935331651e-01   -2.2220441145e+00   -1.2775667440e+01    6.0000000000e+01    1.7681312500e-03    7.7152777778e-01
        61   -1.0453077069e+01    1.0956321550e+02   -2.1865371515e+01    1.1412294446e+01   -7.2579803976e+00    7.2178148048e-01   -2.5535051574e+00   -1.2775667440e+01    6.0000000000e+01    1.7232190000e-03    7.7222222222e-01
        62   -1.0433426533e+01    1.0917651667e+02   -2.1516462206e+01    1.1083035673e+01   -6.7250434211e+00    6.8455817965e-01   -2.7003095242e+00   -1.2775667440e+01    6.0000000000e+01    1.7139449167e-03    7.7361111111e-01
        63   -1.0522819762e+01    1.1122186282e+02   -2.3013266637e+01    1.2490446875e+01   -7.9096567186e+00    2.2034093210e-01   -2.5482834103e+00   -1.2775667440e+01    6.0000000000e+01    1.7164925833e-03    7.4166666667e-01
        64   -1.0512450535e+01    1.1080296433e+02   -2.2873959733e+01    1.2361509198e+01   -8.2231491585e+00    8.5387084853e-01   -2.7290139826e+00   -1.2775667440e+01    6.0000000000e+01    1.7259080833e-03    7.5763888889e-01
        65   -1.0484491856e+01    1.1021769758e+02   -2.2110133278e+01    1.1625641422e+01   -7.3507181624e+00    7.5620893978e-01   -2.7399566149e+00   -1.2775667440e+01    6.0000000000e+01    1.7286226667e-03    7.6805555556e-01
        66   -1.0548168862e+01    1.1151677635e+02   -2.2626145982e+01    1.2077977120e+01   -7.7430397262e+00    5.1536528264e-01   -2.6228040983e+00   -1.2775667440e+01    6.0000000000e+01    1.7666665833e-03    7.6736111111e-01
        67   -1.0436799830e+01    1.0923056755e+02   -2.2713277923e+01    1.2276478092e+01   -7.8061172459e+00    6.0124763113e-01   -2.7327408676e+00   -1.2775667440e+01    6.0000000000e+01    1.7780364167e-03    7.6458333333e-01
        68   -1.0377742515e+01    1.0801192789e+02   -2.0092258085e+01    9.7145155703e+00   -5.1391986109e+00    6.7551554403e-01   -2.8529075783e+00   -1.2775667440e+01    6.0000000000e+01    1.7239954167e-03    7.6597222222e-01
        69   -1.0555548485e+01    1.1165091552e+02   -2.2536254100e+01    1.1980705615e+01   -7.3647818045e+00    4.8678199613e-01   -2.8825868512e+00   -1.2775667440e+01    6.0000000000e+01    1.7277298333e-03    7.4444444444e-01
        70   -1.0552977339e+01    1.1169093308e+02   -2.1519483860e+01    1.0966506521e+01   -6.3372152232e+00    5.5592052903e-01   -2.9625217252e+00   -1.2775667440e+01    6.0000000000e+01    1.7469985833e-03    7.7708333333e-01
        71   -1.0415657551e+01    1.0881684914e+02   -2.1727686434e+01    1.1312028883e+01   -6.8969053477e+00    4.2117943083e-01   -2.4762930774e+00   -1.2775667440e+01    6.0000000000e+01    1.7386076667e-03    7.6527777778e-01
        72   -1.0540714105e+01    1.1145307219e+02   -2.1592511595e+01    1.1051797491e+01   -6.9002459196e+00    5.2249038816e-01   -2.4390886236e+00   -1.2775667440e+01    6.0000000000e+01    1.7609475000e-03    7.6388888889e-01
        73   -1.0504648131e+01    1.1061968306e+02   -2.2821706075e+01    1.2317057944e+01   -8.3661937245e+00    9.6260794792e-01   -2.6424528581e+00   -1.2775667440e+01    6.0000000000e+01    1.7854793333e-03    7.4444444444e-01
        74   -1.0569698700e+01    1.1190519071e+02   -2.1647340493e+01    1.1077641793e+01   -6.7913390085e+00    6.9941390407e-01   -2.7797479486e+00   -1.2775667440e+01    6.0000000000e+01    1.7572001667e-03    7.5347222222e-01
        75   -1.0357441254e+01    1.0770862700e+02   -2.1955934585e+01    1.1598493331e+01   -7.8730047542e+00    1.0755572027e+00   -2.3828195930e+00   -1.2775667440e+01    6.0000000000e+01    1.7613499167e-03    7.8680555556e-01
        76   -1.0495663357e+01    1.1068248800e+02   -2.2852931002e+01    1.2357267646e+01   -8.7380139517e+00    1.0330664613e+00   -2.3723160716e+00   -1.2775667440e+01    6.0000000000e+01    1.7742545000e-03    7.5694444444e-01
        77   -1.0395977066e+01    1.0863134261e+02   -2.3503680532e+01    1.3107703466e+01   -8.7352069796e+00    4.2795045903e-01   -2.4207565716e+00   -1.2775667440e+01    6.0000000000e+01    1.7602039167e-03    7.3055555556e-01
        78   -1.0497318612e+01    1.1049452496e+02   -2.1464735476e+01    1.0967416864e+01   -6.2840091088e+00    4.3345448616e-01   -2.8385134134e+00   -1.2775667440e+01    6.0000000000e+01    1.7024279167e-03    7.5902777778e-01
        79   -1.0589166185e+01    1.1233660495e+02   -2.1441736592e+01    1.0852570408e+01   -7.0525033140e+00    1.2651374859e+00   -2.8787033239e+00   -1.2775667440e+01    6.0000000000e+01    1.7443098333e-03    7.6180555556e-01
        80   -1.0366286932e+01    1.0786848544e+02   -2.0797912418e+01    1.0431625485e+01   -6.2907323793e+00    6.9746133381e-01   -2.4289739322e+00   -1.2775667440e+01    6.0000000000e+01    1.7158329167e-03    7.6458333333e-01
        81   -1.0559089907e+01    1.1168015183e+02   -2.2558662969e+01    1.1999573062e+01   -7.8091963856e+00    6.8249141974e-01   -2.6562905630e+00   -1.2775667440e+01    6.0000000000e+01    1.7767845833e-03    7.5694444444e-01
        82   -1.0595664499e+01    1.1261255535e+02   -2.2031073540e+01    1.1435409041e+01   -7.5387423230e+00    7.9367092505e-01   -2.5103347013e+00   -1.2775667440e+01    6.0000000000e+01    1.7782502500e-03    7.3541666667e-01
        83   -1.0396217557e+01    1.0850315040e+02   -2.2803873608e+01    1.2407656051e+01   -7.7620811533e+00    5.7717763697e-01   -2.8433026514e+00   -1.2775667440e+01    6.0000000000e+01    1.7113940000e-03    7.6111111111e-01
        84   -1.0572895034e+01    1.1204908280e+02   -2.3131112360e+01    1.2558217326e+01   -8.1046906285e+00    5.7373705709e-01   -2.8244913480e+00   -1.2775667440e+01    6.0000000000e+01    1.7406823333e-03    7.6319444444e-01
        85   -1.0540949384e+01    1.1143725689e+02   -2.2209560527e+01    1.1668611144e+01   -6.9695908863e+00    5.7671190796e-01   -3.0410141088e+00   -1.2775667440e+01    6.0000000000e+01    1.7056219167e-03    7.6805555556e-01
        86   -1.0526663843e+01    1.1108905333e+02   -2.1566882617e+01    1.1040218773e+01   -7.0908546691e+00    8.3299620965e-01   -2.5333567169e+00   -1.2775667440e+01    6.0000000000e+01    1.6945375833e-03    7.4513888889e-01
        87   -1.0373076682e+01    1.0817261340e+02   -2.1549564289e+01    1.1176487607e+01   -7.5427823693e+00    1.2261386730e+00   -2.4572531520e+00   -1.2775667440e+01    6.0000000000e+01    1.7192349167e-03    7.5763888889e-01
        88   -1.0430659321e+01    1.0949792240e+02   -2.1765473579e+01    1.1334814258e+01   -6.7779377709e+00    3.6996259966e-01   -2.5818309676e+00   -1.2775667440e+01    6.0000000000e+01    1.7103788333e-03    7.7291666667e-01
        89   -1.0456683307e+01    1.0988445456e+02   -2.2950575869e+01    1.2493892562e+01   -7.7939809418e+00    3.2648584605e-01   -2.7074133329e+00   -1.2775667440e+01    6.0000000000e+01    1.7638370833e-03    7.6666666667e-01
        90   -1.0497052235e+01    1.1071906124e+02   -2.1997030380e+01    1.1499978145e+01   -7.4063356466e+00    7.7903228141e-01   -2.5940595750e+00   -1.2775667440e+01    6.0000000000e+01    1.7704805000e-03    7.4027777778e-01
        91   -1.0517550191e+01    1.1094606892e+02   -2.1221509016e+01    1.0703958825e+01   -6.3677721757e+00    8.0176611728e-01   -2.8798355177e+00   -1.2775667440e+01    6.0000000000e+01    1.7505472500e-03    7.6458333333e-01
        92   -1.0517250311e+01    1.1090057305e+02   -2.2589774103e+01    1.2072523792e+01   -8.0365465831e+00    8.2925305949e-01   -2.6068131390e+00   -1.2775667440e+01    6.0000000000e+01    1.7613980833e-03    7.5208333333e-01
        93   -1.0418760908e+01    1.0895689678e+02   -2.1137586136e+01    1.0718825228e+01   -6.1987872437e+00    3.9557122472e-01   -2.5587026765e+00   -1.2775667440e+01    6.0000000000e+01    1.7356243333e-03    7.7083333333e-01
        94   -1.0458927091e+01    1.0986749547e+02   -2.4042036703e+01    1.3583109612e+01   -8.9858648796e+00    6.4750183555e-02   -2.3452545666e+00   -1.2775667440e+01    6.0000000000e+01    1.7292940833e-03    7.6319444444e-01
        95   -1.0479052832e+01    1.1014359054e+02   -2.2918011118e+01    1.2438958286e+01   -8.2627415502e+00    7.2579916385e-01   -2.6054012915e+00   -1.2775667440e+01    6.0000000000e+01    1.7128454167e-03    7.4097222222e-01
        96   -1.0538676684e+01    1.1130376696e+02   -2.2633060331e+01    1.2094383648e+01   -7.9494633367e+00    7.8348171499e-01   -2.6914112695e+00   -1.2775667440e+01    6.0000000000e+01    1.7316824167e-03    7.5555555556e-01
        97   -1.0446527634e+01    1.0939215270e+02   -2.2509363452e+01    1.2062835817e+01   -7.6037301142e+00    5.2880418570e-01   -2.6587700828e+00   -1.2775667440e+01    6.0000000000e+01    1.7268681667e-03    7.6041666667e-01
        98   -1.0636567187e+01    1.1344832726e+02   -2.1488190749e+01    1.0851623562e+01   -6.6061723546e+00    5.6411689285e-01   -2.6704678468e+00   -1.2775667440e+01    6.0000000000e+01    1.7057440000e-03    7.4166666667e-01
        99   -1.0481826524e+01    1.1032379490e+02   -2.1383258342e+01    1.0901431818e+01   -6.8317362648e+00    6.9902660032e-01   -2.4748812370e+00   -1.2775667440e+01    6.0000000000e+01    1.7380926667e-03    7.5277777778e-01
