#   index    LocalEnergy         LocalEnergy_sq      LocalPotential      Kinetic             LocalECP            NonLocalECP         ElecElec            IonIon              BlockWeight         BlockCPU            AcceptRatio         
         0   -1.0538722764e+01    1.1147378262e+02   -2.2535706241e+01    1.1996983478e+01   -7.3664822269e+00    2.8366573285e-01   -2.6772223070e+00   -1.2775667440e+01    2.6400000000e+02    2.6245087000e-02    5.3626893939e-01
         1   -1.0453275708e+01    1.0964413242e+02   -2.2050799191e+01    1.1597523483e+01   -7.0255063565e+00    5.7087800390e-01   -2.8205033985e+00   -1.2775667440e+01    2.6400000000e+02    2.0426628000e-02    5.3678977273e-01
         2   -1.0545723629e+01    1.1160849989e+02   -2.1979756399e+01    1.1434032770e+01   -6.8987081057e+00    5.1662204206e-01   -2.8220028952e+00   -1.2775667440e+01    2.6400000000e+02    2.0376237000e-02    5.4010416667e-01
         3   -1.0458585067e+01    1.0972277997e+02   -2.2077149870e+01    1.1618564803e+01   -7.1318493685e+00    4.8741465331e-01   -2.6570477146e+00   -1.2775667440e+01    2.6400000000e+02    2.0500802000e-02    5.3570075758e-01
         4   -1.0514621443e+01    1.1092257955e+02   -2.2347912712e+01    1.1833291269e+01   -7.6962819026e+00    7.6706666837e-01   -2.6430300375e+00   -1.2775667440e+01    2.6400000000e+02    2.0561024000e-02    5.3366477273e-01
         5   -1.0480216802e+01    1.1018539563e+02   -2.1802892310e+01    1.1322675508e+01   -7.0114171513e+00    6.8015370338e-01   -2.6959614223e+00   -1.2775667440e+01    2.6400000000e+02    2.1326080000e-02    5.4071969697e-01
         6   -1.0391191340e+01    1.0845914652e+02   -2.2230059460e+01    1.1838868121e+01   -7.2646760067e+00    5.5519293843e-01   -2.7449089518e+00   -1.2775667440e+01    2.6400000000e+02    2.0771703000e-02    5.3873106061e-01
         7   -1.0501108995e+01    1.1079132977e+02   -2.1903936598e+01    1.1402827603e+01   -7.0279172678e+00    5.7412653272e-01   -2.6744784227e+00   -1.2775667440e+01    2.6400000000e+02    2.0715610000e-02    5.3461174242e-01
         8   -1.0532305802e+01    1.1131155254e+02   -2.2114239746e+01    1.1581933944e+01   -7.0884972654e+00    4.5706946273e-01   -2.7071445033e+00   -1.2775667440e+01    2.6400000000e+02    2.0928796000e-02    5.3735795455e-01
         9   -1.0482231174e+01    1.1027858320e+02   -2.1861001528e+01    1.1378770354e+01   -6.9364808256e+00    5.8221258511e-01   -2.7310658470e+00   -1.2775667440e+01    2.6400000000e+02    2.0894583000e-02    5.4190340909e-01
        10   -1.0441029213e+01    1.0949181095e+02   -2.2244020486e+01    1.1802991273e+01   -7.4541842242e+00    7.1626802796e-01   -2.7304368498e+00   -1.2775667440e+01    2.6400000000e+02    2.0819984000e-02    5.3882575758e-01
        11   -1.0508502655e+01    1.1075406763e+02   -2.1854005509e+01    1.1345502855e+01   -6.9110333571e+00    5.1705012936e-01   -2.6843548412e+00   -1.2775667440e+01    2.6400000000e+02    2.1078215000e-02    5.2982954545e-01
        12   -1.0541526366e+01    1.1148441758e+02   -2.2239167283e+01    1.1697640918e+01   -7.6483212303e+00    7.1406096917e-01   -2.5292395820e+00   -1.2775667440e+01    2.6400000000e+02    2.0777912000e-02    5.3726325758e-01
        13   -1.0481508301e+01    1.1034567340e+02   -2.1828334844e+01    1.1346826543e+01   -6.9971969700e+00    6.4678794616e-01   -2.7022583796e+00   -1.2775667440e+01    2.6400000000e+02    2.0741838000e-02    5.3726325758e-01
        14   -1.0586948419e+01    1.1254073218e+02   -2.1965028086e+01    1.1378079667e+01   -7.0989195425e+00    7.1049360401e-01   -2.8009347069e+00   -1.2775667440e+01    2.6400000000e+02    2.0839939000e-02    5.3892045455e-01
        15   -1.0531121378e+01    1.1127965708e+02   -2.2017196386e+01    1.1486075007e+01   -7.4268874079e+00    7.4730716433e-01   -2.5619487020e+00   -1.2775667440e+01    2.6400000000e+02    2.0839941000e-02    5.3565340909e-01
        16   -1.0412149479e+01    1.0884129634e+02   -2.1689157780e+01    1.1277008301e+01   -6.8739544141e+00    6.2018200768e-01   -2.6597179336e+00   -1.2775667440e+01    2.6400000000e+02    2.0794698000e-02    5.3465909091e-01
        17   -1.0453676661e+01    1.0986787617e+02   -2.2207588917e+01    1.1753912256e+01   -7.4223321329e+00    4.9511955443e-01   -2.5047088978e+00   -1.2775667440e+01    2.6400000000e+02    2.0903851000e-02    5.4057765152e-01
        18   -1.0471905456e+01    1.1019765708e+02   -2.1915843519e+01    1.1443938063e+01   -6.9040919727e+00    5.3649356108e-01   -2.7725776671e+00   -1.2775667440e+01    2.6400000000e+02    2.0755770000e-02    5.3821022727e-01
        19   -1.0455815583e+01    1.0975740530e+02   -2.1729839488e+01    1.1274023905e+01   -6.7729361445e+00    5.3986788375e-01   -2.7211037873e+00   -1.2775667440e+01    2.6400000000e+02    2.0950799000e-02    5.3200757576e-01
        20   -1.0451469527e+01    1.0971805773e+02   -2.2015731790e+01    1.1564262264e+01   -7.1640619316e+00    6.0080989793e-01   -2.6768123165e+00   -1.2775667440e+01    2.6400000000e+02    2.0874631000e-02    5.3896780303e-01
        21   -1.0456977896e+01    1.0978399507e+02   -2.2508780555e+01    1.2051802660e+01   -7.6378612368e+00    5.7492241804e-01   -2.6701742963e+00   -1.2775667440e+01    2.6400000000e+02    1.9145250000e-02    5.3508522727e-01
        22   -1.0531629160e+01    1.1137532726e+02   -2.1887159125e+01    1.1355529965e+01   -7.2770879948e+00    7.9103246906e-01   -2.6254361593e+00   -1.2775667440e+01    2.6400000000e+02    1.8583164000e-02    5.3783143939e-01
        23   -1.0524849175e+01    1.1123372939e+02   -2.1942383537e+01    1.1417534361e+01   -7.3584288592e+00    6.9299284106e-01   -2.5012800785e+00   -1.2775667440e+01    2.6400000000e+02    1.8609831000e-02    5.3191287879e-01
        24   -1.0464972897e+01    1.0984661504e+02   -2.1877077448e+01    1.1412104551e+01   -6.8522081647e+00    5.4972706122e-01   -2.7989289042e+00   -1.2775667440e+01    2.6400000000e+02    1.8544986000e-02    5.2997159091e-01
        25   -1.0563564608e+01    1.1194684643e+02   -2.2017742464e+01    1.1454177856e+01   -7.0915405700e+00    6.5424120930e-01   -2.8047756626e+00   -1.2775667440e+01    2.6400000000e+02    1.8920497000e-02    5.3622159091e-01
        26   -1.0509985575e+01    1.1086251345e+02   -2.1694471412e+01    1.1184485837e+01   -6.6333085606e+00    4.5974801007e-01   -2.7452434216e+00   -1.2775667440e+01    2.6400000000e+02    1.7674806000e-02    5.3418560606e-01
        27   -1.0549853422e+01    1.1175563791e+02   -2.2336600287e+01    1.1786746865e+01   -7.5114813104e+00    6.2800764041e-01   -2.6774591769e+00   -1.2775667440e+01    2.6400000000e+02    1.8841592000e-02    5.4190340909e-01
        28   -1.0590423776e+01    1.1268270503e+02   -2.2030136768e+01    1.1439712992e+01   -7.2970085956e+00    7.1615386742e-01   -2.6736145997e+00   -1.2775667440e+01    2.6400000000e+02    1.9026361000e-02    5.3792613636e-01
        29   -1.0509218429e+01    1.1084696533e+02   -2.1989682567e+01    1.1480464138e+01   -7.0983752329e+00    6.1953483301e-01   -2.7351747267e+00   -1.2775667440e+01    2.6400000000e+02    1.8625196000e-02    5.3660037879e-01
        30   -1.0464575558e+01    1.0988903237e+02   -2.2115251486e+01    1.1650675929e+01   -7.3336477849e+00    6.3358925520e-01   -2.6395255163e+00   -1.2775667440e+01    2.6400000000e+02    1.9069301000e-02    5.4062500000e-01
        31   -1.0495838858e+01    1.1062226317e+02   -2.2122484580e+01    1.1626645721e+01   -7.4692040760e+00    7.1995272425e-01   -2.5975657877e+00   -1.2775667440e+01    2.6400000000e+02    1.8573428000e-02    5.3982007576e-01
        32   -1.0490640516e+01    1.1047372416e+02   -2.1756504035e+01    1.1265863519e+01   -6.9267339023e+00    6.5876097529e-01   -2.7128636673e+00   -1.2775667440e+01    2.6400000000e+02    1.8769787000e-02    5.3731060606e-01
        33   -1.0535548840e+01    1.1137486630e+02   -2.1673430026e+01    1.1137881186e+01   -6.7936550450e+00    6.3399728451e-01   -2.7381048248e+00   -1.2775667440e+01    2.6400000000e+02    1.9288791000e-02    5.3892045455e-01
        34   -1.0536968329e+01    1.1146724313e+02   -2.2574221702e+01    1.2037253373e+01   -7.6632442986e+00    5.1162918064e-01   -2.6469391435e+00   -1.2775667440e+01    2.6400000000e+02    1.8900971000e-02    5.4337121212e-01
        35   -1.0434337656e+01    1.1058723395e+02   -2.1878000043e+01    1.1443662387e+01   -6.9639550812e+00    4.8707722802e-01   -2.6254547493e+00   -1.2775667440e+01    2.6400000000e+02    1.9210320000e-02    5.3219696970e-01
        36   -1.0483865567e+01    1.1035659808e+02   -2.1925741174e+01    1.1441875607e+01   -7.2290310720e+00    6.2722939227e-01   -2.5482720542e+00   -1.2775667440e+01    2.6400000000e+02    1.9369822000e-02    5.3068181818e-01
        37   -1.0506593778e+01    1.1078737081e+02   -2.1726055387e+01    1.1219461609e+01   -6.8532047952e+00    5.4829858354e-01   -2.6454817353e+00   -1.2775667440e+01    2.6400000000e+02    1.9908363000e-02    5.3593750000e-01
        38   -1.0537225451e+01    1.1141762861e+02   -2.1647801142e+01    1.1110575691e+01   -6.6328524658e+00    5.5524859038e-01   -2.7945298263e+00   -1.2775667440e+01    2.6400000000e+02    1.9031459000e-02    5.3129734848e-01
        39   -1.0483373899e+01    1.1035968616e+02   -2.1977799075e+01    1.1494425176e+01   -7.4573890790e+00    8.7897658782e-01   -2.6237191438e+00   -1.2775667440e+01    2.6400000000e+02    1.8922795000e-02    5.2930871212e-01
        40   -1.0544196040e+01    1.1156727554e+02   -2.2278547475e+01    1.1734351436e+01   -7.2870336417e+00    5.6140965651e-01   -2.7772560499e+00   -1.2775667440e+01    2.6400000000e+02    1.9383282000e-02    5.2978219697e-01
        41   -1.0522600260e+01    1.1120535490e+02   -2.2079459968e+01    1.1556859708e+01   -7.1777735627e+00    5.1724407504e-01   -2.6432630398e+00   -1.2775667440e+01    2.6400000000e+02    1.9565387000e-02    5.4427083333e-01
        42   -1.0452730309e+01    1.0971182459e+02   -2.1835020562e+01    1.1382290253e+01   -6.8726984010e+00    5.6267824258e-01   -2.7493329634e+00   -1.2775667440e+01    2.6400000000e+02    1.9401861000e-02    5.3276515152e-01
        43   -1.0429297522e+01    1.0924679380e+02   -2.2134994993e+01    1.1705697471e+01   -7.3711349805e+00    7.4232026610e-01   -2.7305128386e+00   -1.2775667440e+01    2.6400000000e+02    1.9218056000e-02    5.3745265152e-01
        44   -1.0529272212e+01    1.1141521391e+02   -2.1934104797e+01    1.1404832584e+01   -7.3677309998e+00    8.5077318200e-01   -2.6414795389e+00   -1.2775667440e+01    2.6400000000e+02    1.9314575000e-02    5.3626893939e-01
        45   -1.0399179230e+01    1.0843690247e+02   -2.2099815834e+01    1.1700636605e+01   -7.3249434006e+00    7.4200468586e-01   -2.7412096795e+00   -1.2775667440e+01    2.6400000000e+02    1.9449369000e-02    5.3811553030e-01
        46   -1.0552020934e+01    1.1169044111e+02   -2.1434155823e+01    1.0882134889e+01   -6.9896231489e+00    7.5056121033e-01   -2.4194264445e+00   -1.2775667440e+01    2.6400000000e+02    1.9369676000e-02    5.3915719697e-01
        47   -1.0451010371e+01    1.0959288715e+02   -2.1883698964e+01    1.1432688594e+01   -7.0258639514e+00    6.1738334115e-01   -2.6995509139e+00   -1.2775667440e+01    2.6400000000e+02    1.9344371000e-02    5.3361742424e-01
        48   -1.0563393218e+01    1.1201486224e+02   -2.1990827580e+01    1.1427434362e+01   -7.0445309038e+00    6.2383517774e-01   -2.7944644140e+00   -1.2775667440e+01    2.6400000000e+02    1.9538384000e-02    5.4247159091e-01
        49   -1.0517297952e+01    1.1101825630e+02   -2.1594474297e+01    1.1077176346e+01   -6.8246515672e+00    6.3776575402e-01   -2.6319210440e+00   -1.2775667440e+01    2.6400000000e+02    1.9520390000e-02    5.3887310606e-01
        50   -1.0524670159e+01    1.1134247349e+02   -2.1931360034e+01    1.1406689875e+01   -7.3301414774e+00    6.7404120198e-01   -2.4995923182e+00   -1.2775667440e+01    2.6400000000e+02    1.8884664000e-02    5.3598484848e-01
        51   -1.0475455673e+01    1.1017338462e+02   -2.2047121672e+01    1.1571665999e+01   -6.8421164439e+00    3.9756577974e-01   -2.8269035680e+00   -1.2775667440e+01    2.6400000000e+02    1.9382896000e-02    5.3683712121e-01
        52   -1.0523155232e+01    1.1113135223e+02   -2.2093086004e+01    1.1569930772e+01   -7.1793352318e+00    6.7214349663e-01   -2.8102268282e+00   -1.2775667440e+01    2.6400000000e+02    1.9378310000e-02    5.3570075758e-01
        53   -1.0475597527e+01    1.1011614795e+02   -2.2023570585e+01    1.1547973059e+01   -7.3547982098e+00    7.5988621143e-01   -2.6529911465e+00   -1.2775667440e+01    2.6400000000e+02    1.9518625000e-02    5.3816287879e-01
        54   -1.0459296828e+01    1.0975772919e+02   -2.1980445422e+01    1.1521148594e+01   -7.1622650768e+00    5.1568415224e-01   -2.5581970569e+00   -1.2775667440e+01    2.6400000000e+02    1.9403220000e-02    5.3380681818e-01
        55   -1.0503788067e+01    1.1081955140e+02   -2.2292934589e+01    1.1789146522e+01   -7.3185570419e+00    4.3829987339e-01   -2.6370099804e+00   -1.2775667440e+01    2.6400000000e+02    1.9104104000e-02    5.3338068182e-01
        56   -1.0471476604e+01    1.1015908797e+02   -2.2080593386e+01    1.1609116782e+01   -7.2287392088e+00    5.3023825521e-01   -2.6064249919e+00   -1.2775667440e+01    2.6400000000e+02    1.9231312000e-02    5.4266098485e-01
        57   -1.0509206265e+01    1.1081947382e+02   -2.2348578038e+01    1.1839371773e+01   -7.5063065227e+00    6.1178188057e-01   -2.6783859553e+00   -1.2775667440e+01    2.6400000000e+02    1.9386257000e-02    5.3967803030e-01
        58   -1.0471543730e+01    1.1017135876e+02   -2.2250562572e+01    1.1779018842e+01   -7.4401143396e+00    6.7921641412e-01   -2.7139972061e+00   -1.2775667440e+01    2.6400000000e+02    1.9429868000e-02    5.3934659091e-01
        59   -1.0554889097e+01    1.1184101509e+02   -2.2429939075e+01    1.1875049978e+01   -7.4319919366e+00    5.6836438365e-01   -2.7906440821e+00   -1.2775667440e+01    2.6400000000e+02    1.9291890000e-02    5.4133522727e-01
        60   -1.0538589281e+01    1.1137850980e+02   -2.2217594686e+01    1.1679005405e+01   -7.5229714914e+00    6.7619516972e-01   -2.5951509242e+00   -1.2775667440e+01    2.6400000000e+02    1.9389250000e-02    5.3409090909e-01
        61   -1.0414634405e+01    1.0889901583e+02   -2.2273883730e+01    1.1859249324e+01   -7.4637442335e+00    5.7271572885e-01   -2.6071877846e+00   -1.2775667440e+01    2.6400000000e+02    1.9432646000e-02    5.3499053030e-01
        62   -1.0474396265e+01    1.1018245964e+02   -2.2074235326e+01    1.1599839061e+01   -7.2586854124e+00    6.0688148077e-01   -2.6467639538e+00   -1.2775667440e+01    2.6400000000e+02    1.9483526000e-02    5.3688446970e-01
        63   -1.0500887308e+01    1.1062295151e+02   -2.1960013220e+01    1.1459125911e+01   -7.2726157179e+00    8.1895660391e-01   -2.7306866653e+00   -1.2775667440e+01    2.6400000000e+02    1.9628523000e-02    5.3001893939e-01
        64   -1.0555092297e+01    1.1185038602e+02   -2.1915820958e+01    1.1360728661e+01   -7.2451724903e+00    7.4708808401e-01   -2.6420691110e+00   -1.2775667440e+01    2.6400000000e+02    1.9651459000e-02    5.3603219697e-01
        65   -1.0507613795e+01    1.1087253821e+02   -2.1737509841e+01    1.1229896046e+01   -6.7718101837e+00    6.7179883384e-01   -2.8618310508e+00   -1.2775667440e+01    2.6400000000e+02    1.9730668000e-02    5.3409090909e-01
        66   -1.0409371400e+01    1.0882327771e+02   -2.2470172195e+01    1.2060800795e+01   -7.6194903482e+00    4.9141802961e-01   -2.5664324360e+00   -1.2775667440e+01    2.6400000000e+02    1.9916077000e-02    5.3513257576e-01
        67   -1.0468516319e+01    1.0997610873e+02   -2.1988320130e+01    1.1519803811e+01   -7.1269495384e+00    7.6387223284e-01   -2.8495753841e+00   -1.2775667440e+01    2.6400000000e+02    1.9609744000e-02    5.3224431818e-01
        68   -1.0422033446e+01    1.0898789261e+02   -2.1301203081e+01    1.0879169635e+01   -6.3610424709e+00    5.0416137433e-01   -2.6686545441e+00   -1.2775667440e+01    2.6400000000e+02    2.0105284000e-02    5.3892045455e-01
        69   -1.0516029989e+01    1.1105477118e+02   -2.2177943478e+01    1.1661913488e+01   -7.3050127998e+00    5.6923115603e-01   -2.6664943936e+00   -1.2775667440e+01    2.6400000000e+02    1.9768102000e-02    5.3480113636e-01
        70   -1.0504520704e+01    1.1081045252e+02   -2.2542753585e+01    1.2038232880e+01   -7.8007394036e+00    7.4542542157e-01   -2.7117721624e+00   -1.2775667440e+01    2.6400000000e+02    1.9745642000e-02    5.3768939394e-01
        71   -1.0417781471e+01    1.0892878468e+02   -2.2381318001e+01    1.1963536530e+01   -7.3980932696e+00    5.2883887210e-01   -2.7363961635e+00   -1.2775667440e+01    2.6400000000e+02    1.9724028000e-02    5.3792613636e-01
        72   -1.0480322297e+01    1.1022642823e+02   -2.2025684128e+01    1.1545361831e+01   -6.9893887790e+00    5.8364374942e-01   -2.8442716580e+00   -1.2775667440e+01    2.6400000000e+02    1.9261178000e-02    5.3262310606e-01
        73   -1.0448888883e+01    1.0972186733e+02   -2.1945074366e+01    1.1496185483e+01   -6.9525395078e+00    5.6835875212e-01   -2.7852261704e+00   -1.2775667440e+01    2.6400000000e+02    1.9580180000e-02    5.3020833333e-01
        74   -1.0565400264e+01    1.1202370161e+02   -2.2208059750e+01    1.1642659486e+01   -7.4290295221e+00    6.8635141043e-01   -2.6897141976e+00   -1.2775667440e+01    2.6400000000e+02    1.9433821000e-02    5.2916666667e-01
        75   -1.0447109127e+01    1.0955116787e+02   -2.2539598213e+01    1.2092489086e+01   -7.3119748065e+00    3.8754947662e-01   -2.8395054425e+00   -1.2775667440e+01    2.6400000000e+02    1.9392040000e-02    5.3314393939e-01
        76   -1.0522716208e+01    1.1113409565e+02   -2.1508714883e+01    1.0985998675e+01   -7.0567788864e+00    7.7280091947e-01   -2.4490694759e+00   -1.2775667440e+01    2.6400000000e+02    1.9560192000e-02    5.3792613636e-01
        77   -1.0442785773e+01    1.0944484620e+02   -2.2304506181e+01    1.1861720409e+01   -7.4043325425e+00    6.0526241079e-01   -2.7297686094e+00   -1.2775667440e+01    2.6400000000e+02    1.9354562000e-02    5.3494318182e-01
        78   -1.0466137832e+01    1.0993018007e+02   -2.2018389297e+01    1.1552251466e+01   -7.0629561084e+00    5.8393890198e-01   -2.7637046508e+00   -1.2775667440e+01    2.6400000000e+02    1.9493624000e-02    5.3451704545e-01
        79   -1.0503424870e+01    1.1068204205e+02   -2.2027162078e+01    1.1523737207e+01   -7.3016589081e+00    6.9008343183e-01   -2.6399191610e+00   -1.2775667440e+01    2.6400000000e+02    1.9326937000e-02    5.3546401515e-01
        80   -1.0477362853e+01    1.1012370752e+02   -2.2095846647e+01    1.1618483794e+01   -7.3029581157e+00    5.9801294966e-01   -2.6152340410e+00   -1.2775667440e+01    2.6400000000e+02    1.9337569000e-02    5.3063446970e-01
        81   -1.0483425903e+01    1.1034517152e+02   -2.1705023432e+01    1.1221597530e+01   -6.6624921393e+00    5.1455673760e-01   -2.7814205903e+00   -1.2775667440e+01    2.6400000000e+02    1.9298120000e-02    5.3778409091e-01
        82   -1.0561095188e+01    1.1205439725e+02   -2.1776857892e+01    1.1215762703e+01   -7.0048511340e+00    6.5228979595e-01   -2.6486291134e+00   -1.2775667440e+01    2.6400000000e+02    1.9253669000e-02    5.3669507576e-01
        83   -1.0429309196e+01    1.0948669282e+02   -2.1730804084e+01    1.1301494887e+01   -6.9733873575e+00    6.2540837086e-01   -2.6071576566e+00   -1.2775667440e+01    2.6400000000e+02    1.9390691000e-02    5.4469696970e-01
        84   -1.0539464430e+01    1.1150212883e+02   -2.2453168813e+01    1.1913704383e+01   -7.7286945127e+00    6.1465796267e-01   -2.5634648226e+00   -1.2775667440e+01    2.6400000000e+02    1.9372192000e-02    5.3750000000e-01
        85   -1.0475579961e+01    1.1008879720e+02   -2.1899924209e+01    1.1424344248e+01   -6.9932931666e+00    6.4420065290e-01   -2.7751642546e+00   -1.2775667440e+01    2.6400000000e+02    1.9368077000e-02    5.3996212121e-01
        86   -1.0552723447e+01    1.1183954789e+02   -2.2259312687e+01    1.1706589240e+01   -7.5871346432e+00    6.6498638739e-01   -2.5614969910e+00   -1.2775667440e+01    2.6400000000e+02    1.9406709000e-02    5.3707386364e-01
        87   -1.0483196410e+01    1.1027519080e+02   -2.2154574421e+01    1.1671378011e+01   -7.4745149154e+00    5.8574922201e-01   -2.4901412876e+00   -1.2775667440e+01    2.6400000000e+02    1.9329351000e-02    5.3816287879e-01
        88   -1.0520378397e+01    1.1109730148e+02   -2.2376170187e+01    1.1855791790e+01   -7.6800103809e+00    7.0850170455e-01   -2.6289940704e+00   -1.2775667440e+01    2.6400000000e+02    1.9261865000e-02    5.3489583333e-01
        89   -1.0518573191e+01    1.1105253955e+02   -2.2296349978e+01    1.1777776787e+01   -7.6300480734e+00    7.6785384917e-01   -2.6584883139e+00   -1.2775667440e+01    2.6400000000e+02    2.0368958000e-02    5.3906250000e-01
        90   -1.0404357772e+01    1.0865516536e+02   -2.2377061126e+01    1.1972703354e+01   -7.6753627300e+00    6.7192077538e-01   -2.5979517315e+00   -1.2775667440e+01    2.6400000000e+02    2.0608575000e-02    5.3522727273e-01
        91   -1.0496304721e+01    1.1063557466e+02   -2.2080662825e+01    1.1584358104e+01   -7.3201846273e+00    5.8653927275e-01   -2.5713500303e+00   -1.2775667440e+01    2.6400000000e+02    1.9600859000e-02    5.3740530303e-01
        92   -1.0454101352e+01    1.0969570613e+02   -2.2284921700e+01    1.1830820348e+01   -7.5068915985e+00    5.7910960681e-01   -2.5814722684e+00   -1.2775667440e+01    2.6400000000e+02    1.9449498000e-02    5.3006628788e-01
        93   -1.0447240925e+01    1.1024769822e+02   -2.2039177929e+01    1.1591937004e+01   -7.2737606787e+00    7.3477593960e-01   -2.7245257493e+00   -1.2775667440e+01    2.6400000000e+02    1.9353683000e-02    5.3262310606e-01
        94   -1.0446866020e+01    1.0957773240e+02   -2.1805653497e+01    1.1358787477e+01   -6.8765450811e+00    5.5613258832e-01   -2.7095735640e+00   -1.2775667440e+01    2.6400000000e+02    1.9898279000e-02    5.3787878788e-01
        95   -1.0470387145e+01    1.1025381464e+02   -2.2498765414e+01    1.2028378269e+01   -7.6906636735e+00    6.1951400361e-01   -2.6519483039e+00   -1.2775667440e+01    2.6400000000e+02    1.9493326000e-02    5.3106060606e-01
        96   -1.0523608241e+01    1.1114931396e+02   -2.2142502924e+01    1.1618894682e+01   -7.3482555190e+00    6.5901718556e-01   -2.6775971501e+00   -1.2775667440e+01    2.6400000000e+02    1.9494827000e-02    5.3361742424e-01
        97   -1.0537950453e+01    1.1151398086e+02   -2.2156099674e+01    1.1618149222e+01   -7.6359986961e+00    8.3916676825e-01   -2.5836003062e+00   -1.2775667440e+01    2.6400000000e+02    1.9618141000e-02    5.3399621212e-01
        98   -1.0511400183e+01    1.1106726865e+02   -2.2291125865e+01    1.1779725682e+01   -7.4790595631e+00    6.6704849712e-01   -2.7034473584e+00   -1.2775667440e+01    2.6400000000e+02    1.9501231000e-02    5.4199810606e-01
        99   -1.0486014306e+01    1.1033559096e+02   -2.2222585295e+01    1.1736570989e+01   -7.2828570415e+00    5.7496784452e-01   -2.7390286581e+00   -1.2775667440e+01    2.6400000000e+02    1.9478876000e-02    5.3906250000e-01
       100   -1.0456905869e+01    1.0994461775e+02   -2.1752633637e+01    1.1295727768e+01   -6.9309591509e+00    6.8102508305e-01   -2.7270321292e+00   -1.2775667440e+01    2.6400000000e+02    1.9560942000e-02    5.3357007576e-01
       101   -1.0455343520e+01    1.0970851991e+02   -2.2343525534e+01    1.1888182014e+01   -7.5012754276e+00    6.0722782891e-01   -2.6738104947e+00   -1.2775667440e+01    2.6400000000e+02    1.9340425000e-02    5.4289772727e-01
       102   -1.0505499035e+01    1.1072412542e+02   -2.1795302712e+01    1.1289803677e+01   -6.8084796842e+00    5.2317357824e-01   -2.7343291660e+00   -1.2775667440e+01    2.6400000000e+02    1.9584561000e-02    5.4247159091e-01
       103   -1.0537535778e+01    1.1141838115e+02   -2.1803577817e+01    1.1266042039e+01   -7.1019968884e+00    7.5612534974e-01   -2.6820388377e+00   -1.2775667440e+01    2.6400000000e+02    1.9491582000e-02    5.3759469697e-01
       104   -1.0397209380e+01    1.0851802897e+02   -2.2303773351e+01    1.1906563970e+01   -7.0030059421e+00    3.0315990614e-01   -2.8282598744e+00   -1.2775667440e+01    2.6400000000e+02    1.9436008000e-02    5.3986742424e-01
       105   -1.0433792606e+01    1.0927102819e+02   -2.1575317954e+01    1.1141525347e+01   -6.6661566881e+00    4.7863286824e-01   -2.6121266937e+00   -1.2775667440e+01    2.6400000000e+02    1.9412506000e-02    5.3196022727e-01
       106   -1.0434153698e+01    1.0929450506e+02   -2.2165408458e+01    1.1731254759e+01   -7.5267738331e+00    6.8394259345e-01   -2.5469097776e+00   -1.2775667440e+01    2.6400000000e+02    1.9350981000e-02    5.3418560606e-01
       107   -1.0517509669e+01    1.1101221064e+02   -2.2163127290e+01    1.1645617621e+01   -7.3385124616e+00    6.7009751487e-01   -2.7190449035e+00   -1.2775667440e+01    2.6400000000e+02    1.9455320000e-02    5.2869318182e-01
       108   -1.0461231492e+01    1.0980078618e+02   -2.2288934907e+01    1.1827703416e+01   -7.4760708062e+00    6.1711791406e-01   -2.6543145748e+00   -1.2775667440e+01    2.6400000000e+02    1.9559458000e-02    5.3541666667e-01
       109   -1.0443089886e+01    1.0951418704e+02   -2.2259821274e+01    1.1816731388e+01   -7.5103707903e+00    6.4257979689e-01   -2.6163628404e+00   -1.2775667440e+01    2.6400000000e+02    1.9423965000e-02    5.3584280303e-01
       110   -1.0456627295e+01    1.0971435535e+02   -2.1761694162e+01    1.1305066868e+01   -6.9930143215e+00    7.2997226121e-01   -2.7229846620e+00   -1.2775667440e+01    2.6400000000e+02    1.9522576000e-02    5.3394886364e-01
       111   -1.0422812482e+01    1.0911422142e+02   -2.2116394622e+01    1.1693582140e+01   -7.1788824525e+00    5.2488432862e-01   -2.6867290582e+00   -1.2775667440e+01    2.6400000000e+02    1.9489847000e-02    5.3754734848e-01
       112   -1.0464978204e+01    1.0998355502e+02   -2.2149332486e+01    1.1684354282e+01   -7.0375449701e+00    3.2109537455e-01   -2.6572154500e+00   -1.2775667440e+01    2.6400000000e+02    1.9490376000e-02    5.4578598485e-01
       113   -1.0510825738e+01    1.1084636748e+02   -2.1993770065e+01    1.1482944327e+01   -7.1486983156e+00    6.9012924775e-01   -2.7595335570e+00   -1.2775667440e+01    2.6400000000e+02    1.9684446000e-02    5.3423295455e-01
       114   -1.0385898727e+01    1.0829558126e+02   -2.2433942264e+01    1.2048043537e+01   -7.5654335650e+00    5.4431912241e-01   -2.6371603808e+00   -1.2775667440e+01    2.6400000000e+02    1.9644415000e-02    5.3991477273e-01
       115   -1.0471010697e+01    1.0997854021e+02   -2.1716197579e+01    1.1245186882e+01   -6.8193061690e+00    5.4023467227e-01   -2.6614586419e+00   -1.2775667440e+01    2.6400000000e+02    1.9522092000e-02    5.3366477273e-01
       116   -1.0526684580e+01    1.1123224163e+02   -2.1904784198e+01    1.1378099617e+01   -6.9658909331e+00    5.7347013663e-01   -2.7366959609e+00   -1.2775667440e+01    2.6400000000e+02    1.9292791000e-02    5.3693181818e-01
       117   -1.0474622915e+01    1.1010227208e+02   -2.2237751415e+01    1.1763128500e+01   -7.4614305037e+00    5.8703225417e-01   -2.5876857255e+00   -1.2775667440e+01    2.6400000000e+02    1.9620742000e-02    5.4204545455e-01
       118   -1.0525636536e+01    1.1122129815e+02   -2.2316595462e+01    1.1790958926e+01   -7.5660762975e+00    7.3579429641e-01   -2.7106460206e+00   -1.2775667440e+01    2.6400000000e+02    1.9577075000e-02    5.3754734848e-01
       119   -1.0464506755e+01    1.0999007453e+02   -2.1942620817e+01    1.1478114062e+01   -6.9252512842e+00    5.0753562754e-01   -2.7492377199e+00   -1.2775667440e+01    2.6400000000e+02    1.9498168000e-02    5.3806818182e-01
       120   -1.0533964254e+01    1.1136340591e+02   -2.1955980282e+01    1.1422016029e+01   -7.0378914305e+00    6.5759112721e-01   -2.8000125389e+00   -1.2775667440e+01    2.6400000000e+02    1.9502820000e-02    5.3825757576e-01
       121   -1.0519988897e+01    1.1109765561e+02   -2.1996476969e+01    1.1476488072e+01   -7.3157963567e+00    7.5732577825e-01   -2.6623389501e+00   -1.2775667440e+01    2.6400000000e+02    1.9399043000e-02    5.3783143939e-01
       122   -1.0468640329e+01    1.1005964762e+02   -2.2269635539e+01    1.1800995210e+01   -7.2941004225e+00    5.1050334804e-01   -2.7103710241e+00   -1.2775667440e+01    2.6400000000e+02    1.9333846000e-02    5.3759469697e-01
       123   -1.0477946084e+01    1.1015146341e+02   -2.2246299118e+01    1.1768353034e+01   -7.2255455754e+00    3.9695515424e-01   -2.6420412567e+00   -1.2775667440e+01    2.6400000000e+02    1.9194101000e-02    5.3579545455e-01
       124   -1.0495025949e+01    1.1066002039e+02   -2.1788855878e+01    1.1293829929e+01   -6.8489128784e+00    5.0288911262e-01   -2.6671646717e+00   -1.2775667440e+01    2.6400000000e+02    1.9276015000e-02    5.4109848485e-01
       125   -1.0478574076e+01    1.1016183776e+02   -2.2282857811e+01    1.1804283736e+01   -7.4627880573e+00    6.8056513690e-01   -2.7249674508e+00   -1.2775667440e+01    2.6400000000e+02    1.9920857000e-02    5.3873106061e-01
       126   -1.0467211957e+01    1.0994337930e+02   -2.2306189535e+01    1.1838977578e+01   -7.6329211494e+00    7.1181124090e-01   -2.6094121867e+00   -1.2775667440e+01    2.6400000000e+02    1.9612813000e-02    5.3423295455e-01
       127   -1.0472494608e+01    1.1003471122e+02   -2.1955557007e+01    1.1483062399e+01   -7.0016907010e+00    5.3288543399e-01   -2.7110842996e+00   -1.2775667440e+01    2.6400000000e+02    2.0728748000e-02    5.3745265152e-01
       128   -1.0457865108e+01    1.0973129380e+02   -2.1979374176e+01    1.1521509068e+01   -7.2660094988e+00    7.5560161249e-01   -2.6932988492e+00   -1.2775667440e+01    2.6400000000e+02    2.0932342000e-02    5.2992424242e-01
       129   -1.0572439140e+01    1.1226448722e+02   -2.1890058072e+01    1.1317618932e+01   -6.9491786365e+00    5.3400135516e-01   -2.6992133501e+00   -1.2775667440e+01    2.6400000000e+02    1.9459451000e-02    5.3688446970e-01
       130   -1.0486767671e+01    1.1037104249e+02   -2.2006013533e+01    1.1519245862e+01   -6.8364455665e+00    4.2732144330e-01   -2.8212219695e+00   -1.2775667440e+01    2.6400000000e+02    1.9486421000e-02    5.3655303030e-01
       131   -1.0553222153e+01    1.1174031839e+02   -2.1970296758e+01    1.1417074605e+01   -7.0032562274e+00    5.7354808374e-01   -2.7649211739e+00   -1.2775667440e+01    2.6400000000e+02    1.9521070000e-02    5.4341856061e-01
       132   -1.0497080356e+01    1.1061541656e+02   -2.2120637502e+01    1.1623557145e+01   -7.3408349626e+00    6.6393740797e-01   -2.6680725067e+00   -1.2775667440e+01    2.6400000000e+02    1.9369767000e-02    5.3120265152e-01
       133   -1.0417240621e+01    1.0897521714e+02   -2.2069654887e+01    1.1652414266e+01   -7.0465263274e+00    5.0279136218e-01   -2.7502524815e+00   -1.2775667440e+01    2.6400000000e+02    1.9292084000e-02    5.3489583333e-01
       134   -1.0512520057e+01    1.1093506351e+02   -2.2103527130e+01    1.1591007073e+01   -6.8949936581e+00    3.4991511205e-01   -2.7827811440e+00   -1.2775667440e+01    2.6400000000e+02    1.9075528000e-02    5.3271780303e-01
       135   -1.0537816816e+01    1.1138708834e+02   -2.1619262765e+01    1.1081445949e+01   -6.7334220758e+00    6.0298627370e-01   -2.7131595223e+00   -1.2775667440e+01    2.6400000000e+02    1.9396695000e-02    5.3451704545e-01
       136   -1.0426605981e+01    1.0927023007e+02   -2.1945754865e+01    1.1519148884e+01   -7.3056276804e+00    7.6637124503e-01   -2.6308309897e+00   -1.2775667440e+01    2.6400000000e+02    1.9268281000e-02    5.3323863636e-01
       137   -1.0465836144e+01    1.1001832160e+02   -2.1766304259e+01    1.1300468115e+01   -6.7576847496e+00    6.5722151616e-01   -2.8901735850e+00   -1.2775667440e+01    2.6400000000e+02    1.9226606000e-02    5.3016098485e-01
       138   -1.0499928119e+01    1.1060423302e+02   -2.1773660883e+01    1.1273732764e+01   -6.7957758461e+00    5.3470108740e-01   -2.7369186840e+00   -1.2775667440e+01    2.6400000000e+02    1.9275914000e-02    5.2788825758e-01
       139   -1.0503570040e+01    1.1076383049e+02   -2.1911939148e+01    1.1408369108e+01   -7.1454792665e+00    7.1657811154e-01   -2.7073705530e+00   -1.2775667440e+01    2.6400000000e+02    1.9265555000e-02    5.3243371212e-01
       140   -1.0410844822e+01    1.0879776740e+02   -2.1844048813e+01    1.1433203991e+01   -7.0344900517e+00    6.2326935631e-01   -2.6571606771e+00   -1.2775667440e+01    2.6400000000e+02    1.9260352000e-02    5.2855113636e-01
       141   -1.0470961119e+01    1.1002258996e+02   -2.1907351223e+01    1.1436390104e+01   -7.0678964670e+00    7.0060014757e-01   -2.7643874629e+00   -1.2775667440e+01    2.6400000000e+02    1.9287243000e-02    5.3858901515e-01
       142   -1.0477059944e+01    1.1024584436e+02   -2.2369118588e+01    1.1892058644e+01   -7.4499905830e+00    5.7653401036e-01   -2.7199945751e+00   -1.2775667440e+01    2.6400000000e+02    1.9399583000e-02    5.3347537879e-01
       143   -1.0507742086e+01    1.1091285760e+02   -2.1645882788e+01    1.1138140702e+01   -6.8451614913e+00    6.6540279957e-01   -2.6904566565e+00   -1.2775667440e+01    2.6400000000e+02    1.9560986000e-02    5.3309659091e-01
       144   -1.0480781044e+01    1.1027516721e+02   -2.2229702530e+01    1.1748921486e+01   -7.4184291403e+00    5.2260461047e-01   -2.5582105598e+00   -1.2775667440e+01    2.6400000000e+02    1.9491030000e-02    5.3816287879e-01
       145   -1.0527040453e+01    1.1132687121e+02   -2.2327784250e+01    1.1800743797e+01   -7.4983068820e+00    5.6463254908e-01   -2.6184424765e+00   -1.2775667440e+01    2.6400000000e+02    1.9732536000e-02    5.3901515152e-01
       146   -1.0568900325e+01    1.1216367518e+02   -2.1713069308e+01    1.1144168983e+01   -7.0482777635e+00    7.5936190656e-01   -2.6484860108e+00   -1.2775667440e+01    2.6400000000e+02    1.9416371000e-02    5.3688446970e-01
       147   -1.0467112731e+01    1.0993061063e+02   -2.1995289793e+01    1.1528177062e+01   -7.0444567342e+00    5.0880445278e-01   -2.6839700711e+00   -1.2775667440e+01    2.6400000000e+02    1.9398531000e-02    5.3428030303e-01
       148   -1.0516484022e+01    1.1112758723e+02   -2.1953575315e+01    1.1437091294e+01   -7.0139616486e+00    5.9560537245e-01   -2.7595515989e+00   -1.2775667440e+01    2.6400000000e+02    1.9637417000e-02    5.3882575758e-01
       149   -1.0577684772e+01    1.1232371682e+02   -2.1904979382e+01    1.1327294610e+01   -7.2999786155e+00    8.8876726260e-01   -2.7181005886e+00   -1.2775667440e+01    2.6400000000e+02    2.3383062000e-02    5.3669507576e-01
       150   -1.0492366790e+01    1.1046328192e+02   -2.1986427093e+01    1.1494060303e+01   -7.2108908733e+00    6.3848378612e-01   -2.6383525655e+00   -1.2775667440e+01    2.6400000000e+02    1.9456545000e-02    5.2982954545e-01
       151   -1.0475557174e+01    1.1013116558e+02   -2.1872704879e+01    1.1397147705e+01   -7.0830095557e+00    6.2064972563e-01   -2.6346776086e+00   -1.2775667440e+01    2.6400000000e+02    1.9521574000e-02    5.3740530303e-01
       152   -1.0476503275e+01    1.1016668916e+02   -2.2090696045e+01    1.1614192769e+01   -7.2505900457e+00    6.7424757850e-01   -2.7386861372e+00   -1.2775667440e+01    2.6400000000e+02    1.9441250000e-02    5.3072916667e-01
       153   -1.0519015472e+01    1.1102654343e+02   -2.1706830617e+01    1.1187815145e+01   -6.5458710189e+00    4.6010707200e-01   -2.8453992296e+00   -1.2775667440e+01    2.6400000000e+02    1.9514079000e-02    5.3328598485e-01
       154   -1.0470799377e+01    1.1008459753e+02   -2.2217873879e+01    1.1747074502e+01   -7.4369778638e+00    5.6185003891e-01   -2.5670786139e+00   -1.2775667440e+01    2.6400000000e+02    1.9488189000e-02    5.3783143939e-01
       155   -1.0492781575e+01    1.1043573949e+02   -2.1821849363e+01    1.1329067788e+01   -7.0393770880e+00    7.0678688138e-01   -2.7135917159e+00   -1.2775667440e+01    2.6400000000e+02    1.9592826000e-02    5.4053030303e-01
       156   -1.0453969491e+01    1.0973923901e+02   -2.2349887114e+01    1.1895917623e+01   -7.5418233029e+00    6.1788777831e-01   -2.6502841490e+00   -1.2775667440e+01    2.6400000000e+02    1.9317127000e-02    5.3361742424e-01
       157   -1.0567587578e+01    1.1220265627e+02   -2.1647549222e+01    1.1079961644e+01   -7.1486419708e+00    9.1992942579e-01   -2.6431692369e+00   -1.2775667440e+01    2.6400000000e+02    1.9608924000e-02    5.3390151515e-01
       158   -1.0439276945e+01    1.0948850862e+02   -2.2159499128e+01    1.1720222183e+01   -7.2071297181e+00    5.2685752594e-01   -2.7035594954e+00   -1.2775667440e+01    2.6400000000e+02    1.9706116000e-02    5.3669507576e-01
       159   -1.0514972411e+01    1.1094194563e+02   -2.2274418333e+01    1.1759445922e+01   -7.2283639147e+00    4.8783966773e-01   -2.7582266461e+00   -1.2775667440e+01    2.6400000000e+02    1.9528812000e-02    5.3300189394e-01
       160   -1.0517825867e+01    1.1099907282e+02   -2.2306747653e+01    1.1788921785e+01   -7.6048736456e+00    6.7921532297e-01   -2.6054218897e+00   -1.2775667440e+01    2.6400000000e+02    1.9410171000e-02    5.2812500000e-01
       161   -1.0439365700e+01    1.0938102833e+02   -2.1952124783e+01    1.1512759083e+01   -6.8561273438e+00    4.0309723206e-01   -2.7234272311e+00   -1.2775667440e+01    2.6400000000e+02    1.9684021000e-02    5.3295454545e-01
       162   -1.0547767039e+01    1.1170163894e+02   -2.2214448520e+01    1.1666681480e+01   -7.4160730256e+00    6.8844646412e-01   -2.7111545179e+00   -1.2775667440e+01    2.6400000000e+02    1.9514184000e-02    5.2750946970e-01
       163   -1.0471554468e+01    1.1006578763e+02   -2.1994102957e+01    1.1522548489e+01   -7.0836091417e+00    6.4657615559e-01   -2.7814025307e+00   -1.2775667440e+01    2.6400000000e+02    1.9375433000e-02    5.3844696970e-01
       164   -1.0452540486e+01    1.0964104494e+02   -2.2400311705e+01    1.1947771219e+01   -7.5766335992e+00    6.1334409327e-01   -2.6613547586e+00   -1.2775667440e+01    2.6400000000e+02    1.9575708000e-02    5.2803030303e-01
       165   -1.0518428718e+01    1.1104007083e+02   -2.1942981255e+01    1.1424552537e+01   -7.3391829653e+00    9.7183586217e-01   -2.7999667118e+00   -1.2775667440e+01    2.6400000000e+02    1.9531031000e-02    5.3058712121e-01
       166   -1.0451218482e+01    1.0963671408e+02   -2.1894496871e+01    1.1443278389e+01   -7.1900706580e+00    6.0144922663e-01   -2.5302079996e+00   -1.2775667440e+01    2.6400000000e+02    1.9470552000e-02    5.3503787879e-01
       167   -1.0517244896e+01    1.1103342181e+02   -2.2313774009e+01    1.1796529114e+01   -7.3265960845e+00    5.0685980053e-01   -2.7183702851e+00   -1.2775667440e+01    2.6400000000e+02    1.9529552000e-02    5.3229166667e-01
       168   -1.0566873418e+01    1.1206871517e+02   -2.1737793226e+01    1.1170919809e+01   -6.6998104419e+00    4.8181334255e-01   -2.7441286869e+00   -1.2775667440e+01    2.6400000000e+02    1.9496707000e-02    5.3423295455e-01
       169   -1.0499868593e+01    1.1061009087e+02   -2.1801296014e+01    1.1301427422e+01   -6.7635424319e+00    6.2375203821e-01   -2.8858381802e+00   -1.2775667440e+01    2.6400000000e+02    1.9588822000e-02    5.3309659091e-01
       170   -1.0502252984e+01    1.1070658426e+02   -2.2154945641e+01    1.1652692657e+01   -7.1331135491e+00    4.9809676092e-01   -2.7442614123e+00   -1.2775667440e+01    2.6400000000e+02    1.9464473000e-02    5.3404356061e-01
       171   -1.0406282532e+01    1.0867590035e+02   -2.1886741264e+01    1.1480458732e+01   -6.9965932010e+00    5.9773542902e-01   -2.7122160517e+00   -1.2775667440e+01    2.6400000000e+02    1.9493843000e-02    5.3087121212e-01
       172   -1.0539544624e+01    1.1144579895e+02   -2.2147231241e+01    1.1607686617e+01   -7.4487678395e+00    8.2008219155e-01   -2.7428781528e+00   -1.2775667440e+01    2.6400000000e+02    1.9452964000e-02    5.4261363636e-01
       173   -1.0552051438e+01    1.1187863188e+02   -2.1949004946e+01    1.1396953507e+01   -7.0736205242e+00    5.7207725930e-01   -2.6717942407e+00   -1.2775667440e+01    2.6400000000e+02    1.9204757000e-02    5.3584280303e-01
       174   -1.0528789353e+01    1.1121495347e+02   -2.2092694266e+01    1.1563904914e+01   -7.1058865717e+00    4.8144392205e-01   -2.6925841764e+00   -1.2775667440e+01    2.6400000000e+02    1.9032111000e-02    5.3418560606e-01
       175   -1.0488295818e+01    1.1042049780e+02   -2.1772000338e+01    1.1283704520e+01   -7.0553519303e+00    6.0905178993e-01   -2.5500327574e+00   -1.2775667440e+01    2.6400000000e+02    1.9263486000e-02    5.3787878788e-01
       176   -1.0449565822e+01    1.0957840493e+02   -2.1814574649e+01    1.1365008827e+01   -7.0549637775e+00    6.8468488553e-01   -2.6686283166e+00   -1.2775667440e+01    2.6400000000e+02    1.9223369000e-02    5.3598484848e-01
       177   -1.0511634242e+01    1.1092853681e+02   -2.2234412161e+01    1.1722777919e+01   -7.4039672707e+00    5.7569527643e-01   -2.6304727269e+00   -1.2775667440e+01    2.6400000000e+02    1.9308489000e-02    5.3948863636e-01
       178   -1.0467493807e+01    1.0994475887e+02   -2.1809582774e+01    1.1342088968e+01   -6.9520607798e+00    6.6061366222e-01   -2.7424682163e+00   -1.2775667440e+01    2.6400000000e+02    1.9091466000e-02    5.3792613636e-01
       179   -1.0541972983e+01    1.1149319096e+02   -2.1726130999e+01    1.1184158016e+01   -6.7612212121e+00    5.6736103784e-01   -2.7566033843e+00   -1.2775667440e+01    2.6400000000e+02    1.9347680000e-02    5.3480113636e-01
       180   -1.0479510114e+01    1.1022736162e+02   -2.2017397855e+01    1.1537887741e+01   -7.1420868834e+00    6.2240788359e-01   -2.7220514147e+00   -1.2775667440e+01    2.6400000000e+02    1.9317320000e-02    5.3754734848e-01
       181   -1.0498581038e+01    1.1062545825e+02   -2.1638623128e+01    1.1140042090e+01   -6.9273749144e+00    6.9184958530e-01   -2.6274303584e+00   -1.2775667440e+01    2.6400000000e+02    1.9263943000e-02    5.3532196970e-01
       182   -1.0477416362e+01    1.1025501476e+02   -2.2364819311e+01    1.1887402949e+01   -7.2031630010e+00    3.6813544921e-01   -2.7541243187e+00   -1.2775667440e+01    2.6400000000e+02    1.9232525000e-02    5.3877840909e-01
       183   -1.0551476608e+01    1.1178775744e+02   -2.1419252499e+01    1.0867775891e+01   -6.3986507966e+00    5.5757306028e-01   -2.8025073221e+00   -1.2775667440e+01    2.6400000000e+02    1.9351839000e-02    5.3697916667e-01
       184   -1.0514089456e+01    1.1094382326e+02   -2.2409395892e+01    1.1895306436e+01   -7.6178248197e+00    5.7037137151e-01   -2.5862750035e+00   -1.2775667440e+01    2.6400000000e+02    1.9387619000e-02    5.4223484848e-01
       185   -1.0511046123e+01    1.1081052973e+02   -2.2103748040e+01    1.1592701917e+01   -7.3403645528e+00    7.1447533765e-01   -2.7021913849e+00   -1.2775667440e+01    2.6400000000e+02    1.9235761000e-02    5.2476325758e-01
       186   -1.0497408767e+01    1.1073796942e+02   -2.1920063331e+01    1.1422654564e+01   -7.1386785223e+00    6.4595040138e-01   -2.6516677695e+00   -1.2775667440e+01    2.6400000000e+02    1.9118743000e-02    5.2949810606e-01
       187   -1.0500529021e+01    1.1071577133e+02   -2.1799592261e+01    1.1299063239e+01   -7.0453195973e+00    7.4826291829e-01   -2.7268681413e+00   -1.2775667440e+01    2.6400000000e+02    1.9340175000e-02    5.3527462121e-01
       188   -1.0548089060e+01    1.1172744532e+02   -2.2081211278e+01    1.1533122218e+01   -7.3328563355e+00    5.9373068467e-01   -2.5664181868e+00   -1.2775667440e+01    2.6400000000e+02    1.9405686000e-02    5.3570075758e-01
       189   -1.0433923412e+01    1.0924245097e+02   -2.2111945194e+01    1.1678021782e+01   -7.2014553386e+00    6.6401250854e-01   -2.7988349241e+00   -1.2775667440e+01    2.6400000000e+02    1.9228519000e-02    5.2949810606e-01
       190   -1.0531316258e+01    1.1125108142e+02   -2.2066166912e+01    1.1534850653e+01   -7.3911705151e+00    7.8080482735e-01   -2.6801337835e+00   -1.2775667440e+01    2.6400000000e+02    1.9355221000e-02    5.3366477273e-01
       191   -1.0464225070e+01    1.1014062012e+02   -2.1643320456e+01    1.1179095385e+01   -7.1610929946e+00    8.8459221823e-01   -2.5911522389e+00   -1.2775667440e+01    2.6400000000e+02    1.9109940000e-02    5.3082386364e-01
       192   -1.0438168823e+01    1.0935804017e+02   -2.2102868142e+01    1.1664699319e+01   -6.9208827235e+00    3.8917478430e-01   -2.7954927624e+00   -1.2775667440e+01    2.6400000000e+02    1.9466905000e-02    5.3636363636e-01
       193   -1.0414543527e+01    1.0880816408e+02   -2.2367575109e+01    1.1953031583e+01   -7.7148347996e+00    7.6667430164e-01   -2.6437471710e+00   -1.2775667440e+01    2.6400000000e+02    1.9494177000e-02    5.3446969697e-01
       194   -1.0536065891e+01    1.1134579899e+02   -2.1950305583e+01    1.1414239693e+01   -7.0578096142e+00    5.6676713940e-01   -2.6835956683e+00   -1.2775667440e+01    2.6400000000e+02    1.9466517000e-02    5.3650568182e-01
       195   -1.0495078286e+01    1.1060483717e+02   -2.1792203512e+01    1.1297125225e+01   -7.1526703760e+00    6.6481232700e-01   -2.5286780226e+00   -1.2775667440e+01    2.6400000000e+02    1.9377413000e-02    5.3541666667e-01
       196   -1.0530994390e+01    1.1131418534e+02   -2.1895130159e+01    1.1364135770e+01   -6.9866916666e+00    5.2728952526e-01   -2.6600605776e+00   -1.2775667440e+01    2.6400000000e+02    1.9464153000e-02    5.4266098485e-01
       197   -1.0513551970e+01    1.1102374254e+02   -2.1722518115e+01    1.1208966145e+01   -6.5928401506e+00    3.5669082569e-01   -2.7107013495e+00   -1.2775667440e+01    2.6400000000e+02    1.9950351000e-02    5.3731060606e-01
       198   -1.0432670385e+01    1.0918246996e+02   -2.2053606576e+01    1.1620936192e+01   -7.2585926043e+00    6.2893104438e-01   -2.6482775762e+00   -1.2775667440e+01    2.6400000000e+02    2.0106902000e-02    5.3532196970e-01
       199   -1.0530646649e+01    1.1141904665e+02   -2.1761984589e+01    1.1231337939e+01   -6.9903911380e+00    7.1473973937e-01   -2.7106657499e+00   -1.2775667440e+01    2.6400000000e+02    1.9447968000e-02    5.3248106061e-01
