#   index    LocalEnergy         LocalEnergy_sq      LocalPotential      Kinetic             LocalECP            NonLocalECP         ElecElec            IonIon              BlockWeight         BlockCPU            AcceptRatio         
         0   -1.0460155632e+01    1.0976712459e+02   -2.2068156556e+01    1.1608000924e+01   -7.0250985287e+00    4.7760140013e-01   -2.7449919871e+00   -1.2775667440e+01    2.6400000000e+02    2.2520020000e-02    5.3110795455e-01
         1   -1.0466748552e+01    1.0992188711e+02   -2.2009550601e+01    1.1542802049e+01   -7.0757472429e+00    5.4341991302e-01   -2.7015558307e+00   -1.2775667440e+01    2.6400000000e+02    2.5795332000e-02    5.4124053030e-01
         2   -1.0455088006e+01    1.0965748521e+02   -2.2234845331e+01    1.1779757325e+01   -7.2200357093e+00    5.1603220521e-01   -2.7551743869e+00   -1.2775667440e+01    2.6400000000e+02    2.2534287000e-02    5.3442234848e-01
         3   -1.0401641953e+01    1.0861478183e+02   -2.2656649248e+01    1.2255007295e+01   -7.6679436375e+00    5.6588515306e-01   -2.7789233235e+00   -1.2775667440e+01    2.6400000000e+02    2.2616855000e-02    5.3688446970e-01
         4   -1.0466922637e+01    1.0993540638e+02   -2.1573182365e+01    1.1106259727e+01   -6.6147543132e+00    5.2222248506e-01   -2.7049830961e+00   -1.2775667440e+01    2.6400000000e+02    2.2534687000e-02    5.4379734848e-01
         5   -1.0469612443e+01    1.1002439363e+02   -2.2148716485e+01    1.1679104041e+01   -7.4017381830e+00    6.7829601773e-01   -2.6496068790e+00   -1.2775667440e+01    2.6400000000e+02    2.2905587000e-02    5.3716856061e-01
         6   -1.0477022906e+01    1.1022168828e+02   -2.1835976723e+01    1.1358953817e+01   -6.7655751067e+00    4.0121312192e-01   -2.6959472976e+00   -1.2775667440e+01    2.6400000000e+02    2.2658743000e-02    5.3996212121e-01
         7   -1.0480249704e+01    1.1050371912e+02   -2.1918201224e+01    1.1437951519e+01   -7.0707543087e+00    5.7379579793e-01   -2.6455752726e+00   -1.2775667440e+01    2.6400000000e+02    2.2735251000e-02    5.3802083333e-01
         8   -1.0471765314e+01    1.1015963910e+02   -2.2230071745e+01    1.1758306431e+01   -6.9951602351e+00    3.8309221721e-01   -2.8423362871e+00   -1.2775667440e+01    2.6400000000e+02    2.2624649000e-02    5.3489583333e-01
         9   -1.0502001173e+01    1.1080023461e+02   -2.1890899342e+01    1.1388898169e+01   -6.7594335017e+00    3.6424042466e-01   -2.7200388251e+00   -1.2775667440e+01    2.6400000000e+02    2.2770717000e-02    5.3290719697e-01
        10   -1.0465059002e+01    1.0984120298e+02   -2.2534953537e+01    1.2069894535e+01   -7.5600336191e+00    5.4929321150e-01   -2.7485456892e+00   -1.2775667440e+01    2.6400000000e+02    2.2806743000e-02    5.3532196970e-01
        11   -1.0480616784e+01    1.1023976328e+02   -2.1790813165e+01    1.1310196381e+01   -6.9762709828e+00    5.7130647584e-01   -2.6101812176e+00   -1.2775667440e+01    2.6400000000e+02    2.2490246000e-02    5.2760416667e-01
        12   -1.0468736488e+01    1.1002141346e+02   -2.1861456385e+01    1.1392719897e+01   -6.9531645024e+00    5.6478211295e-01   -2.6974065552e+00   -1.2775667440e+01    2.6400000000e+02    2.2411611000e-02    5.3603219697e-01
        13   -1.0495224092e+01    1.1074363023e+02   -2.2202966211e+01    1.1707742119e+01   -7.3948053990e+00    7.0623321181e-01   -2.7387265832e+00   -1.2775667440e+01    2.6400000000e+02    2.2598899000e-02    5.3887310606e-01
        14   -1.0394682789e+01    1.0857481258e+02   -2.2334913518e+01    1.1940230729e+01   -7.5946830022e+00    6.6058810216e-01   -2.6251511779e+00   -1.2775667440e+01    2.6400000000e+02    2.2177587000e-02    5.3622159091e-01
        15   -1.0448035199e+01    1.0946158430e+02   -2.1948902542e+01    1.1500867343e+01   -6.8025571020e+00    4.4596569535e-01   -2.8166436949e+00   -1.2775667440e+01    2.6400000000e+02    2.1828469000e-02    5.3134469697e-01
        16   -1.0493377071e+01    1.1052723543e+02   -2.1909903620e+01    1.1416526549e+01   -6.9144359454e+00    5.3150754906e-01   -2.7513077832e+00   -1.2775667440e+01    2.6400000000e+02    2.1607457000e-02    5.3858901515e-01
        17   -1.0355979698e+01    1.0761263471e+02   -2.1801846805e+01    1.1445867107e+01   -6.9987342417e+00    6.6404030407e-01   -2.6914854271e+00   -1.2775667440e+01    2.6400000000e+02    2.1767688000e-02    5.3570075758e-01
        18   -1.0507065549e+01    1.1085933433e+02   -2.2047029121e+01    1.1539963572e+01   -7.2202906095e+00    5.6859230469e-01   -2.6196633760e+00   -1.2775667440e+01    2.6400000000e+02    2.1671572000e-02    5.3271780303e-01
        19   -1.0442542152e+01    1.0971572842e+02   -2.2233591383e+01    1.1791049230e+01   -7.3639167073e+00    4.8598840818e-01   -2.5799956433e+00   -1.2775667440e+01    2.6400000000e+02    2.1618054000e-02    5.4138257576e-01
        20   -1.0488059639e+01    1.1043696161e+02   -2.2195071329e+01    1.1707011689e+01   -7.4378462832e+00    6.5932666667e-01   -2.6408842722e+00   -1.2775667440e+01    2.6400000000e+02    2.1780712000e-02    5.4034090909e-01
        21   -1.0523091661e+01    1.1117624956e+02   -2.2205006830e+01    1.1681915169e+01   -7.3047379809e+00    5.6827725844e-01   -2.6928786668e+00   -1.2775667440e+01    2.6400000000e+02    2.2093486000e-02    5.3442234848e-01
        22   -1.0485974430e+01    1.1036176646e+02   -2.2061934730e+01    1.1575960301e+01   -7.2527968426e+00    6.2798000067e-01   -2.6614504481e+00   -1.2775667440e+01    2.6400000000e+02    2.1663882000e-02    5.3371212121e-01
        23   -1.0542081075e+01    1.1156787058e+02   -2.2034413151e+01    1.1492332076e+01   -7.3086069772e+00    6.5159077692e-01   -2.6017295101e+00   -1.2775667440e+01    2.6400000000e+02    2.1834337000e-02    5.3456439394e-01
        24   -1.0431816960e+01    1.0917646535e+02   -2.2183291601e+01    1.1751474641e+01   -7.2967156769e+00    5.9131361164e-01   -2.7022220951e+00   -1.2775667440e+01    2.6400000000e+02    2.1620983000e-02    5.3816287879e-01
        25   -1.0504008150e+01    1.1073335083e+02   -2.2052717229e+01    1.1548709080e+01   -7.2387192127e+00    6.3477307544e-01   -2.6731036518e+00   -1.2775667440e+01    2.6400000000e+02    2.1585172000e-02    5.4109848485e-01
        26   -1.0455640803e+01    1.0983346312e+02   -2.2683914518e+01    1.2228273715e+01   -7.5551522666e+00    4.3311695165e-01   -2.7862117627e+00   -1.2775667440e+01    2.6400000000e+02    2.1622645000e-02    5.3333333333e-01
        27   -1.0519331155e+01    1.1100686116e+02   -2.1782896675e+01    1.1263565520e+01   -6.7905803021e+00    5.4035078230e-01   -2.7569997150e+00   -1.2775667440e+01    2.6400000000e+02    2.1686800000e-02    5.3603219697e-01
        28   -1.0539939710e+01    1.1160665998e+02   -2.2031841122e+01    1.1491901412e+01   -7.3237363641e+00    7.3299173788e-01   -2.6654290554e+00   -1.2775667440e+01    2.6400000000e+02    2.1616988000e-02    5.3754734848e-01
        29   -1.0513821866e+01    1.1097656197e+02   -2.2034382790e+01    1.1520560924e+01   -7.0040488312e+00    5.4252046912e-01   -2.7971869877e+00   -1.2775667440e+01    2.6400000000e+02    2.1815991000e-02    5.3697916667e-01
        30   -1.0477215562e+01    1.1022011420e+02   -2.2089209580e+01    1.1611994018e+01   -7.4231511632e+00    7.1787200792e-01   -2.6082629841e+00   -1.2775667440e+01    2.6400000000e+02    2.2182999000e-02    5.3617424242e-01
        31   -1.0475562077e+01    1.1008073062e+02   -2.1856846879e+01    1.1381284803e+01   -6.7911262110e+00    4.4862083407e-01   -2.7386740622e+00   -1.2775667440e+01    2.6400000000e+02    2.1738151000e-02    5.3660037879e-01
        32   -1.0522369748e+01    1.1112805901e+02   -2.1934967058e+01    1.1412597310e+01   -7.2394792723e+00    7.0569205967e-01   -2.6255124052e+00   -1.2775667440e+01    2.6400000000e+02    2.2003913000e-02    5.3617424242e-01
        33   -1.0540126556e+01    1.1153754549e+02   -2.2792395467e+01    1.2252268911e+01   -7.8385643268e+00    4.0969463687e-01   -2.5878583373e+00   -1.2775667440e+01    2.6400000000e+02    2.2746924000e-02    5.3645833333e-01
        34   -1.0510466894e+01    1.1086616643e+02   -2.2360486127e+01    1.1850019233e+01   -7.4430617067e+00    6.6952962022e-01   -2.8112866007e+00   -1.2775667440e+01    2.6400000000e+02    2.2725012000e-02    5.3901515152e-01
        35   -1.0437532963e+01    1.0943079215e+02   -2.2500368289e+01    1.2062835327e+01   -7.6958290977e+00    6.1810682595e-01   -2.6469785774e+00   -1.2775667440e+01    2.6400000000e+02    2.2595803000e-02    5.3399621212e-01
        36   -1.0473385588e+01    1.1023896850e+02   -2.2164136481e+01    1.1690750893e+01   -7.3459350783e+00    6.3897438635e-01   -2.6815083487e+00   -1.2775667440e+01    2.6400000000e+02    2.2828419000e-02    5.3844696970e-01
        37   -1.0554536336e+01    1.1179441284e+02   -2.1993285045e+01    1.1438748710e+01   -7.1456583094e+00    5.2631054732e-01   -2.5982698428e+00   -1.2775667440e+01    2.6400000000e+02    2.2698894000e-02    5.3854166667e-01
        38   -1.0445174430e+01    1.0965877651e+02   -2.1775662840e+01    1.1330488409e+01   -7.0306161350e+00    6.4849126845e-01   -2.6178705329e+00   -1.2775667440e+01    2.6400000000e+02    2.2606899000e-02    5.3740530303e-01
        39   -1.0481798380e+01    1.1032948840e+02   -2.2394544853e+01    1.1912746473e+01   -7.7665082677e+00    6.8509913028e-01   -2.5374682753e+00   -1.2775667440e+01    2.6400000000e+02    2.3039624000e-02    5.3716856061e-01
        40   -1.0553279760e+01    1.1180528590e+02   -2.2265978970e+01    1.1712699211e+01   -7.1845057080e+00    4.6152356843e-01   -2.7673293906e+00   -1.2775667440e+01    2.6400000000e+02    2.2699533000e-02    5.3300189394e-01
        41   -1.0311837250e+01    1.0693161002e+02   -2.2080177480e+01    1.1768340230e+01   -6.9146619295e+00    3.4372974765e-01   -2.7335778577e+00   -1.2775667440e+01    2.6400000000e+02    2.2555814000e-02    5.4176136364e-01
        42   -1.0500765158e+01    1.1071634481e+02   -2.2580229205e+01    1.2079464047e+01   -7.8673406017e+00    6.7029721086e-01   -2.6075183741e+00   -1.2775667440e+01    2.6400000000e+02    2.2724612000e-02    5.3532196970e-01
        43   -1.0554362532e+01    1.1186341029e+02   -2.2232832808e+01    1.1678470276e+01   -7.4001351781e+00    6.7706598265e-01   -2.7340961719e+00   -1.2775667440e+01    2.6400000000e+02    2.2593635000e-02    5.4114583333e-01
        44   -1.0520538193e+01    1.1113695681e+02   -2.1871484058e+01    1.1350945866e+01   -6.9310283262e+00    5.2976176869e-01   -2.6945500605e+00   -1.2775667440e+01    2.6400000000e+02    2.2777696000e-02    5.3830492424e-01
        45   -1.0506638394e+01    1.1075227027e+02   -2.1447860872e+01    1.0941222477e+01   -6.8386608963e+00    7.9879460982e-01   -2.6323271451e+00   -1.2775667440e+01    2.6400000000e+02    2.2876526000e-02    5.3806818182e-01
        46   -1.0405925345e+01    1.0896870372e+02   -2.2381375290e+01    1.1975449945e+01   -7.4907704032e+00    4.8081203888e-01   -2.5957494857e+00   -1.2775667440e+01    2.6400000000e+02    2.2855659000e-02    5.3906250000e-01
        47   -1.0494534300e+01    1.1062913119e+02   -2.1842852467e+01    1.1348318167e+01   -7.2361545998e+00    6.9710372617e-01   -2.5281341535e+00   -1.2775667440e+01    2.6400000000e+02    2.2694259000e-02    5.3816287879e-01
        48   -1.0459620911e+01    1.0979848124e+02   -2.2196832585e+01    1.1737211674e+01   -7.5109211028e+00    6.2733164408e-01   -2.5375756859e+00   -1.2775667440e+01    2.6400000000e+02    2.2545615000e-02    5.3754734848e-01
        49   -1.0514477360e+01    1.1089990296e+02   -2.2106133438e+01    1.1591656078e+01   -7.4037193864e+00    6.6891305450e-01   -2.5956596661e+00   -1.2775667440e+01    2.6400000000e+02    2.2806207000e-02    5.3579545455e-01
        50   -1.0482445013e+01    1.1024842730e+02   -2.2139889503e+01    1.1657444490e+01   -7.1618618075e+00    5.2058029015e-01   -2.7229405454e+00   -1.2775667440e+01    2.6400000000e+02    2.2607873000e-02    5.3697916667e-01
        51   -1.0546746632e+01    1.1202888523e+02   -2.1680706497e+01    1.1133959865e+01   -7.0845582365e+00    6.8837927841e-01   -2.5088600990e+00   -1.2775667440e+01    2.6400000000e+02    2.2773008000e-02    5.3858901515e-01
        52   -1.0507361056e+01    1.1083682268e+02   -2.2021224939e+01    1.1513863883e+01   -6.8926973208e+00    4.9450583403e-01   -2.8473660123e+00   -1.2775667440e+01    2.6400000000e+02    2.2795612000e-02    5.3877840909e-01
        53   -1.0487162393e+01    1.1037326526e+02   -2.1053526083e+01    1.0566363690e+01   -6.1543094520e+00    5.7507903230e-01   -2.6986282229e+00   -1.2775667440e+01    2.6400000000e+02    2.2739088000e-02    5.3314393939e-01
        54   -1.0489161051e+01    1.1048019591e+02   -2.2241148420e+01    1.1751987369e+01   -7.3634021564e+00    6.2305869023e-01   -2.7251375136e+00   -1.2775667440e+01    2.6400000000e+02    2.2664806000e-02    5.4038825758e-01
        55   -1.0486526240e+01    1.1034974526e+02   -2.1692277940e+01    1.1205751700e+01   -6.8168837554e+00    5.6820594757e-01   -2.6679326920e+00   -1.2775667440e+01    2.6400000000e+02    2.2724235000e-02    5.3882575758e-01
        56   -1.0495870165e+01    1.1054538503e+02   -2.1955268403e+01    1.1459398238e+01   -6.7101527759e+00    3.2296054278e-01   -2.7924087297e+00   -1.2775667440e+01    2.6400000000e+02    2.2435015000e-02    5.3631628788e-01
        57   -1.0463577925e+01    1.1024925506e+02   -2.2233067118e+01    1.1769489194e+01   -7.1938044683e+00    3.8545827298e-01   -2.6490534828e+00   -1.2775667440e+01    2.6400000000e+02    2.2442286000e-02    5.3342803030e-01
        58   -1.0468743242e+01    1.0994989226e+02   -2.2104982847e+01    1.1636239605e+01   -7.2835962765e+00    6.7222583758e-01   -2.7179449681e+00   -1.2775667440e+01    2.6400000000e+02    2.2608601000e-02    5.3233901515e-01
        59   -1.0501118750e+01    1.1060813720e+02   -2.1874942377e+01    1.1373823627e+01   -6.9632558653e+00    6.3654349007e-01   -2.7725625615e+00   -1.2775667440e+01    2.6400000000e+02    2.2129183000e-02    5.4322916667e-01
        60   -1.0432374923e+01    1.0949671964e+02   -2.1876342880e+01    1.1443967958e+01   -6.6811443669e+00    2.4411874938e-01   -2.6636498227e+00   -1.2775667440e+01    2.6400000000e+02    2.1690130000e-02    5.3432765152e-01
        61   -1.0481908832e+01    1.1186209748e+02   -2.2038157956e+01    1.1556249124e+01   -7.4017160573e+00    7.8580217815e-01   -2.6465766371e+00   -1.2775667440e+01    2.6400000000e+02    2.1880886000e-02    5.3361742424e-01
        62   -1.0521666970e+01    1.1122171026e+02   -2.1971245499e+01    1.1449578529e+01   -7.2648206840e+00    7.0794166078e-01   -2.6386990356e+00   -1.2775667440e+01    2.6400000000e+02    2.1677324000e-02    5.3764204545e-01
        63   -1.0566783532e+01    1.1202420132e+02   -2.1383989022e+01    1.0817205490e+01   -6.4640377897e+00    6.4556686700e-01   -2.7898506590e+00   -1.2775667440e+01    2.6400000000e+02    2.2142775000e-02    5.3446969697e-01
        64   -1.0498699751e+01    1.1063709080e+02   -2.1980559359e+01    1.1481859608e+01   -7.1178839267e+00    4.4902169434e-01   -2.5360296865e+00   -1.2775667440e+01    2.6400000000e+02    2.2616850000e-02    5.3513257576e-01
        65   -1.0511791566e+01    1.1092121526e+02   -2.1294542573e+01    1.0782751007e+01   -6.4683104027e+00    6.1217006022e-01   -2.6627347901e+00   -1.2775667440e+01    2.6400000000e+02    2.2517484000e-02    5.3934659091e-01
        66   -1.0456179046e+01    1.0976554413e+02   -2.1990891269e+01    1.1534712223e+01   -7.4299332103e+00    6.3657416168e-01   -2.4218647805e+00   -1.2775667440e+01    2.6400000000e+02    2.2541629000e-02    5.3096590909e-01
        67   -1.0481680327e+01    1.1025591468e+02   -2.2314963009e+01    1.1833282683e+01   -7.1255160623e+00    3.1927021613e-01   -2.7330497228e+00   -1.2775667440e+01    2.6400000000e+02    2.1940171000e-02    5.3783143939e-01
        68   -1.0507506479e+01    1.1083064128e+02   -2.2004917853e+01    1.1497411375e+01   -7.0532607244e+00    5.1232491082e-01   -2.6883145996e+00   -1.2775667440e+01    2.6400000000e+02    2.1697898000e-02    5.3925189394e-01
        69   -1.0502627873e+01    1.1076503020e+02   -2.2271233012e+01    1.1768605139e+01   -7.2812077260e+00    4.7066432014e-01   -2.6850221660e+00   -1.2775667440e+01    2.6400000000e+02    2.1621429000e-02    5.3262310606e-01
        70   -1.0468480817e+01    1.1003146386e+02   -2.2559604259e+01    1.2091123442e+01   -7.8873235401e+00    6.1576676463e-01   -2.5123800431e+00   -1.2775667440e+01    2.6400000000e+02    2.1784134000e-02    5.2964015152e-01
        71   -1.0497242608e+01    1.1058555644e+02   -2.2416554683e+01    1.1919312075e+01   -7.5565281964e+00    5.4673457006e-01   -2.6310936163e+00   -1.2775667440e+01    2.6400000000e+02    2.1699807000e-02    5.3522727273e-01
        72   -1.0525670728e+01    1.1114940546e+02   -2.1834849600e+01    1.1309178871e+01   -6.9656820784e+00    6.6877009812e-01   -2.7622701791e+00   -1.2775667440e+01    2.6400000000e+02    2.1492414000e-02    5.3428030303e-01
        73   -1.0519149801e+01    1.1103458341e+02   -2.1969691681e+01    1.1450541880e+01   -6.9600818662e+00    6.5950773326e-01   -2.8934501080e+00   -1.2775667440e+01    2.6400000000e+02    2.1911073000e-02    5.3806818182e-01
        74   -1.0483310975e+01    1.1031642148e+02   -2.1992413641e+01    1.1509102666e+01   -7.2593669682e+00    7.4267397919e-01   -2.7000532114e+00   -1.2775667440e+01    2.6400000000e+02    2.1911105000e-02    5.3693181818e-01
        75   -1.0472342462e+01    1.1012910346e+02   -2.2203797790e+01    1.1731455329e+01   -7.4659709966e+00    5.9698831702e-01   -2.5591476703e+00   -1.2775667440e+01    2.6400000000e+02    2.1965953000e-02    5.4270833333e-01
        76   -1.0423881758e+01    1.0905580072e+02   -2.2317455971e+01    1.1893574213e+01   -7.4726529513e+00    6.1249074495e-01   -2.6816263241e+00   -1.2775667440e+01    2.6400000000e+02    2.1962228000e-02    5.3636363636e-01
        77   -1.0469967184e+01    1.1006911537e+02   -2.1773215754e+01    1.1303248570e+01   -6.8909131446e+00    4.9760324390e-01   -2.6042384131e+00   -1.2775667440e+01    2.6400000000e+02    2.2035492000e-02    5.3835227273e-01
        78   -1.0483069459e+01    1.1033508111e+02   -2.1705199616e+01    1.1222130158e+01   -6.9513163262e+00    6.6521028743e-01   -2.6434261372e+00   -1.2775667440e+01    2.6400000000e+02    2.2569046000e-02    5.4024621212e-01
        79   -1.0478729967e+01    1.1016154911e+02   -2.1908008448e+01    1.1429278481e+01   -6.9214466359e+00    5.7678474099e-01   -2.7876791129e+00   -1.2775667440e+01    2.6400000000e+02    2.2649175000e-02    5.3513257576e-01
        80   -1.0501156845e+01    1.1074305897e+02   -2.1574434368e+01    1.1073277523e+01   -6.8519668028e+00    8.1184465158e-01   -2.7586447769e+00   -1.2775667440e+01    2.6400000000e+02    2.2668901000e-02    5.4232954545e-01
        81   -1.0484230404e+01    1.1034957020e+02   -2.1913314323e+01    1.1429083920e+01   -7.2209239175e+00    7.0260068861e-01   -2.6193236543e+00   -1.2775667440e+01    2.6400000000e+02    2.2791823000e-02    5.3683712121e-01
        82   -1.0492783493e+01    1.1052356407e+02   -2.1942914940e+01    1.1450131447e+01   -7.1197981799e+00    6.6535833403e-01   -2.7128076543e+00   -1.2775667440e+01    2.6400000000e+02    2.2539395000e-02    5.3347537879e-01
        83   -1.0471497985e+01    1.1003518806e+02   -2.1937256398e+01    1.1465758413e+01   -7.0947868057e+00    5.7903943633e-01   -2.6458415885e+00   -1.2775667440e+01    2.6400000000e+02    2.2613878000e-02    5.3664772727e-01
        84   -1.0560271724e+01    1.1193954395e+02   -2.2020966513e+01    1.1460694789e+01   -7.3316341693e+00    7.2954400314e-01   -2.6432089067e+00   -1.2775667440e+01    2.6400000000e+02    2.2625487000e-02    5.3380681818e-01
        85   -1.0524150330e+01    1.1122630435e+02   -2.2224458891e+01    1.1700308561e+01   -7.8401418450e+00    8.8318358386e-01   -2.4918331896e+00   -1.2775667440e+01    2.6400000000e+02    2.2719909000e-02    5.3607954545e-01
        86   -1.0497951630e+01    1.1059977662e+02   -2.1958967710e+01    1.1461016080e+01   -7.0459016922e+00    4.9474908815e-01   -2.6321476654e+00   -1.2775667440e+01    2.6400000000e+02    2.2706851000e-02    5.3437500000e-01
        87   -1.0500877532e+01    1.1067128447e+02   -2.2104923816e+01    1.1604046284e+01   -7.2886450153e+00    5.8259872616e-01   -2.6232100871e+00   -1.2775667440e+01    2.6400000000e+02    2.2752810000e-02    5.3252840909e-01
        88   -1.0546277193e+01    1.1177713185e+02   -2.1484255564e+01    1.0937978371e+01   -6.8620094830e+00    8.1258442793e-01   -2.6591630689e+00   -1.2775667440e+01    2.6400000000e+02    2.2700538000e-02    5.3802083333e-01
        89   -1.0432025023e+01    1.0938957283e+02   -2.2553693008e+01    1.2121667986e+01   -7.6597730295e+00    5.5511337292e-01   -2.6733659115e+00   -1.2775667440e+01    2.6400000000e+02    2.2696085000e-02    5.4076704545e-01
        90   -1.0510760381e+01    1.1087617097e+02   -2.1993243522e+01    1.1482483141e+01   -7.0722860796e+00    6.2362049485e-01   -2.7689104970e+00   -1.2775667440e+01    2.6400000000e+02    2.2752732000e-02    5.3465909091e-01
        91   -1.0490080906e+01    1.1046738230e+02   -2.1800695060e+01    1.1310614154e+01   -6.7681100271e+00    4.5351690642e-01   -2.7104344988e+00   -1.2775667440e+01    2.6400000000e+02    2.2562501000e-02    5.3541666667e-01
        92   -1.0464038084e+01    1.1006932061e+02   -2.1856170436e+01    1.1392132351e+01   -7.2622832245e+00    8.0490864712e-01   -2.6231284179e+00   -1.2775667440e+01    2.6400000000e+02    2.2811442000e-02    5.2196969697e-01
        93   -1.0463364833e+01    1.0993708684e+02   -2.2068185074e+01    1.1604820241e+01   -7.1700301699e+00    5.1831160340e-01   -2.6407990676e+00   -1.2775667440e+01    2.6400000000e+02    2.2437720000e-02    5.2727272727e-01
        94   -1.0580569951e+01    1.1233295705e+02   -2.2069475887e+01    1.1488905935e+01   -7.1279196831e+00    5.6853736572e-01   -2.7344261290e+00   -1.2775667440e+01    2.6400000000e+02    2.2497311000e-02    5.3224431818e-01
        95   -1.0522195712e+01    1.1111532894e+02   -2.2398352191e+01    1.1876156479e+01   -7.3459960437e+00    4.2303378771e-01   -2.6997224945e+00   -1.2775667440e+01    2.6400000000e+02    2.2510076000e-02    5.2656250000e-01
        96   -1.0516860051e+01    1.1098017237e+02   -2.1816682596e+01    1.1299822545e+01   -6.9387918968e+00    5.6565682886e-01   -2.6678800878e+00   -1.2775667440e+01    2.6400000000e+02    2.2618776000e-02    5.3300189394e-01
        97   -1.0445402368e+01    1.0949665211e+02   -2.1906317245e+01    1.1460914878e+01   -7.1530719833e+00    6.0775083755e-01   -2.5853286594e+00   -1.2775667440e+01    2.6400000000e+02    2.2533528000e-02    5.3612689394e-01
        98   -1.0432308510e+01    1.0927742234e+02   -2.2212391032e+01    1.1780082522e+01   -7.4610948962e+00    6.1830675687e-01   -2.5939354521e+00   -1.2775667440e+01    2.6400000000e+02    2.2707749000e-02    5.3645833333e-01
        99   -1.0426416996e+01    1.0909809075e+02   -2.1975125500e+01    1.1548708505e+01   -7.0421576244e+00    5.1938079728e-01   -2.6766812331e+00   -1.2775667440e+01    2.6400000000e+02    2.2723456000e-02    5.3342803030e-01
       100   -1.0405538034e+01    1.0874295182e+02   -2.2401349015e+01    1.1995810981e+01   -7.6572929965e+00    6.0130404807e-01   -2.5696926261e+00   -1.2775667440e+01    2.6400000000e+02    2.2800037000e-02    5.3338068182e-01
       101   -1.0525264719e+01    1.1122012528e+02   -2.1740327267e+01    1.1215062547e+01   -6.8577616666e+00    5.8835479229e-01   -2.6952529524e+00   -1.2775667440e+01    2.6400000000e+02    2.2742160000e-02    5.3437500000e-01
       102   -1.0390664006e+01    1.0838627703e+02   -2.1828826507e+01    1.1438162501e+01   -6.9979075239e+00    6.1850806452e-01   -2.6737596077e+00   -1.2775667440e+01    2.6400000000e+02    2.2824285000e-02    5.3229166667e-01
       103   -1.0489474840e+01    1.1041597751e+02   -2.1955592390e+01    1.1466117550e+01   -6.9218556697e+00    6.1779918581e-01   -2.8758684657e+00   -1.2775667440e+01    2.6400000000e+02    2.2606248000e-02    5.2945075758e-01
       104   -1.0501865380e+01    1.1068087041e+02   -2.1934294431e+01    1.1432429051e+01   -7.0054833546e+00    5.5062414514e-01   -2.7037677817e+00   -1.2775667440e+01    2.6400000000e+02    2.2468914000e-02    5.3300189394e-01
       105   -1.0522185255e+01    1.1113817525e+02   -2.2118958974e+01    1.1596773719e+01   -7.4226619840e+00    7.2151263381e-01   -2.6421421837e+00   -1.2775667440e+01    2.6400000000e+02    2.2220375000e-02    5.4119318182e-01
       106   -1.0466846918e+01    1.0997988188e+02   -2.1765888560e+01    1.1299041642e+01   -6.7917763044e+00    4.8717429406e-01   -2.6856191099e+00   -1.2775667440e+01    2.6400000000e+02    2.1685095000e-02    5.4161931818e-01
       107   -1.0408518761e+01    1.0880137411e+02   -2.2010970890e+01    1.1602452128e+01   -7.3398459166e+00    7.0542720998e-01   -2.6008847427e+00   -1.2775667440e+01    2.6400000000e+02    2.1511231000e-02    5.3030303030e-01
       108   -1.0479130582e+01    1.1031558463e+02   -2.2264820638e+01    1.1785690056e+01   -7.6236066397e+00    6.6709332678e-01   -2.5326398846e+00   -1.2775667440e+01    2.6400000000e+02    2.1655283000e-02    5.2888257576e-01
       109   -1.0473766802e+01    1.1010523217e+02   -2.1658051951e+01    1.1184285149e+01   -6.7591190950e+00    5.2984963855e-01   -2.6531150540e+00   -1.2775667440e+01    2.6400000000e+02    2.1967323000e-02    5.3863636364e-01
       110   -1.0454915873e+01    1.0971044313e+02   -2.1952911085e+01    1.1497995212e+01   -6.9744351124e+00    5.6270840424e-01   -2.7655169366e+00   -1.2775667440e+01    2.6400000000e+02    2.1800928000e-02    5.3513257576e-01
       111   -1.0515531133e+01    1.1106296504e+02   -2.2051155143e+01    1.1535624011e+01   -7.0897383550e+00    6.0424670083e-01   -2.7899960488e+00   -1.2775667440e+01    2.6400000000e+02    2.1732971000e-02    5.3868371212e-01
       112   -1.0535550159e+01    1.1153869894e+02   -2.2456453299e+01    1.1920903140e+01   -7.5278130992e+00    5.6404006345e-01   -2.7170128231e+00   -1.2775667440e+01    2.6400000000e+02    2.1684574000e-02    5.3248106061e-01
       113   -1.0496612535e+01    1.1053574025e+02   -2.2060482894e+01    1.1563870359e+01   -7.1440209101e+00    5.6080194753e-01   -2.7015964911e+00   -1.2775667440e+01    2.6400000000e+02    2.1756586000e-02    5.3233901515e-01
       114   -1.0527184186e+01    1.1128497747e+02   -2.1910897464e+01    1.1383713278e+01   -6.9632810628e+00    6.5132204093e-01   -2.8232710022e+00   -1.2775667440e+01    2.6400000000e+02    2.1673676000e-02    5.3267045455e-01
       115   -1.0490561224e+01    1.1047719400e+02   -2.2229718369e+01    1.1739157145e+01   -7.2960695109e+00    4.6082828875e-01   -2.6188097064e+00   -1.2775667440e+01    2.6400000000e+02    2.1675051000e-02    5.4171401515e-01
       116   -1.0487742668e+01    1.1035949905e+02   -2.1911406336e+01    1.1423663668e+01   -6.8961112619e+00    4.8242830896e-01   -2.7220559430e+00   -1.2775667440e+01    2.6400000000e+02    2.1709775000e-02    5.3622159091e-01
       117   -1.0524750215e+01    1.1114940783e+02   -2.1908713536e+01    1.1383963321e+01   -7.0103574585e+00    5.2462493772e-01   -2.6473135747e+00   -1.2775667440e+01    2.6400000000e+02    2.1685755000e-02    5.3844696970e-01
       118   -1.0488980951e+01    1.1050429176e+02   -2.1735875776e+01    1.1246894826e+01   -6.8824280783e+00    4.9510038459e-01   -2.5728806425e+00   -1.2775667440e+01    2.6400000000e+02    2.1881973000e-02    5.3982007576e-01
       119   -1.0429559364e+01    1.0922288577e+02   -2.2171017495e+01    1.1741458131e+01   -7.2491096740e+00    6.6982968921e-01   -2.8160700704e+00   -1.2775667440e+01    2.6400000000e+02    2.1819635000e-02    5.3934659091e-01
       120   -1.0569886569e+01    1.1210820312e+02   -2.2205122995e+01    1.1635236426e+01   -7.3972894564e+00    7.1482065854e-01   -2.7469867570e+00   -1.2775667440e+01    2.6400000000e+02    2.1926727000e-02    5.3773674242e-01
       121   -1.0458217062e+01    1.0981208578e+02   -2.2082836679e+01    1.1624619617e+01   -7.3407516060e+00    5.6360861383e-01   -2.5300262462e+00   -1.2775667440e+01    2.6400000000e+02    2.1892343000e-02    5.3470643939e-01
       122   -1.0504500277e+01    1.1074142037e+02   -2.2225061944e+01    1.1720561667e+01   -7.1709675319e+00    5.8848579471e-01   -2.8669127661e+00   -1.2775667440e+01    2.6400000000e+02    2.2079647000e-02    5.4398674242e-01
       123   -1.0472974793e+01    1.1008392341e+02   -2.1815519630e+01    1.1342544837e+01   -6.9559854387e+00    6.0731807775e-01   -2.6911848289e+00   -1.2775667440e+01    2.6400000000e+02    2.2586492000e-02    5.3413825758e-01
       124   -1.0416758716e+01    1.0887410346e+02   -2.1646757621e+01    1.1229998906e+01   -6.6991699141e+00    4.1635542264e-01   -2.5882756897e+00   -1.2775667440e+01    2.6400000000e+02    2.2823607000e-02    5.3740530303e-01
       125   -1.0420211308e+01    1.0899947863e+02   -2.1620880423e+01    1.1200669115e+01   -6.5597913341e+00    4.3434564409e-01   -2.7197672930e+00   -1.2775667440e+01    2.6400000000e+02    2.2690452000e-02    5.4024621212e-01
       126   -1.0542818750e+01    1.1155664532e+02   -2.2360517408e+01    1.1817698658e+01   -7.3209419945e+00    4.9982551597e-01   -2.7637334889e+00   -1.2775667440e+01    2.6400000000e+02    2.2926359000e-02    5.3513257576e-01
       127   -1.0485184592e+01    1.1031138193e+02   -2.2230952192e+01    1.1745767600e+01   -7.5154334629e+00    7.5701774042e-01   -2.6968690295e+00   -1.2775667440e+01    2.6400000000e+02    2.2750476000e-02    5.3366477273e-01
       128   -1.0552235119e+01    1.1179355840e+02   -2.1752904901e+01    1.1200669782e+01   -6.8656878959e+00    6.4880067686e-01   -2.7603502414e+00   -1.2775667440e+01    2.6400000000e+02    2.2710722000e-02    5.3626893939e-01
       129   -1.0435408190e+01    1.0921740302e+02   -2.2285124797e+01    1.1849716608e+01   -7.4718569187e+00    7.0943029673e-01   -2.7470307350e+00   -1.2775667440e+01    2.6400000000e+02    2.2681358000e-02    5.2987689394e-01
       130   -1.0555185819e+01    1.1189685070e+02   -2.2087767064e+01    1.1532581245e+01   -7.3033113287e+00    7.1292788400e-01   -2.7217161792e+00   -1.2775667440e+01    2.6400000000e+02    2.2777818000e-02    5.3660037879e-01
       131   -1.0480460557e+01    1.1021632051e+02   -2.2165361822e+01    1.1684901265e+01   -7.3186555265e+00    5.0550105695e-01   -2.5765399125e+00   -1.2775667440e+01    2.6400000000e+02    2.2679522000e-02    5.3546401515e-01
       132   -1.0511964897e+01    1.1094163129e+02   -2.1939363120e+01    1.1427398223e+01   -6.9044662907e+00    4.6578754419e-01   -2.7250169333e+00   -1.2775667440e+01    2.6400000000e+02    2.2663066000e-02    5.3626893939e-01
       133   -1.0545765330e+01    1.1188417532e+02   -2.2223236061e+01    1.1677470731e+01   -7.7792077065e+00    9.1740431879e-01   -2.5857652329e+00   -1.2775667440e+01    2.6400000000e+02    2.2780413000e-02    5.3167613636e-01
       134   -1.0490541261e+01    1.1047267857e+02   -2.2032814450e+01    1.1542273188e+01   -7.2092842191e+00    6.0881616245e-01   -2.6566789529e+00   -1.2775667440e+01    2.6400000000e+02    2.2801760000e-02    5.3394886364e-01
       135   -1.0437243270e+01    1.0930362901e+02   -2.2313834587e+01    1.1876591317e+01   -7.3562589509e+00    6.0238370804e-01   -2.7842919037e+00   -1.2775667440e+01    2.6400000000e+02    2.2405381000e-02    5.3319128788e-01
       136   -1.0411936483e+01    1.0904472859e+02   -2.2180776680e+01    1.1768840198e+01   -7.0108344844e+00    2.7955186198e-01   -2.6738266176e+00   -1.2775667440e+01    2.6400000000e+02    2.2762037000e-02    5.3792613636e-01
       137   -1.0470981128e+01    1.1012237111e+02   -2.1508546102e+01    1.1037564974e+01   -6.5473256390e+00    5.2368376113e-01   -2.7092367840e+00   -1.2775667440e+01    2.6400000000e+02    2.2349678000e-02    5.3849431818e-01
       138   -1.0485789064e+01    1.1049682706e+02   -2.1972905673e+01    1.1487116610e+01   -6.8394138379e+00    4.3110995414e-01   -2.7889343492e+00   -1.2775667440e+01    2.6400000000e+02    2.2581990000e-02    5.3844696970e-01
       139   -1.0481087880e+01    1.1035375863e+02   -2.2090196966e+01    1.1609109086e+01   -7.1451846775e+00    6.7747450885e-01   -2.8468193567e+00   -1.2775667440e+01    2.6400000000e+02    2.2508130000e-02    5.3925189394e-01
       140   -1.0503670842e+01    1.1077543967e+02   -2.1615577152e+01    1.1111906310e+01   -6.6527477782e+00    5.5478648605e-01   -2.7419484198e+00   -1.2775667440e+01    2.6400000000e+02    2.2474524000e-02    5.2968750000e-01
       141   -1.0535898446e+01    1.1137422938e+02   -2.1812157881e+01    1.1276259435e+01   -7.0053142443e+00    6.4150230888e-01   -2.6726785051e+00   -1.2775667440e+01    2.6400000000e+02    2.2381035000e-02    5.3593750000e-01
       142   -1.0533291947e+01    1.1137647606e+02   -2.2139758213e+01    1.1606466266e+01   -7.0699673601e+00    5.1111743469e-01   -2.8052408477e+00   -1.2775667440e+01    2.6400000000e+02    2.2570097000e-02    5.3517992424e-01
       143   -1.0473252825e+01    1.1005759952e+02   -2.2260664424e+01    1.1787411598e+01   -7.0701709827e+00    4.3956490119e-01   -2.8543909018e+00   -1.2775667440e+01    2.6400000000e+02    2.2592516000e-02    5.3210227273e-01
       144   -1.0537628602e+01    1.1149899009e+02   -2.1656545356e+01    1.1118916753e+01   -6.9014091366e+00    6.8763602819e-01   -2.6671048072e+00   -1.2775667440e+01    2.6400000000e+02    2.2134400000e-02    5.3849431818e-01
       145   -1.0503324955e+01    1.1067221070e+02   -2.2105369145e+01    1.1602044190e+01   -7.2164220833e+00    6.3874719797e-01   -2.7520268198e+00   -1.2775667440e+01    2.6400000000e+02    2.1328077000e-02    5.3508522727e-01
       146   -1.0463904326e+01    1.0996863233e+02   -2.2207674174e+01    1.1743769848e+01   -7.3183202832e+00    5.2218402715e-01   -2.6358704780e+00   -1.2775667440e+01    2.6400000000e+02    2.1520251000e-02    5.3910984848e-01
       147   -1.0532634700e+01    1.1148868657e+02   -2.2175138997e+01    1.1642504297e+01   -7.5779989033e+00    8.2159688874e-01   -2.6430695423e+00   -1.2775667440e+01    2.6400000000e+02    2.1357030000e-02    5.2760416667e-01
       148   -1.0467174962e+01    1.0985595511e+02   -2.1787275915e+01    1.1320100953e+01   -6.7814856328e+00    5.6705318888e-01   -2.7971760307e+00   -1.2775667440e+01    2.6400000000e+02    2.1358947000e-02    5.3281250000e-01
       149   -1.0529717144e+01    1.1128228301e+02   -2.1627936582e+01    1.1098219437e+01   -7.0706641235e+00    8.2223013562e-01   -2.6038351537e+00   -1.2775667440e+01    2.6400000000e+02    2.1608320000e-02    5.3745265152e-01
       150   -1.0445425604e+01    1.0945118570e+02   -2.1987222206e+01    1.1541796602e+01   -7.1722046129e+00    6.9966364604e-01   -2.7390137986e+00   -1.2775667440e+01    2.6400000000e+02    2.1319198000e-02    5.3702651515e-01
       151   -1.0527123159e+01    1.1129367655e+02   -2.2094780016e+01    1.1567656857e+01   -7.1357151682e+00    5.8219608514e-01   -2.7655934923e+00   -1.2775667440e+01    2.6400000000e+02    2.1320600000e-02    5.3399621212e-01
       152   -1.0532995009e+01    1.1132022321e+02   -2.2036222403e+01    1.1503227394e+01   -7.2539776396e+00    7.0204245112e-01   -2.7086197748e+00   -1.2775667440e+01    2.6400000000e+02    2.1529074000e-02    5.3399621212e-01
       153   -1.0567393973e+01    1.1212522512e+02   -2.2074347015e+01    1.1506953043e+01   -7.4190090326e+00    7.3061806132e-01   -2.6102886038e+00   -1.2775667440e+01    2.6400000000e+02    2.1213479000e-02    5.3248106061e-01
       154   -1.0433956269e+01    1.0928712679e+02   -2.1842891886e+01    1.1408935617e+01   -7.1130801158e+00    6.8328284644e-01   -2.6374271764e+00   -1.2775667440e+01    2.6400000000e+02    2.1394453000e-02    5.3636363636e-01
       155   -1.0510104378e+01    1.1076169962e+02   -2.2270406388e+01    1.1760302009e+01   -7.2074097864e+00    5.6426102715e-01   -2.8515901881e+00   -1.2775667440e+01    2.6400000000e+02    2.1535933000e-02    5.3783143939e-01
       156   -1.0512422032e+01    1.1096740771e+02   -2.1896095576e+01    1.1383673544e+01   -7.1266501622e+00    6.8486512234e-01   -2.6786430958e+00   -1.2775667440e+01    2.6400000000e+02    2.1340283000e-02    5.3991477273e-01
       157   -1.0494139613e+01    1.1050076581e+02   -2.1891065999e+01    1.1396926386e+01   -7.0486062541e+00    6.8759188049e-01   -2.7543841852e+00   -1.2775667440e+01    2.6400000000e+02    2.2477641000e-02    5.3252840909e-01
       158   -1.0489470382e+01    1.1061572308e+02   -2.2117801646e+01    1.1628331264e+01   -7.3353850942e+00    6.5473617437e-01   -2.6614852858e+00   -1.2775667440e+01    2.6400000000e+02    2.2644052000e-02    5.3750000000e-01
       159   -1.0467397603e+01    1.1006941142e+02   -2.1369757215e+01    1.0902359611e+01   -6.7174329615e+00    6.4163876816e-01   -2.5182955811e+00   -1.2775667440e+01    2.6400000000e+02    2.2091483000e-02    5.3986742424e-01
       160   -1.0445675072e+01    1.0946705193e+02   -2.1871445957e+01    1.1425770884e+01   -6.7145475066e+00    4.1456178963e-01   -2.7957927993e+00   -1.2775667440e+01    2.6400000000e+02    2.2055247000e-02    5.3863636364e-01
       161   -1.0508152570e+01    1.1075457629e+02   -2.1482526739e+01    1.0974374169e+01   -6.5475119445e+00    5.7328074224e-01   -2.7326280961e+00   -1.2775667440e+01    2.6400000000e+02    2.2365879000e-02    5.3238636364e-01
       162   -1.0430458681e+01    1.0919159438e+02   -2.2202817005e+01    1.1772358324e+01   -7.4153805373e+00    7.2056483723e-01   -2.7323338650e+00   -1.2775667440e+01    2.6400000000e+02    2.2388859000e-02    5.4147727273e-01
       163   -1.0452970276e+01    1.0964125036e+02   -2.1918085724e+01    1.1465115448e+01   -7.0484435555e+00    6.3745339191e-01   -2.7314281206e+00   -1.2775667440e+01    2.6400000000e+02    2.2279664000e-02    5.3570075758e-01
       164   -1.0543542729e+01    1.1174648908e+02   -2.2055538390e+01    1.1511995662e+01   -7.4609795208e+00    8.5447751613e-01   -2.6733689454e+00   -1.2775667440e+01    2.6400000000e+02    2.2015256000e-02    5.3210227273e-01
       165   -1.0500537604e+01    1.1064519908e+02   -2.2065940328e+01    1.1565402724e+01   -7.2797511626e+00    6.6728714179e-01   -2.6778088668e+00   -1.2775667440e+01    2.6400000000e+02    2.2398721000e-02    5.4356060606e-01
       166   -1.0463178007e+01    1.0997854874e+02   -2.1978691186e+01    1.1515513179e+01   -7.1667943214e+00    5.4718942418e-01   -2.5834188488e+00   -1.2775667440e+01    2.6400000000e+02    2.2532526000e-02    5.3716856061e-01
       167   -1.0431551797e+01    1.0916361269e+02   -2.2089477315e+01    1.1657925518e+01   -7.2165238927e+00    6.0447733152e-01   -2.7017633134e+00   -1.2775667440e+01    2.6400000000e+02    2.2390090000e-02    5.3750000000e-01
       168   -1.0464044087e+01    1.0992611926e+02   -2.2127326738e+01    1.1663282651e+01   -7.1121548784e+00    5.3507642671e-01   -2.7745808465e+00   -1.2775667440e+01    2.6400000000e+02    2.2446829000e-02    5.3693181818e-01
       169   -1.0471681607e+01    1.1005185289e+02   -2.1654071453e+01    1.1182389845e+01   -6.7272385741e+00    5.4053165133e-01   -2.6916970898e+00   -1.2775667440e+01    2.6400000000e+02    2.2679580000e-02    5.3489583333e-01
       170   -1.0474503380e+01    1.1019646440e+02   -2.2116363972e+01    1.1641860593e+01   -7.0844754746e+00    5.1077350017e-01   -2.7669945576e+00   -1.2775667440e+01    2.6400000000e+02    2.2562470000e-02    5.3456439394e-01
       171   -1.0473154314e+01    1.1009382724e+02   -2.1953380764e+01    1.1480226450e+01   -7.1773379017e+00    5.3985068000e-01   -2.5402261021e+00   -1.2775667440e+01    2.6400000000e+02    2.2535161000e-02    5.4053030303e-01
       172   -1.0543319003e+01    1.1166138300e+02   -2.2009483503e+01    1.1466164500e+01   -7.1261112825e+00    6.4943153069e-01   -2.7571363114e+00   -1.2775667440e+01    2.6400000000e+02    2.2522576000e-02    5.3210227273e-01
       173   -1.0490509325e+01    1.1048445436e+02   -2.2302187500e+01    1.1811678174e+01   -7.5202228011e+00    6.2772500823e-01   -2.6340222664e+00   -1.2775667440e+01    2.6400000000e+02    2.2493299000e-02    5.3380681818e-01
       174   -1.0452773973e+01    1.0974662192e+02   -2.1904032681e+01    1.1451258708e+01   -7.0595197448e+00    6.4127143887e-01   -2.7101169348e+00   -1.2775667440e+01    2.6400000000e+02    2.2604328000e-02    5.4057765152e-01
       175   -1.0519429238e+01    1.1106650821e+02   -2.2121476934e+01    1.1602047696e+01   -7.5833271230e+00    8.9364584053e-01   -2.6561282111e+00   -1.2775667440e+01    2.6400000000e+02    2.2555473000e-02    5.3574810606e-01
       176   -1.0466610145e+01    1.0992753129e+02   -2.2018266743e+01    1.1551656598e+01   -7.1970172600e+00    6.3658692194e-01   -2.6821689644e+00   -1.2775667440e+01    2.6400000000e+02    2.2613223000e-02    5.3437500000e-01
       177   -1.0522004029e+01    1.1117095020e+02   -2.1846908701e+01    1.1324904672e+01   -7.1441153534e+00    7.7060430268e-01   -2.6977302105e+00   -1.2775667440e+01    2.6400000000e+02    2.2622491000e-02    5.3555871212e-01
       178   -1.0488557714e+01    1.1043831033e+02   -2.1939176058e+01    1.1450618344e+01   -7.2603117302e+00    7.4365722860e-01   -2.6468541161e+00   -1.2775667440e+01    2.6400000000e+02    2.2452623000e-02    5.3527462121e-01
       179   -1.0429343570e+01    1.0911856259e+02   -2.1610931269e+01    1.1181587700e+01   -6.7319893038e+00    6.3727531284e-01   -2.7405498381e+00   -1.2775667440e+01    2.6400000000e+02    2.2594035000e-02    5.3702651515e-01
       180   -1.0509426311e+01    1.1093204672e+02   -2.2202095149e+01    1.1692668838e+01   -7.7118438578e+00    8.0364349733e-01   -2.5182273481e+00   -1.2775667440e+01    2.6400000000e+02    2.2517922000e-02    5.4223484848e-01
       181   -1.0492871429e+01    1.1065370674e+02   -2.1815350314e+01    1.1322478884e+01   -7.0637083151e+00    8.1898500927e-01   -2.7949595675e+00   -1.2775667440e+01    2.6400000000e+02    2.2571547000e-02    5.3660037879e-01
       182   -1.0572319968e+01    1.1225737771e+02   -2.2345581014e+01    1.1773261046e+01   -7.9216914178e+00    8.6681612463e-01   -2.5150382805e+00   -1.2775667440e+01    2.6400000000e+02    2.2617793000e-02    5.3091856061e-01
       183   -1.0527373536e+01    1.1153069420e+02   -2.2250686748e+01    1.1723313213e+01   -7.4927380395e+00    6.6547152896e-01   -2.6477527973e+00   -1.2775667440e+01    2.6400000000e+02    2.2359376000e-02    5.3570075758e-01
       184   -1.0444938035e+01    1.0951407601e+02   -2.1734571496e+01    1.1289633461e+01   -6.8280929510e+00    5.6777712784e-01   -2.6985882326e+00   -1.2775667440e+01    2.6400000000e+02    2.2437395000e-02    5.4062500000e-01
       185   -1.0497126112e+01    1.1059256511e+02   -2.2173078356e+01    1.1675952244e+01   -7.3029993438e+00    6.7482188753e-01   -2.7692334595e+00   -1.2775667440e+01    2.6400000000e+02    2.2686135000e-02    5.4095643939e-01
       186   -1.0593275478e+01    1.1264558408e+02   -2.1830708580e+01    1.1237433102e+01   -7.0434312122e+00    5.9338043946e-01   -2.6049903670e+00   -1.2775667440e+01    2.6400000000e+02    2.2558551000e-02    5.3721590909e-01
       187   -1.0499803872e+01    1.1065278829e+02   -2.2664407459e+01    1.2164603587e+01   -7.9905311612e+00    7.3691403155e-01   -2.6351228892e+00   -1.2775667440e+01    2.6400000000e+02    2.2537244000e-02    5.4005681818e-01
       188   -1.0448455372e+01    1.0963475296e+02   -2.2079856435e+01    1.1631401063e+01   -7.1787677756e+00    5.9686374273e-01   -2.7222849617e+00   -1.2775667440e+01    2.6400000000e+02    2.2498972000e-02    5.3470643939e-01
       189   -1.0484915749e+01    1.1040002892e+02   -2.2667902762e+01    1.2182987013e+01   -7.8727466799e+00    5.8590222437e-01   -2.6053908662e+00   -1.2775667440e+01    2.6400000000e+02    2.2394286000e-02    5.3877840909e-01
       190   -1.0394393875e+01    1.0847283858e+02   -2.2471522960e+01    1.2077129086e+01   -7.5852704503e+00    5.9699128143e-01   -2.7075763513e+00   -1.2775667440e+01    2.6400000000e+02    2.2236619000e-02    5.3839962121e-01
       191   -1.0600283970e+01    1.1275554473e+02   -2.2330434807e+01    1.1730150838e+01   -7.4977849831e+00    6.3866661674e-01   -2.6956490008e+00   -1.2775667440e+01    2.6400000000e+02    2.2353627000e-02    5.4090909091e-01
       192   -1.0448480311e+01    1.0955850743e+02   -2.1753053824e+01    1.1304573512e+01   -6.8154763002e+00    6.1899664131e-01   -2.7809067248e+00   -1.2775667440e+01    2.6400000000e+02    2.2507159000e-02    5.3948863636e-01
       193   -1.0492859053e+01    1.1040950839e+02   -2.1760438808e+01    1.1267579754e+01   -6.8260891959e+00    4.7763443466e-01   -2.6363166060e+00   -1.2775667440e+01    2.6400000000e+02    2.2538323000e-02    5.3584280303e-01
       194   -1.0549081889e+01    1.1173379308e+02   -2.1691008009e+01    1.1141926119e+01   -6.6900795970e+00    5.1912547982e-01   -2.7443864512e+00   -1.2775667440e+01    2.6400000000e+02    2.2376749000e-02    5.3508522727e-01
       195   -1.0428169595e+01    1.0924766609e+02   -2.2485098741e+01    1.2056929147e+01   -7.9605473258e+00    7.2112704281e-01   -2.4700110182e+00   -1.2775667440e+01    2.6400000000e+02    2.2498459000e-02    5.3423295455e-01
       196   -1.0506554914e+01    1.1075511982e+02   -2.2141564167e+01    1.1635009253e+01   -7.1277459061e+00    5.1689952089e-01   -2.7550503412e+00   -1.2775667440e+01    2.6400000000e+02    2.2468163000e-02    5.3626893939e-01
       197   -1.0477478579e+01    1.1019712971e+02   -2.1834688761e+01    1.1357210182e+01   -7.2287199709e+00    7.3903944287e-01   -2.5693407930e+00   -1.2775667440e+01    2.6400000000e+02    2.2735897000e-02    5.4412878788e-01
       198   -1.0451689004e+01    1.0959392004e+02   -2.2484324259e+01    1.2032635255e+01   -7.8841441084e+00    7.1333832195e-01   -2.5378510324e+00   -1.2775667440e+01    2.6400000000e+02    2.2475864000e-02    5.3366477273e-01
       199   -1.0510858047e+01    1.1085720064e+02   -2.1920844305e+01    1.1409986259e+01   -7.0235320766e+00    5.8070671650e-01   -2.7023515050e+00   -1.2775667440e+01    2.6400000000e+02    2.2744362000e-02    5.4190340909e-01
