#   index    LocalEnergy         LocalEnergy_sq      LocalPotential      Kinetic             LocalECP            NonLocalECP         ElecElec            IonIon              BlockWeight         BlockCPU            AcceptRatio         
         0   -1.0445183987e+01    1.0946660186e+02   -2.2312449745e+01    1.1867265758e+01   -7.5459000279e+00    5.7030458032e-01   -2.5611868577e+00   -1.2775667440e+01    2.6400000000e+02    2.2166054000e-02    5.2949810606e-01
         1   -1.0539032826e+01    1.1145989709e+02   -2.2054767568e+01    1.1515734742e+01   -7.3935714905e+00    7.1360910214e-01   -2.5991377394e+00   -1.2775667440e+01    2.6400000000e+02    2.2184986000e-02    5.4256628788e-01
         2   -1.0400729302e+01    1.0853067075e+02   -2.1830187577e+01    1.1429458275e+01   -6.9452928286e+00    4.4727576988e-01   -2.5565030783e+00   -1.2775667440e+01    2.6400000000e+02    2.2364486000e-02    5.4147727273e-01
         3   -1.0491610817e+01    1.1037231797e+02   -2.1802864054e+01    1.1311253237e+01   -6.8533211674e+00    5.0995395400e-01   -2.6838294007e+00   -1.2775667440e+01    2.6400000000e+02    2.2259682000e-02    5.3570075758e-01
         4   -1.0530097481e+01    1.1128246488e+02   -2.2141896766e+01    1.1611799285e+01   -7.3766163283e+00    7.4443962640e-01   -2.7340526237e+00   -1.2775667440e+01    2.6400000000e+02    2.2775728000e-02    5.3044507576e-01
         5   -1.0523667219e+01    1.1103664575e+02   -2.1853241767e+01    1.1329574548e+01   -7.1912581787e+00    7.4891226441e-01   -2.6352284122e+00   -1.2775667440e+01    2.6400000000e+02    2.2511758000e-02    5.4474431818e-01
         6   -1.0466525339e+01    1.0988138090e+02   -2.2570268915e+01    1.2103743576e+01   -7.8796882945e+00    6.0931967329e-01   -2.5242328538e+00   -1.2775667440e+01    2.6400000000e+02    2.1756735000e-02    5.3702651515e-01
         7   -1.0454193538e+01    1.0978621567e+02   -2.2657572577e+01    1.2203379039e+01   -7.7716588953e+00    5.6057829534e-01   -2.6708245367e+00   -1.2775667440e+01    2.6400000000e+02    2.0977443000e-02    5.3896780303e-01
         8   -1.0467773447e+01    1.0990141595e+02   -2.2086993473e+01    1.1619220026e+01   -7.4383586132e+00    6.2649579256e-01   -2.4994632119e+00   -1.2775667440e+01    2.6400000000e+02    2.0968824000e-02    5.4256628788e-01
         9   -1.0483850196e+01    1.1026654481e+02   -2.2452603424e+01    1.1968753228e+01   -7.5511082775e+00    5.4833958097e-01   -2.6741672872e+00   -1.2775667440e+01    2.6400000000e+02    2.1181078000e-02    5.4057765152e-01
        10   -1.0443658782e+01    1.0951801485e+02   -2.2387759062e+01    1.1944100281e+01   -7.8323170757e+00    6.9877095288e-01   -2.4785454993e+00   -1.2775667440e+01    2.6400000000e+02    2.0444898000e-02    5.4019886364e-01
        11   -1.0449807637e+01    1.0955883985e+02   -2.1903440964e+01    1.1453633328e+01   -7.0725771433e+00    6.5631478040e-01   -2.7115111613e+00   -1.2775667440e+01    2.6400000000e+02    2.1173178000e-02    5.3982007576e-01
        12   -1.0506225153e+01    1.1070273161e+02   -2.2288566599e+01    1.1782341446e+01   -7.5928655501e+00    7.4361129729e-01   -2.6636449060e+00   -1.2775667440e+01    2.6400000000e+02    2.1563613000e-02    5.3191287879e-01
        13   -1.0491403144e+01    1.1041396641e+02   -2.1961828996e+01    1.1470425851e+01   -7.1986098566e+00    6.7050161952e-01   -2.6580533185e+00   -1.2775667440e+01    2.6400000000e+02    2.0614062000e-02    5.3191287879e-01
        14   -1.0500303213e+01    1.1068628181e+02   -2.2201015447e+01    1.1700712234e+01   -7.7874335573e+00    9.0144856637e-01   -2.5393630161e+00   -1.2775667440e+01    2.6400000000e+02    1.9545989000e-02    5.3442234848e-01
        15   -1.0434703137e+01    1.0934597451e+02   -2.2470445541e+01    1.2035742404e+01   -7.4750101917e+00    3.5153061814e-01   -2.5712985274e+00   -1.2775667440e+01    2.6400000000e+02    1.9712896000e-02    5.3783143939e-01
        16   -1.0458724821e+01    1.0970944248e+02   -2.2614146840e+01    1.2155422020e+01   -7.5373902502e+00    4.3030058899e-01   -2.7313897391e+00   -1.2775667440e+01    2.6400000000e+02    1.9155780000e-02    5.3958333333e-01
        17   -1.0514545628e+01    1.1084649626e+02   -2.1614889988e+01    1.1100344360e+01   -6.8241934435e+00    6.4495559856e-01   -2.6599847030e+00   -1.2775667440e+01    2.6400000000e+02    1.8756869000e-02    5.4005681818e-01
        18   -1.0423512965e+01    1.0908054495e+02   -2.1971914143e+01    1.1548401178e+01   -6.9949058337e+00    4.4182743973e-01   -2.6431683090e+00   -1.2775667440e+01    2.6400000000e+02    1.8447795000e-02    5.4337121212e-01
        19   -1.0501347397e+01    1.1067040309e+02   -2.1959478301e+01    1.1458130903e+01   -7.4066571380e+00    8.6827260833e-01   -2.6454263308e+00   -1.2775667440e+01    2.6400000000e+02    1.8667867000e-02    5.4019886364e-01
        20   -1.0490362309e+01    1.1039600431e+02   -2.1877878829e+01    1.1387516521e+01   -7.1088287147e+00    6.7551153466e-01   -2.6688942091e+00   -1.2775667440e+01    2.6400000000e+02    1.8874257000e-02    5.4251893939e-01
        21   -1.0482853872e+01    1.1022715020e+02   -2.2247020634e+01    1.1764166762e+01   -7.3138248871e+00    4.4248020603e-01   -2.6000085127e+00   -1.2775667440e+01    2.6400000000e+02    1.8634830000e-02    5.4275568182e-01
        22   -1.0504440794e+01    1.1063093802e+02   -2.1879925455e+01    1.1375484662e+01   -7.0443361698e+00    5.7436496714e-01   -2.6342868125e+00   -1.2775667440e+01    2.6400000000e+02    1.8860810000e-02    5.3906250000e-01
        23   -1.0475827713e+01    1.1014720428e+02   -2.2025613659e+01    1.1549785946e+01   -7.4610007331e+00    6.8481764343e-01   -2.4737631291e+00   -1.2775667440e+01    2.6400000000e+02    1.8677890000e-02    5.4114583333e-01
        24   -1.0431781323e+01    1.0917072408e+02   -2.1945016821e+01    1.1513235498e+01   -7.2588328480e+00    6.5764286548e-01   -2.5681593981e+00   -1.2775667440e+01    2.6400000000e+02    1.8647207000e-02    5.3589015152e-01
        25   -1.0533276675e+01    1.1125118466e+02   -2.2566605551e+01    1.2033328877e+01   -7.7110465302e+00    6.7642339734e-01   -2.7563149780e+00   -1.2775667440e+01    2.6400000000e+02    1.8882357000e-02    5.3451704545e-01
        26   -1.0454488353e+01    1.0967420794e+02   -2.1977229373e+01    1.1522741020e+01   -7.4147304973e+00    7.9258883753e-01   -2.5794202734e+00   -1.2775667440e+01    2.6400000000e+02    1.8462013000e-02    5.3863636364e-01
        27   -1.0504100275e+01    1.1072110181e+02   -2.2055691526e+01    1.1551591251e+01   -7.3021520710e+00    6.9598321581e-01   -2.6738552304e+00   -1.2775667440e+01    2.6400000000e+02    1.8690907000e-02    5.3674242424e-01
        28   -1.0476210244e+01    1.1011841040e+02   -2.2076447273e+01    1.1600237029e+01   -7.2932110403e+00    5.7117824209e-01   -2.5787470346e+00   -1.2775667440e+01    2.6400000000e+02    1.8616347000e-02    5.3664772727e-01
        29   -1.0464786166e+01    1.0991049542e+02   -2.2100497838e+01    1.1635711672e+01   -7.3863959203e+00    6.4307063209e-01   -2.5815051099e+00   -1.2775667440e+01    2.6400000000e+02    1.8665116000e-02    5.3806818182e-01
        30   -1.0525386134e+01    1.1118455224e+02   -2.2041030850e+01    1.1515644716e+01   -7.2952794175e+00    6.8608075484e-01   -2.6561647468e+00   -1.2775667440e+01    2.6400000000e+02    1.8648495000e-02    5.3702651515e-01
        31   -1.0445271047e+01    1.0948955626e+02   -2.1803231139e+01    1.1357960093e+01   -6.9243554759e+00    4.3709373901e-01   -2.5403019623e+00   -1.2775667440e+01    2.6400000000e+02    1.8735317000e-02    5.3806818182e-01
        32   -1.0419567698e+01    1.0892529623e+02   -2.1960231413e+01    1.1540663715e+01   -7.1636200502e+00    3.9671491984e-01   -2.4176588428e+00   -1.2775667440e+01    2.6400000000e+02    1.8602186000e-02    5.3802083333e-01
        33   -1.0488071676e+01    1.1031716367e+02   -2.2266458047e+01    1.1778386370e+01   -7.6477400679e+00    5.7584712569e-01   -2.4188976641e+00   -1.2775667440e+01    2.6400000000e+02    1.8793999000e-02    5.3361742424e-01
        34   -1.0467914931e+01    1.0989670959e+02   -2.2719996830e+01    1.2252081899e+01   -7.9808977648e+00    6.0248619788e-01   -2.5659178226e+00   -1.2775667440e+01    2.6400000000e+02    1.8720081000e-02    5.3963068182e-01
        35   -1.0500320066e+01    1.1059766237e+02   -2.1571900531e+01    1.1071580465e+01   -6.9619631235e+00    7.8390888527e-01   -2.6181788527e+00   -1.2775667440e+01    2.6400000000e+02    1.9375923000e-02    5.4067234848e-01
        36   -1.0427493871e+01    1.0912001296e+02   -2.2105195352e+01    1.1677701481e+01   -7.3588218842e+00    5.6090371154e-01   -2.5316097392e+00   -1.2775667440e+01    2.6400000000e+02    2.0735847000e-02    5.3986742424e-01
        37   -1.0497540893e+01    1.1052787614e+02   -2.1897802597e+01    1.1400261705e+01   -7.1339475613e+00    5.7214756281e-01   -2.5603351588e+00   -1.2775667440e+01    2.6400000000e+02    2.1079818000e-02    5.3589015152e-01
        38   -1.0565497891e+01    1.1189341254e+02   -2.1910832241e+01    1.1345334350e+01   -7.1186130367e+00    6.8207046989e-01   -2.6986222343e+00   -1.2775667440e+01    2.6400000000e+02    2.0799835000e-02    5.3574810606e-01
        39   -1.0498971248e+01    1.1053762258e+02   -2.1721588574e+01    1.1222617325e+01   -6.8452034394e+00    5.2160113747e-01   -2.6223188316e+00   -1.2775667440e+01    2.6400000000e+02    2.0431284000e-02    5.4180871212e-01
        40   -1.0470156605e+01    1.0996776695e+02   -2.2115535813e+01    1.1645379208e+01   -7.3546545122e+00    6.4661330490e-01   -2.6318271659e+00   -1.2775667440e+01    2.6400000000e+02    2.1149050000e-02    5.2490530303e-01
        41   -1.0446363008e+01    1.0951602618e+02   -2.2335791841e+01    1.1889428833e+01   -7.5328718645e+00    5.3575078763e-01   -2.5630033239e+00   -1.2775667440e+01    2.6400000000e+02    2.0851435000e-02    5.3546401515e-01
        42   -1.0497612608e+01    1.1074195356e+02   -2.2090024278e+01    1.1592411670e+01   -7.4042236951e+00    6.9578884945e-01   -2.6059219925e+00   -1.2775667440e+01    2.6400000000e+02    2.0516480000e-02    5.3797348485e-01
        43   -1.0484735875e+01    1.1025712612e+02   -2.2099543797e+01    1.1614807922e+01   -7.4872800389e+00    7.4355264852e-01   -2.5801489666e+00   -1.2775667440e+01    2.6400000000e+02    2.7778872000e-02    5.4067234848e-01
        44   -1.0485720207e+01    1.1042067533e+02   -2.2153438944e+01    1.1667718737e+01   -7.5646558925e+00    7.6487065779e-01   -2.5779862695e+00   -1.2775667440e+01    2.6400000000e+02    2.0783157000e-02    5.3726325758e-01
        45   -1.0511737279e+01    1.1098507015e+02   -2.1871382550e+01    1.1359645270e+01   -7.2000380239e+00    6.6647113030e-01   -2.5621482158e+00   -1.2775667440e+01    2.6400000000e+02    2.0206657000e-02    5.3541666667e-01
        46   -1.0490130615e+01    1.1042003902e+02   -2.2320342006e+01    1.1830211390e+01   -7.7463531600e+00    8.5521964516e-01   -2.6535410507e+00   -1.2775667440e+01    2.6400000000e+02    2.0894847000e-02    5.3896780303e-01
        47   -1.0407455786e+01    1.0866677999e+02   -2.1521233539e+01    1.1113777753e+01   -6.9909041399e+00    6.6080926870e-01   -2.4154712277e+00   -1.2775667440e+01    2.6400000000e+02    2.1022571000e-02    5.3688446970e-01
        48   -1.0426566296e+01    1.0922274842e+02   -2.1386852758e+01    1.0960286462e+01   -6.5507971890e+00    5.2318905039e-01   -2.5835771796e+00   -1.2775667440e+01    2.6400000000e+02    2.0615151000e-02    5.3641098485e-01
        49   -1.0434055129e+01    1.0929613608e+02   -2.2189243106e+01    1.1755187977e+01   -7.6160187597e+00    5.5492267151e-01   -2.3524795772e+00   -1.2775667440e+01    2.6400000000e+02    2.0386312000e-02    5.2883522727e-01
        50   -1.0519572942e+01    1.1097275217e+02   -2.1546475602e+01    1.1026902659e+01   -6.6002602262e+00    4.7631163403e-01   -2.6468595693e+00   -1.2775667440e+01    2.6400000000e+02    2.1089324000e-02    5.4824810606e-01
        51   -1.0432200993e+01    1.0923667759e+02   -2.2066160975e+01    1.1633959982e+01   -7.3943341470e+00    6.8477310266e-01   -2.5809324900e+00   -1.2775667440e+01    2.6400000000e+02    2.1316173000e-02    5.3839962121e-01
        52   -1.0455830011e+01    1.0965251417e+02   -2.2234361743e+01    1.1778531732e+01   -7.5252197746e+00    6.7415143702e-01   -2.6076259655e+00   -1.2775667440e+01    2.6400000000e+02    2.0238625000e-02    5.3854166667e-01
        53   -1.0486230358e+01    1.1026233067e+02   -2.2415173896e+01    1.1928943537e+01   -7.5728293422e+00    5.9100527039e-01   -2.6576823836e+00   -1.2775667440e+01    2.6400000000e+02    2.0567209000e-02    5.3053977273e-01
        54   -1.0469566614e+01    1.1000792253e+02   -2.2338989198e+01    1.1869422584e+01   -7.6056150846e+00    6.1451075979e-01   -2.5722174333e+00   -1.2775667440e+01    2.6400000000e+02    2.1336626000e-02    5.3702651515e-01
        55   -1.0440601077e+01    1.0940887717e+02   -2.1925660675e+01    1.1485059598e+01   -7.1285608396e+00    5.9101824495e-01   -2.6124506401e+00   -1.2775667440e+01    2.6400000000e+02    2.0926414000e-02    5.4133522727e-01
        56   -1.0453894711e+01    1.0972889928e+02   -2.2392210502e+01    1.1938315791e+01   -7.7039693665e+00    6.5228835242e-01   -2.5648620476e+00   -1.2775667440e+01    2.6400000000e+02    2.0454495000e-02    5.3650568182e-01
        57   -1.0406457650e+01    1.0865368063e+02   -2.1753037008e+01    1.1346579358e+01   -6.9961922739e+00    4.3997581480e-01   -2.4211531086e+00   -1.2775667440e+01    2.6400000000e+02    2.0737813000e-02    5.3944128788e-01
        58   -1.0517389029e+01    1.1106304059e+02   -2.1899437870e+01    1.1382048841e+01   -6.9870843150e+00    5.2939295417e-01   -2.6660790693e+00   -1.2775667440e+01    2.6400000000e+02    2.1245930000e-02    5.3489583333e-01
        59   -1.0490701153e+01    1.1041226248e+02   -2.1926812959e+01    1.1436111806e+01   -7.3314259042e+00    6.4023198966e-01   -2.4599516043e+00   -1.2775667440e+01    2.6400000000e+02    2.0813843000e-02    5.3844696970e-01
        60   -1.0528361076e+01    1.1115030160e+02   -2.1618464338e+01    1.1090103262e+01   -6.7669952201e+00    5.7482933907e-01   -2.6506310163e+00   -1.2775667440e+01    2.6400000000e+02    2.0390388000e-02    5.3948863636e-01
        61   -1.0406174387e+01    1.0863701598e+02   -2.1993885187e+01    1.1587710799e+01   -7.3273338352e+00    6.7268551641e-01   -2.5635694279e+00   -1.2775667440e+01    2.6400000000e+02    2.0993513000e-02    5.4242424242e-01
        62   -1.0419171965e+01    1.0894371664e+02   -2.1958328249e+01    1.1539156285e+01   -7.2444409786e+00    6.3415788517e-01   -2.5723777157e+00   -1.2775667440e+01    2.6400000000e+02    2.1050977000e-02    5.4815340909e-01
        63   -1.0495371411e+01    1.1060476297e+02   -2.1914766419e+01    1.1419395008e+01   -7.4305006049e+00    8.5432218601e-01   -2.5629205597e+00   -1.2775667440e+01    2.6400000000e+02    2.0339151000e-02    5.4015151515e-01
        64   -1.0405283003e+01    1.0872449186e+02   -2.1820154064e+01    1.1414871062e+01   -7.0711704849e+00    5.3718057785e-01   -2.5104967169e+00   -1.2775667440e+01    2.6400000000e+02    1.9985219000e-02    5.3906250000e-01
        65   -1.0502720200e+01    1.1062980428e+02   -2.2074141371e+01    1.1571421171e+01   -7.4614199355e+00    6.5285878369e-01   -2.4899127791e+00   -1.2775667440e+01    2.6400000000e+02    1.8563667000e-02    5.3896780303e-01
        66   -1.0586595388e+01    1.1235606227e+02   -2.2207310724e+01    1.1620715336e+01   -7.5313129263e+00    7.3882294286e-01   -2.6391533000e+00   -1.2775667440e+01    2.6400000000e+02    1.8761474000e-02    5.3442234848e-01
        67   -1.0460657928e+01    1.1015815676e+02   -2.1795449427e+01    1.1334791499e+01   -6.9025818176e+00    4.2898934493e-01   -2.5461895138e+00   -1.2775667440e+01    2.6400000000e+02    1.8609496000e-02    5.4057765152e-01
        68   -1.0448713299e+01    1.0948294183e+02   -2.2108569383e+01    1.1659856084e+01   -7.3783777781e+00    5.5499196513e-01   -2.5095161300e+00   -1.2775667440e+01    2.6400000000e+02    1.8730457000e-02    5.3787878788e-01
        69   -1.0450518885e+01    1.0984321583e+02   -2.1870712909e+01    1.1420194024e+01   -7.3029381620e+00    7.3229830527e-01   -2.5244056124e+00   -1.2775667440e+01    2.6400000000e+02    1.8565973000e-02    5.3915719697e-01
        70   -1.0455186596e+01    1.0967983993e+02   -2.2015206102e+01    1.1560019506e+01   -7.4298119673e+00    7.6607408864e-01   -2.5758007831e+00   -1.2775667440e+01    2.6400000000e+02    1.8780186000e-02    5.3678977273e-01
        71   -1.0459652009e+01    1.0983249654e+02   -2.1962620315e+01    1.1502968307e+01   -7.3134266326e+00    6.4936658166e-01   -2.5228928239e+00   -1.2775667440e+01    2.6400000000e+02    1.8876379000e-02    5.4071969697e-01
        72   -1.0461656417e+01    1.0971587362e+02   -2.1993511988e+01    1.1531855571e+01   -7.2122441167e+00    6.6406757669e-01   -2.6696680082e+00   -1.2775667440e+01    2.6400000000e+02    1.8629095000e-02    5.4067234848e-01
        73   -1.0435041495e+01    1.0939745319e+02   -2.1648799257e+01    1.1213757762e+01   -6.9637623775e+00    6.0880094743e-01   -2.5181703869e+00   -1.2775667440e+01    2.6400000000e+02    1.8543969000e-02    5.4081439394e-01
        74   -1.0505126369e+01    1.1070963687e+02   -2.2303740123e+01    1.1798613754e+01   -7.4404893869e+00    5.6223410960e-01   -2.6498174050e+00   -1.2775667440e+01    2.6400000000e+02    1.8763510000e-02    5.3920454545e-01
        75   -1.0531943624e+01    1.1125200730e+02   -2.1845584232e+01    1.1313640607e+01   -6.9540289843e+00    5.0874068408e-01   -2.6246284913e+00   -1.2775667440e+01    2.6400000000e+02    1.8730313000e-02    5.3598484848e-01
        76   -1.0455895828e+01    1.0974250523e+02   -2.2254172278e+01    1.1798276450e+01   -7.6722401216e+00    6.4305230030e-01   -2.4493170165e+00   -1.2775667440e+01    2.6400000000e+02    1.8606405000e-02    5.3811553030e-01
        77   -1.0465806940e+01    1.0996124891e+02   -2.2055546381e+01    1.1589739441e+01   -7.1332676219e+00    4.9644927662e-01   -2.6430605955e+00   -1.2775667440e+01    2.6400000000e+02    1.8559274000e-02    5.3745265152e-01
        78   -1.0460476339e+01    1.0982824179e+02   -2.1800566804e+01    1.1340090465e+01   -7.0758255498e+00    5.6523635519e-01   -2.5143101695e+00   -1.2775667440e+01    2.6400000000e+02    1.8681638000e-02    5.3342803030e-01
        79   -1.0451760810e+01    1.0960642570e+02   -2.1918937894e+01    1.1467177085e+01   -7.1951799139e+00    5.9294563463e-01   -2.5410361750e+00   -1.2775667440e+01    2.6400000000e+02    1.8937103000e-02    5.3844696970e-01
        80   -1.0485964253e+01    1.1027757301e+02   -2.2007130980e+01    1.1521166727e+01   -7.1553930540e+00    5.5333744527e-01   -2.6294079315e+00   -1.2775667440e+01    2.6400000000e+02    1.8442098000e-02    5.3830492424e-01
        81   -1.0443395456e+01    1.0946821811e+02   -2.2304922059e+01    1.1861526603e+01   -7.4936526297e+00    5.2059374314e-01   -2.5561957320e+00   -1.2775667440e+01    2.6400000000e+02    1.8862307000e-02    5.3636363636e-01
        82   -1.0486898845e+01    1.1034938543e+02   -2.2224284009e+01    1.1737385164e+01   -7.5848523083e+00    6.6656391904e-01   -2.5303281797e+00   -1.2775667440e+01    2.6400000000e+02    1.8410425000e-02    5.3551136364e-01
        83   -1.0455490665e+01    1.0977310169e+02   -2.1987153033e+01    1.1531662368e+01   -7.0972956039e+00    4.4529017823e-01   -2.5594801670e+00   -1.2775667440e+01    2.6400000000e+02    1.8837796000e-02    5.3641098485e-01
        84   -1.0393118627e+01    1.0847325384e+02   -2.2368249671e+01    1.1975131044e+01   -7.6156383903e+00    4.9085900962e-01   -2.4678028504e+00   -1.2775667440e+01    2.6400000000e+02    1.9340294000e-02    5.4313446970e-01
        85   -1.0445244839e+01    1.0943890931e+02   -2.1673389304e+01    1.1228144465e+01   -6.8892197386e+00    6.2814441727e-01   -2.6366465427e+00   -1.2775667440e+01    2.6400000000e+02    2.0472459000e-02    5.3764204545e-01
        86   -1.0440887575e+01    1.0936581484e+02   -2.1962724509e+01    1.1521836934e+01   -7.3784222856e+00    7.2210576987e-01   -2.5307405530e+00   -1.2775667440e+01    2.6400000000e+02    2.0832513000e-02    5.3626893939e-01
        87   -1.0455121082e+01    1.0974213903e+02   -2.1719511222e+01    1.1264390140e+01   -7.1543252917e+00    6.1180950914e-01   -2.4013279996e+00   -1.2775667440e+01    2.6400000000e+02    2.1239214000e-02    5.4095643939e-01
        88   -1.0540038291e+01    1.1146191173e+02   -2.1631090300e+01    1.1091052009e+01   -6.7975507261e+00    5.4519155442e-01   -2.6030636885e+00   -1.2775667440e+01    2.6400000000e+02    2.0635650000e-02    5.3641098485e-01
        89   -1.0512182185e+01    1.1088925980e+02   -2.2386775770e+01    1.1874593585e+01   -7.7934418977e+00    7.8940120546e-01   -2.6070676379e+00   -1.2775667440e+01    2.6400000000e+02    2.0409387000e-02    5.3631628788e-01
        90   -1.0504987702e+01    1.1064617717e+02   -2.1773415651e+01    1.1268427949e+01   -6.9709074000e+00    6.1591046983e-01   -2.6427512807e+00   -1.2775667440e+01    2.6400000000e+02    2.1295807000e-02    5.4048295455e-01
        91   -1.0433404830e+01    1.0918705486e+02   -2.1861348799e+01    1.1427943969e+01   -7.0076326862e+00    5.2965569870e-01   -2.6077043717e+00   -1.2775667440e+01    2.6400000000e+02    2.1085637000e-02    5.4417613636e-01
        92   -1.0398825238e+01    1.0853829960e+02   -2.1919822208e+01    1.1520996969e+01   -7.2709148045e+00    5.5192206089e-01   -2.4251620239e+00   -1.2775667440e+01    2.6400000000e+02    2.1009572000e-02    5.3660037879e-01
        93   -1.0462789417e+01    1.0990249653e+02   -2.1766035537e+01    1.1303246120e+01   -6.8751625542e+00    5.7216581280e-01   -2.6873713554e+00   -1.2775667440e+01    2.6400000000e+02    2.1131664000e-02    5.3456439394e-01
        94   -1.0469859318e+01    1.0995354179e+02   -2.2421884284e+01    1.1952024966e+01   -7.6731756260e+00    5.7883671159e-01   -2.5518779295e+00   -1.2775667440e+01    2.6400000000e+02    2.1172941000e-02    5.3323863636e-01
        95   -1.0445919329e+01    1.0942589061e+02   -2.2175541604e+01    1.1729622275e+01   -7.4538293549e+00    6.2132738637e-01   -2.5673721950e+00   -1.2775667440e+01    2.6400000000e+02    2.0958719000e-02    5.4038825758e-01
        96   -1.0540397112e+01    1.1162529117e+02   -2.1953504018e+01    1.1413106906e+01   -7.0234681556e+00    5.6655107000e-01   -2.7209194925e+00   -1.2775667440e+01    2.6400000000e+02    2.0316496000e-02    5.4038825758e-01
        97   -1.0458869164e+01    1.0979453016e+02   -2.2375656091e+01    1.1916786927e+01   -7.4378147955e+00    5.6760447234e-01   -2.7297783277e+00   -1.2775667440e+01    2.6400000000e+02    2.0917469000e-02    5.4048295455e-01
        98   -1.0485316986e+01    1.1040865672e+02   -2.1687192573e+01    1.1201875587e+01   -7.2459863252e+00    8.7540777995e-01   -2.5409465874e+00   -1.2775667440e+01    2.6400000000e+02    2.6088471000e-02    5.4076704545e-01
        99   -1.0471943642e+01    1.0998916636e+02   -2.1371758705e+01    1.0899815063e+01   -6.6808509381e+00    6.4815817513e-01   -2.5633985014e+00   -1.2775667440e+01    2.6400000000e+02    2.0537605000e-02    5.4393939394e-01
       100   -1.0463762208e+01    1.0991308908e+02   -2.1758894880e+01    1.1295132672e+01   -7.0841529967e+00    6.8109734401e-01   -2.5801717872e+00   -1.2775667440e+01    2.6400000000e+02    2.1335071000e-02    5.4256628788e-01
       101   -1.0453923692e+01    1.0968434960e+02   -2.2251103445e+01    1.1797179753e+01   -7.7074837552e+00    7.0598483905e-01   -2.4739370887e+00   -1.2775667440e+01    2.6400000000e+02    2.0942617000e-02    5.4365530303e-01
       102   -1.0460878335e+01    1.0988833924e+02   -2.1905154331e+01    1.1444275995e+01   -6.9515961447e+00    4.6919153577e-01   -2.6470822814e+00   -1.2775667440e+01    2.6400000000e+02    2.0553993000e-02    5.4185606061e-01
       103   -1.0428710001e+01    1.0916505063e+02   -2.2442727327e+01    1.2014017326e+01   -7.7245310794e+00    6.1451708677e-01   -2.5570458943e+00   -1.2775667440e+01    2.6400000000e+02    2.0963930000e-02    5.4147727273e-01
       104   -1.0494127410e+01    1.1047867341e+02   -2.2560397832e+01    1.2066270422e+01   -7.9253395002e+00    5.9603152003e-01   -2.4554224120e+00   -1.2775667440e+01    2.6400000000e+02    2.0906661000e-02    5.3489583333e-01
       105   -1.0439695111e+01    1.0933942507e+02   -2.2016404461e+01    1.1576709350e+01   -7.3312770428e+00    5.9371674698e-01   -2.5031767252e+00   -1.2775667440e+01    2.6400000000e+02    2.1066627000e-02    5.3806818182e-01
       106   -1.0487016569e+01    1.1039639906e+02   -2.1864831061e+01    1.1377814491e+01   -7.0342092960e+00    5.1649241426e-01   -2.5714467386e+00   -1.2775667440e+01    2.6400000000e+02    2.0516756000e-02    5.4214015152e-01
       107   -1.0437791122e+01    1.0947308795e+02   -2.1817316404e+01    1.1379525282e+01   -6.9280755234e+00    6.0426406450e-01   -2.7178375046e+00   -1.2775667440e+01    2.6400000000e+02    2.1593281000e-02    5.3461174242e-01
       108   -1.0502807243e+01    1.1073865256e+02   -2.2158819542e+01    1.1656012299e+01   -7.2605779562e+00    5.1489182197e-01   -2.6374659679e+00   -1.2775667440e+01    2.6400000000e+02    2.1037931000e-02    5.3986742424e-01
       109   -1.0481892004e+01    1.1028657004e+02   -2.1544476429e+01    1.1062584425e+01   -6.9369604545e+00    7.5693647616e-01   -2.5887850109e+00   -1.2775667440e+01    2.6400000000e+02    2.0333799000e-02    5.4384469697e-01
       110   -1.0441996038e+01    1.0939421919e+02   -2.2348192060e+01    1.1906196022e+01   -7.5587562824e+00    5.3717623536e-01   -2.5509445729e+00   -1.2775667440e+01    2.6400000000e+02    2.0576485000e-02    5.3934659091e-01
       111   -1.0442981006e+01    1.0950276523e+02   -2.2304583653e+01    1.1861602647e+01   -7.4393944314e+00    4.9890880207e-01   -2.5884305836e+00   -1.2775667440e+01    2.6400000000e+02    2.1099563000e-02    5.4313446970e-01
       112   -1.0475438349e+01    1.1014803378e+02   -2.2024420923e+01    1.1548982575e+01   -7.3378019996e+00    5.9681011362e-01   -2.5077615969e+00   -1.2775667440e+01    2.6400000000e+02    2.1482927000e-02    5.3494318182e-01
       113   -1.0451664223e+01    1.0960105919e+02   -2.1919318199e+01    1.1467653976e+01   -7.1340384777e+00    6.0855170480e-01   -2.6181639859e+00   -1.2775667440e+01    2.6400000000e+02    1.9938464000e-02    5.4446022727e-01
       114   -1.0545833153e+01    1.1166679206e+02   -2.2195792866e+01    1.1649959714e+01   -7.5954547919e+00    6.9663292449e-01   -2.5213035587e+00   -1.2775667440e+01    2.6400000000e+02    1.8935750000e-02    5.3167613636e-01
       115   -1.0413632014e+01    1.0882732296e+02   -2.1799820636e+01    1.1386188623e+01   -7.0631964660e+00    6.2307310726e-01   -2.5840298376e+00   -1.2775667440e+01    2.6400000000e+02    1.8787472000e-02    5.4034090909e-01
       116   -1.0533734319e+01    1.1133095515e+02   -2.1872381681e+01    1.1338647362e+01   -7.3193186290e+00    8.7379770816e-01   -2.6511933199e+00   -1.2775667440e+01    2.6400000000e+02    1.8996051000e-02    5.3996212121e-01
       117   -1.0437242165e+01    1.0931228490e+02   -2.2714412957e+01    1.2277170792e+01   -7.7095380787e+00    3.9019047428e-01   -2.6193979126e+00   -1.2775667440e+01    2.6400000000e+02    1.8881503000e-02    5.3835227273e-01
       118   -1.0413866288e+01    1.0880227789e+02   -2.1557324793e+01    1.1143458504e+01   -6.9870933363e+00    7.7140667432e-01   -2.5659706903e+00   -1.2775667440e+01    2.6400000000e+02    1.9071949000e-02    5.4370265152e-01
       119   -1.0508904055e+01    1.1080487756e+02   -2.2285885722e+01    1.1776981667e+01   -7.6303374549e+00    7.2602737060e-01   -2.6059081974e+00   -1.2775667440e+01    2.6400000000e+02    1.9195858000e-02    5.3915719697e-01
       120   -1.0452407648e+01    1.0961595448e+02   -2.2007611011e+01    1.1555203364e+01   -7.2648844802e+00    6.0201435291e-01   -2.5690734436e+00   -1.2775667440e+01    2.6400000000e+02    2.0277598000e-02    5.3873106061e-01
       121   -1.0449871071e+01    1.0963803988e+02   -2.1686677742e+01    1.1236806671e+01   -7.1323754121e+00    7.1853054736e-01   -2.4971654373e+00   -1.2775667440e+01    2.6400000000e+02    2.0269806000e-02    5.4266098485e-01
       122   -1.0475136722e+01    1.1008788938e+02   -2.2338196441e+01    1.1863059719e+01   -7.4352121892e+00    4.4412077242e-01   -2.5714375840e+00   -1.2775667440e+01    2.6400000000e+02    1.9804946000e-02    5.3849431818e-01
       123   -1.0436985302e+01    1.0934990300e+02   -2.2470750807e+01    1.2033765506e+01   -7.7638972386e+00    5.7206293867e-01   -2.5032490671e+00   -1.2775667440e+01    2.6400000000e+02    2.0601532000e-02    5.3437500000e-01
       124   -1.0420439689e+01    1.0892748482e+02   -2.1820428987e+01    1.1399989298e+01   -6.9492783553e+00    4.9549838582e-01   -2.5909815773e+00   -1.2775667440e+01    2.6400000000e+02    1.9696104000e-02    5.4176136364e-01
       125   -1.0485977669e+01    1.1030651175e+02   -2.2401143775e+01    1.1915166106e+01   -7.3177197679e+00    2.4917027084e-01   -2.5569268375e+00   -1.2775667440e+01    2.6400000000e+02    1.8644783000e-02    5.4019886364e-01
       126   -1.0411227621e+01    1.0878833612e+02   -2.2326248948e+01    1.1915021327e+01   -7.4107348507e+00    4.4066241589e-01   -2.5805090725e+00   -1.2775667440e+01    2.6400000000e+02    1.8748444000e-02    5.3783143939e-01
       127   -1.0460665521e+01    1.0978047113e+02   -2.2065814988e+01    1.1605149468e+01   -7.5546497875e+00    8.3275568504e-01   -2.5682534456e+00   -1.2775667440e+01    2.6400000000e+02    1.8439491000e-02    5.3404356061e-01
       128   -1.0527932430e+01    1.1122768565e+02   -2.1898902251e+01    1.1370969820e+01   -7.1434242522e+00    7.1056735519e-01   -2.6903779134e+00   -1.2775667440e+01    2.6400000000e+02    1.8641039000e-02    5.3830492424e-01
       129   -1.0450149441e+01    1.0959908237e+02   -2.2093361876e+01    1.1643212435e+01   -7.3164654922e+00    6.1604496224e-01   -2.6172739061e+00   -1.2775667440e+01    2.6400000000e+02    1.8748853000e-02    5.4124053030e-01
       130   -1.0401991410e+01    1.0851517523e+02   -2.1984414334e+01    1.1582422924e+01   -6.9527466787e+00    3.5972384847e-01   -2.6157240639e+00   -1.2775667440e+01    2.6400000000e+02    1.8768982000e-02    5.3527462121e-01
       131   -1.0514504309e+01    1.1085971110e+02   -2.2476990843e+01    1.1962486533e+01   -7.4964617961e+00    4.9920861164e-01   -2.7040702180e+00   -1.2775667440e+01    2.6400000000e+02    1.8597672000e-02    5.3806818182e-01
       132   -1.0508810904e+01    1.1087639929e+02   -2.1703418744e+01    1.1194607840e+01   -7.0537917483e+00    6.7856846846e-01   -2.5525280241e+00   -1.2775667440e+01    2.6400000000e+02    1.8552656000e-02    5.4067234848e-01
       133   -1.0500470141e+01    1.1063213374e+02   -2.2067485402e+01    1.1567015261e+01   -7.3368358827e+00    6.9406204914e-01   -2.6490441279e+00   -1.2775667440e+01    2.6400000000e+02    2.0149842000e-02    5.3996212121e-01
       134   -1.0424228750e+01    1.0906836043e+02   -2.1964260984e+01    1.1540032233e+01   -6.9713623621e+00    4.7282745852e-01   -2.6900586399e+00   -1.2775667440e+01    2.6400000000e+02    2.0868274000e-02    5.3371212121e-01
       135   -1.0447488073e+01    1.0953551353e+02   -2.2371279516e+01    1.1923791442e+01   -7.9849202933e+00    8.5046627301e-01   -2.4611580550e+00   -1.2775667440e+01    2.6400000000e+02    2.1630463000e-02    5.3527462121e-01
       136   -1.0430249925e+01    1.0922176582e+02   -2.1842339566e+01    1.1412089641e+01   -7.3360915427e+00    7.4101997237e-01   -2.4716005552e+00   -1.2775667440e+01    2.6400000000e+02    2.1663323000e-02    5.3607954545e-01
       137   -1.0421255920e+01    1.0902724464e+02   -2.1884344200e+01    1.1463088280e+01   -7.2463970064e+00    6.6576725164e-01   -2.5280470054e+00   -1.2775667440e+01    2.6400000000e+02    2.1739096000e-02    5.3593750000e-01
       138   -1.0501000830e+01    1.1073792508e+02   -2.2089553451e+01    1.1588552621e+01   -7.2203199957e+00    5.4850218531e-01   -2.6420682000e+00   -1.2775667440e+01    2.6400000000e+02    2.2027545000e-02    5.3693181818e-01
       139   -1.0507054758e+01    1.1080327849e+02   -2.1925642861e+01    1.1418588103e+01   -7.3826166043e+00    7.6100920404e-01   -2.5283680210e+00   -1.2775667440e+01    2.6400000000e+02    2.1323124000e-02    5.4218750000e-01
       140   -1.0458194240e+01    1.0994114375e+02   -2.2554547631e+01    1.2096353390e+01   -7.8151592528e+00    5.7135515467e-01   -2.5350760922e+00   -1.2775667440e+01    2.6400000000e+02    2.1412897000e-02    5.3049242424e-01
       141   -1.0438597695e+01    1.0932304106e+02   -2.1876795228e+01    1.1438197533e+01   -7.3047194782e+00    7.2978059080e-01   -2.5261889006e+00   -1.2775667440e+01    2.6400000000e+02    2.2046377000e-02    5.3783143939e-01
       142   -1.0467864396e+01    1.0997074392e+02   -2.1972192391e+01    1.1504327995e+01   -7.4386332211e+00    7.5872650118e-01   -2.5166182304e+00   -1.2775667440e+01    2.6400000000e+02    2.2574936000e-02    5.3868371212e-01
       143   -1.0407946185e+01    1.0876477469e+02   -2.1700675679e+01    1.1292729494e+01   -7.0197859888e+00    6.4734576651e-01   -2.5525680161e+00   -1.2775667440e+01    2.6400000000e+02    2.2059444000e-02    5.3394886364e-01
       144   -1.0509511485e+01    1.1116482639e+02   -2.1846762728e+01    1.1337251243e+01   -7.2096028743e+00    6.7212308678e-01   -2.5336155006e+00   -1.2775667440e+01    2.6400000000e+02    2.1872175000e-02    5.3196022727e-01
       145   -1.0455119467e+01    1.0972081814e+02   -2.1634070147e+01    1.1178950680e+01   -6.8848461593e+00    5.8748994031e-01   -2.5610464875e+00   -1.2775667440e+01    2.6400000000e+02    2.1924711000e-02    5.3456439394e-01
       146   -1.0508344098e+01    1.1071478012e+02   -2.1611455830e+01    1.1103111731e+01   -6.6700126963e+00    4.5533240446e-01   -2.6211080975e+00   -1.2775667440e+01    2.6400000000e+02    2.3181279000e-02    5.3721590909e-01
       147   -1.0422999549e+01    1.0900331539e+02   -2.1471137611e+01    1.1048138061e+01   -6.6152023542e+00    4.6647521282e-01   -2.5467430290e+00   -1.2775667440e+01    2.6400000000e+02    2.2443574000e-02    5.4824810606e-01
       148   -1.0493252059e+01    1.1041542074e+02   -2.2378159658e+01    1.1884907599e+01   -7.6356027703e+00    5.9703980954e-01   -2.5639292567e+00   -1.2775667440e+01    2.6400000000e+02    2.1848091000e-02    5.3977272727e-01
       149   -1.0498480625e+01    1.1054287126e+02   -2.2216969306e+01    1.1718488681e+01   -7.5917133077e+00    6.3196055944e-01   -2.4815491175e+00   -1.2775667440e+01    2.6400000000e+02    2.1904939000e-02    5.3792613636e-01
       150   -1.0516272670e+01    1.1089849408e+02   -2.1836225391e+01    1.1319952720e+01   -6.8216053796e+00    5.2739238764e-01   -2.7663449585e+00   -1.2775667440e+01    2.6400000000e+02    2.1412117000e-02    5.4313446970e-01
       151   -1.0386278073e+01    1.0829820816e+02   -2.1795387402e+01    1.1409109329e+01   -7.1154588215e+00    5.4908204081e-01   -2.4533431809e+00   -1.2775667440e+01    2.6400000000e+02    2.2768526000e-02    5.4157196970e-01
       152   -1.0505759884e+01    1.1072279461e+02   -2.1889827928e+01    1.1384068043e+01   -7.1787612541e+00    6.7247167551e-01   -2.6078709090e+00   -1.2775667440e+01    2.6400000000e+02    2.2262007000e-02    5.3205492424e-01
       153   -1.0425530145e+01    1.0908740035e+02   -2.2214597334e+01    1.1789067190e+01   -7.6314903545e+00    6.3830372866e-01   -2.4457432681e+00   -1.2775667440e+01    2.6400000000e+02    2.0965618000e-02    5.3494318182e-01
       154   -1.0500562313e+01    1.1056737384e+02   -2.2018116237e+01    1.1517553924e+01   -7.1261480741e+00    5.9212911393e-01   -2.7084298364e+00   -1.2775667440e+01    2.6400000000e+02    2.0598966000e-02    5.4176136364e-01
       155   -1.0523646311e+01    1.1109238515e+02   -2.2066968873e+01    1.1543322562e+01   -7.2869551533e+00    7.1678594416e-01   -2.7211322241e+00   -1.2775667440e+01    2.6400000000e+02    2.1206737000e-02    5.3731060606e-01
       156   -1.0417977704e+01    1.0890285132e+02   -2.1694902147e+01    1.1276924443e+01   -6.9838819031e+00    6.6210517309e-01   -2.5974579770e+00   -1.2775667440e+01    2.6400000000e+02    2.1143772000e-02    5.3626893939e-01
       157   -1.0510925013e+01    1.1078710002e+02   -2.1621342520e+01    1.1110417508e+01   -6.8261004612e+00    6.2998653595e-01   -2.6495611549e+00   -1.2775667440e+01    2.6400000000e+02    2.0312183000e-02    5.4038825758e-01
       158   -1.0458744499e+01    1.0972854612e+02   -2.2491679645e+01    1.2032935146e+01   -7.5537529995e+00    4.9103513515e-01   -2.6532943403e+00   -1.2775667440e+01    2.6400000000e+02    2.1481369000e-02    5.3579545455e-01
       159   -1.0520546243e+01    1.1109738793e+02   -2.1846484419e+01    1.1325938176e+01   -7.0221925351e+00    6.3685825026e-01   -2.6854826941e+00   -1.2775667440e+01    2.6400000000e+02    2.1495149000e-02    5.4114583333e-01
       160   -1.0473316251e+01    1.1001968424e+02   -2.2573469341e+01    1.2100153090e+01   -7.8659674591e+00    5.3993274777e-01   -2.4717671893e+00   -1.2775667440e+01    2.6400000000e+02    2.0836429000e-02    5.3366477273e-01
       161   -1.0459054825e+01    1.0976807095e+02   -2.1568447348e+01    1.1109392524e+01   -6.8664781181e+00    6.0852950294e-01   -2.5348312930e+00   -1.2775667440e+01    2.6400000000e+02    1.9343515000e-02    5.3172348485e-01
       162   -1.0463994698e+01    1.1002574553e+02   -2.2208404696e+01    1.1744409997e+01   -7.6001384432e+00    5.3554642314e-01   -2.3681452355e+00   -1.2775667440e+01    2.6400000000e+02    1.8948159000e-02    5.4441287879e-01
       163   -1.0510128625e+01    1.1078200166e+02   -2.1990285890e+01    1.1480157264e+01   -6.9993182178e+00    5.2775341532e-01   -2.7430536470e+00   -1.2775667440e+01    2.6400000000e+02    1.8557925000e-02    5.4332386364e-01
       164   -1.0437277589e+01    1.0935431357e+02   -2.2209123599e+01    1.1771846010e+01   -7.6378062663e+00    6.6210158461e-01   -2.4577514773e+00   -1.2775667440e+01    2.6400000000e+02    1.8935435000e-02    5.3375946970e-01
       165   -1.0499323489e+01    1.1049097261e+02   -2.1803467806e+01    1.1304144317e+01   -6.8429216026e+00    4.6450162944e-01   -2.6493803928e+00   -1.2775667440e+01    2.6400000000e+02    1.8470704000e-02    5.4280303030e-01
       166   -1.0508813365e+01    1.1078970309e+02   -2.1938615699e+01    1.1429802333e+01   -7.1095256413e+00    6.5309788323e-01   -2.7065205004e+00   -1.2775667440e+01    2.6400000000e+02    1.8640653000e-02    5.4455492424e-01
       167   -1.0554109088e+01    1.1179409733e+02   -2.1564994107e+01    1.1010885019e+01   -6.8123767215e+00    6.4234277245e-01   -2.6192927180e+00   -1.2775667440e+01    2.6400000000e+02    1.8542047000e-02    5.3868371212e-01
       168   -1.0483329757e+01    1.1035000590e+02   -2.1927270054e+01    1.1443940296e+01   -7.3364054866e+00    7.2972799655e-01   -2.5449251232e+00   -1.2775667440e+01    2.6400000000e+02    1.8648462000e-02    5.3754734848e-01
       169   -1.0458856227e+01    1.0972825332e+02   -2.1779636413e+01    1.1320780185e+01   -7.0655877178e+00    7.3637329645e-01   -2.6747545510e+00   -1.2775667440e+01    2.6400000000e+02    1.8700754000e-02    5.4223484848e-01
       170   -1.0444320451e+01    1.0937158936e+02   -2.2231719974e+01    1.1787399522e+01   -7.1366795152e+00    2.8713559460e-01   -2.6065086128e+00   -1.2775667440e+01    2.6400000000e+02    1.8778327000e-02    5.3768939394e-01
       171   -1.0458178964e+01    1.0977993685e+02   -2.2109567618e+01    1.1651388654e+01   -7.3565150685e+00    5.9584926525e-01   -2.5732343747e+00   -1.2775667440e+01    2.6400000000e+02    1.8843785000e-02    5.3925189394e-01
       172   -1.0517712751e+01    1.1103632567e+02   -2.2352965266e+01    1.1835252515e+01   -7.5889105617e+00    6.1761372654e-01   -2.6060009905e+00   -1.2775667440e+01    2.6400000000e+02    1.8501879000e-02    5.3645833333e-01
       173   -1.0567107707e+01    1.1198765874e+02   -2.2418089540e+01    1.1850981833e+01   -7.6176795423e+00    6.2736094289e-01   -2.6521035008e+00   -1.2775667440e+01    2.6400000000e+02    1.8388594000e-02    5.3517992424e-01
       174   -1.0477851985e+01    1.1011912370e+02   -2.1728870314e+01    1.1251018328e+01   -7.0581694971e+00    5.8464339541e-01   -2.4796767721e+00   -1.2775667440e+01    2.6400000000e+02    1.8643236000e-02    5.4109848485e-01
       175   -1.0491100167e+01    1.1041729462e+02   -2.1685043270e+01    1.1193943103e+01   -7.1653906860e+00    8.3719240353e-01   -2.5811775473e+00   -1.2775667440e+01    2.6400000000e+02    1.8675338000e-02    5.4464962121e-01
       176   -1.0467362587e+01    1.0985110255e+02   -2.1923064627e+01    1.1455702040e+01   -7.0506816569e+00    5.7120649077e-01   -2.6679220205e+00   -1.2775667440e+01    2.6400000000e+02    1.8690229000e-02    5.3437500000e-01
       177   -1.0474914212e+01    1.1006916891e+02   -2.2245384594e+01    1.1770470381e+01   -7.5850204760e+00    7.0003626148e-01   -2.5847329387e+00   -1.2775667440e+01    2.6400000000e+02    1.8612475000e-02    5.4109848485e-01
       178   -1.0400577683e+01    1.0863075770e+02   -2.2519785164e+01    1.2119207481e+01   -7.6674375240e+00    4.6153011317e-01   -2.5382103129e+00   -1.2775667440e+01    2.6400000000e+02    1.8758404000e-02    5.3797348485e-01
       179   -1.0423695744e+01    1.0902316724e+02   -2.2094856496e+01    1.1671160753e+01   -7.4255098053e+00    5.6377098949e-01   -2.4574502402e+00   -1.2775667440e+01    2.6400000000e+02    1.8581554000e-02    5.3854166667e-01
       180   -1.0462809795e+01    1.0986559904e+02   -2.1601241567e+01    1.1138431771e+01   -6.6952028041e+00    4.5901365591e-01   -2.5893849782e+00   -1.2775667440e+01    2.6400000000e+02    1.8725169000e-02    5.3650568182e-01
       181   -1.0451019925e+01    1.0957900567e+02   -2.2126471337e+01    1.1675451413e+01   -7.1662614600e+00    4.6637873379e-01   -2.6509211708e+00   -1.2775667440e+01    2.6400000000e+02    1.9067231000e-02    5.4048295455e-01
       182   -1.0472523031e+01    1.1003794881e+02   -2.1705634128e+01    1.1233111098e+01   -6.8767169701e+00    6.2495689195e-01   -2.6782066097e+00   -1.2775667440e+01    2.6400000000e+02    2.1731463000e-02    5.4090909091e-01
       183   -1.0388904523e+01    1.0828293881e+02   -2.2334017269e+01    1.1945112746e+01   -7.5229779197e+00    5.0027718565e-01   -2.5356490946e+00   -1.2775667440e+01    2.6400000000e+02    2.0884088000e-02    5.3910984848e-01
       184   -1.0532992860e+01    1.1134461285e+02   -2.2643318481e+01    1.2110325621e+01   -8.1673175314e+00    7.7690224013e-01   -2.4772357495e+00   -1.2775667440e+01    2.6400000000e+02    2.2432556000e-02    5.3731060606e-01
       185   -1.0481546039e+01    1.1018954437e+02   -2.1953807408e+01    1.1472261369e+01   -7.4252301089e+00    8.3686975374e-01   -2.5897796124e+00   -1.2775667440e+01    2.6400000000e+02    2.1558764000e-02    5.4161931818e-01
       186   -1.0463824731e+01    1.0992393636e+02   -2.2109075837e+01    1.1645251106e+01   -7.2521359782e+00    5.3641518891e-01   -2.6176876074e+00   -1.2775667440e+01    2.6400000000e+02    2.1465543000e-02    5.4526515152e-01
       187   -1.0398806555e+01    1.0854916669e+02   -2.1970231167e+01    1.1571424612e+01   -7.2564208064e+00    5.5479013476e-01   -2.4929330549e+00   -1.2775667440e+01    2.6400000000e+02    2.1312788000e-02    5.3858901515e-01
       188   -1.0483104010e+01    1.1019455675e+02   -2.2161103406e+01    1.1677999395e+01   -7.3675946564e+00    6.1393424873e-01   -2.6317755577e+00   -1.2775667440e+01    2.6400000000e+02    2.0741947000e-02    5.3347537879e-01
       189   -1.0386297714e+01    1.0823034667e+02   -2.1483042831e+01    1.1096745117e+01   -6.7776882891e+00    5.6024801477e-01   -2.4899351162e+00   -1.2775667440e+01    2.6400000000e+02    2.1535771000e-02    5.4067234848e-01
       190   -1.0489570135e+01    1.1035916001e+02   -2.1801095363e+01    1.1311525228e+01   -7.1320077733e+00    7.1438701303e-01   -2.6078071627e+00   -1.2775667440e+01    2.6400000000e+02    2.1314396000e-02    5.3641098485e-01
       191   -1.0538816343e+01    1.1149039285e+02   -2.2149122671e+01    1.1610306329e+01   -7.8300112296e+00    9.6543093380e-01   -2.5088749353e+00   -1.2775667440e+01    2.6400000000e+02    2.1179321000e-02    5.3470643939e-01
       192   -1.0478064128e+01    1.1012137498e+02   -2.1427615236e+01    1.0949551108e+01   -6.5988478341e+00    6.0308168360e-01   -2.6561816455e+00   -1.2775667440e+01    2.6400000000e+02    2.1799541000e-02    5.3806818182e-01
       193   -1.0517431851e+01    1.1096505843e+02   -2.2204138839e+01    1.1686706987e+01   -7.6630685950e+00    7.3290549593e-01   -2.4983082995e+00   -1.2775667440e+01    2.6400000000e+02    2.2142361000e-02    5.3835227273e-01
       194   -1.0398831166e+01    1.0854864799e+02   -2.1583376533e+01    1.1184545366e+01   -6.9066151690e+00    4.7431102009e-01   -2.3754049436e+00   -1.2775667440e+01    2.6400000000e+02    2.2324792000e-02    5.4469696970e-01
       195   -1.0503967255e+01    1.1069892640e+02   -2.2143566455e+01    1.1639599200e+01   -7.5596205484e+00    8.0722892483e-01   -2.6155073914e+00   -1.2775667440e+01    2.6400000000e+02    2.2063500000e-02    5.3527462121e-01
       196   -1.0411947481e+01    1.0882166118e+02   -2.1604123043e+01    1.1192175562e+01   -6.8031310932e+00    4.3603498056e-01   -2.4613594904e+00   -1.2775667440e+01    2.6400000000e+02    2.2105280000e-02    5.3953598485e-01
       197   -1.0531876243e+01    1.1128934514e+02   -2.1340808770e+01    1.0808932526e+01   -6.6720363505e+00    8.4870223308e-01   -2.7418072121e+00   -1.2775667440e+01    2.6400000000e+02    2.2196224000e-02    5.3503787879e-01
       198   -1.0498502010e+01    1.1047374028e+02   -2.2086930321e+01    1.1588428311e+01   -7.2317266891e+00    5.8534938488e-01   -2.6648855764e+00   -1.2775667440e+01    2.6400000000e+02    2.2729285000e-02    5.3768939394e-01
       199   -1.0458874867e+01    1.0984728272e+02   -2.1549159114e+01    1.1090284247e+01   -6.6352515324e+00    4.0905066400e-01   -2.5472908052e+00   -1.2775667440e+01    2.6400000000e+02    2.1249648000e-02    5.3773674242e-01
