#   index    LocalEnergy         LocalEnergy_sq      LocalPotential      Kinetic             LocalECP            NonLocalECP         ElecElec            IonIon              BlockWeight         BlockCPU            AcceptRatio         
         0   -1.0404992212e+01    1.0984934511e+02   -2.2274668683e+01    1.1869676471e+01   -7.7580928373e+00    6.0071877694e-01   -2.3416271828e+00   -1.2775667440e+01    2.6400000000e+02    1.9486802000e-02    5.4086174242e-01
         1   -1.0180155540e+01    1.0551819348e+02   -2.1275369829e+01    1.1095214289e+01   -6.8413294654e+00    5.6831717576e-01   -2.2266900993e+00   -1.2775667440e+01    2.6400000000e+02    2.0198337000e-02    5.3731060606e-01
         2   -1.0217209493e+01    1.0662279016e+02   -2.1596619358e+01    1.1379409866e+01   -7.2541681872e+00    6.8510186307e-01   -2.2518855941e+00   -1.2775667440e+01    2.6400000000e+02    2.0282856000e-02    5.4071969697e-01
         3   -1.0251152313e+01    1.0653555688e+02   -2.2001264679e+01    1.1750112366e+01   -7.2987133770e+00    3.8313862308e-01   -2.3100224846e+00   -1.2775667440e+01    2.6400000000e+02    2.0093226000e-02    5.4251893939e-01
         4   -1.0188139222e+01    1.0532143998e+02   -2.1342554071e+01    1.1154414849e+01   -7.0484213092e+00    7.3037559378e-01   -2.2488409153e+00   -1.2775667440e+01    2.6400000000e+02    1.9525338000e-02    5.4375000000e-01
         5   -1.0054433266e+01    1.0359590773e+02   -2.1570133482e+01    1.1515700216e+01   -7.0114672870e+00    3.3800478886e-01   -2.1210035434e+00   -1.2775667440e+01    2.6400000000e+02    1.9470127000e-02    5.4706439394e-01
         6   -1.0265965773e+01    1.0693331782e+02   -2.1655384458e+01    1.1389418685e+01   -7.3240307818e+00    6.9061791641e-01   -2.2463041524e+00   -1.2775667440e+01    2.6400000000e+02    2.0069582000e-02    5.4427083333e-01
         7   -1.0233224440e+01    1.0664338432e+02   -2.1733363155e+01    1.1500138714e+01   -7.2840252728e+00    5.2758623953e-01   -2.2012566813e+00   -1.2775667440e+01    2.6400000000e+02    1.9979569000e-02    5.4535984848e-01
         8   -1.0278780213e+01    1.0749871289e+02   -2.1773537926e+01    1.1494757712e+01   -7.5903069399e+00    8.3115708236e-01   -2.2387206279e+00   -1.2775667440e+01    2.6400000000e+02    1.9882800000e-02    5.4498106061e-01
         9   -1.0077494312e+01    1.0370537579e+02   -2.1858644420e+01    1.1781150109e+01   -7.3285820192e+00    3.6187610466e-01   -2.1162710656e+00   -1.2775667440e+01    2.6400000000e+02    1.9667295000e-02    5.4446022727e-01
        10   -1.0315584981e+01    1.0790961646e+02   -2.2048132114e+01    1.1732547133e+01   -7.5505440281e+00    6.0806928087e-01   -2.3299899266e+00   -1.2775667440e+01    2.6400000000e+02    1.9917949000e-02    5.3626893939e-01
        11   -1.0264845723e+01    1.0743745877e+02   -2.1600068257e+01    1.1335222534e+01   -7.1102742400e+00    6.0215644871e-01   -2.3162830255e+00   -1.2775667440e+01    2.6400000000e+02    2.0209957000e-02    5.4048295455e-01
        12   -1.0261347907e+01    1.0670240973e+02   -2.1908720387e+01    1.1647372479e+01   -7.3078608579e+00    4.5624917286e-01   -2.2814412614e+00   -1.2775667440e+01    2.6400000000e+02    2.0216543000e-02    5.5596590909e-01
        13   -1.0285430336e+01    1.0732285309e+02   -2.1751131020e+01    1.1465700684e+01   -7.3038163449e+00    6.7630878127e-01   -2.3479560158e+00   -1.2775667440e+01    2.6400000000e+02    2.0952236000e-02    5.3967803030e-01
        14   -1.0262325703e+01    1.0717676024e+02   -2.1903615244e+01    1.1641289541e+01   -7.5387580807e+00    6.1087489186e-01   -2.2000646148e+00   -1.2775667440e+01    2.6400000000e+02    2.0760409000e-02    5.4687500000e-01
        15   -1.0270992323e+01    1.0737824294e+02   -2.2074762473e+01    1.1803770149e+01   -7.5294689916e+00    5.2341704078e-01   -2.2930430815e+00   -1.2775667440e+01    2.6400000000e+02    1.8966437000e-02    5.4616477273e-01
        16   -1.0133032047e+01    1.0471983002e+02   -2.1897350843e+01    1.1764318796e+01   -7.4368681086e+00    4.6015350413e-01   -2.1449687982e+00   -1.2775667440e+01    2.6400000000e+02    1.9501213000e-02    5.4474431818e-01
        17   -1.0051486535e+01    1.0338594295e+02   -2.1572507841e+01    1.1521021306e+01   -7.8402408326e+00    1.0529973598e+00   -2.0095969279e+00   -1.2775667440e+01    2.6400000000e+02    1.8957433000e-02    5.3887310606e-01
        18   -1.0238279873e+01    1.0653312043e+02   -2.1674696037e+01    1.1436416163e+01   -7.4018392249e+00    7.2152950313e-01   -2.2187188749e+00   -1.2775667440e+01    2.6400000000e+02    1.8983126000e-02    5.3967803030e-01
        19   -1.0231787205e+01    1.0635400344e+02   -2.1734298659e+01    1.1502511454e+01   -7.3632747331e+00    6.3053500277e-01   -2.2258914881e+00   -1.2775667440e+01    2.6400000000e+02    1.8763165000e-02    5.4237689394e-01
        20   -1.0050280025e+01    1.0380457431e+02   -2.1991635602e+01    1.1941355577e+01   -8.1712271013e+00    8.4208476739e-01   -1.8868258280e+00   -1.2775667440e+01    2.6400000000e+02    1.9394276000e-02    5.3835227273e-01
        21   -1.0217888793e+01    1.0628073050e+02   -2.1703571292e+01    1.1485682500e+01   -7.4869441606e+00    7.6456022304e-01   -2.2055199146e+00   -1.2775667440e+01    2.6400000000e+02    1.9529846000e-02    5.4393939394e-01
        22   -1.0337170634e+01    1.0835072632e+02   -2.1807851660e+01    1.1470681026e+01   -7.4562833865e+00    7.7183907248e-01   -2.3477399058e+00   -1.2775667440e+01    2.6400000000e+02    1.9079608000e-02    5.4839015152e-01
        23   -1.0249995929e+01    1.0685359939e+02   -2.1327247628e+01    1.1077251699e+01   -6.8494094649e+00    6.0218072985e-01   -2.3043514527e+00   -1.2775667440e+01    2.6400000000e+02    1.8741321000e-02    5.4682765152e-01
        24   -1.0098934787e+01    1.0420999933e+02   -2.1791774262e+01    1.1692839474e+01   -7.7560956553e+00    8.1610689575e-01   -2.0761180618e+00   -1.2775667440e+01    2.6400000000e+02    1.8745617000e-02    5.4365530303e-01
        25   -1.0081755644e+01    1.0409547457e+02   -2.1770848709e+01    1.1689093066e+01   -7.5113164206e+00    5.0459077328e-01   -1.9884556218e+00   -1.2775667440e+01    2.6400000000e+02    1.8748029000e-02    5.4550189394e-01
        26   -1.0303807342e+01    1.0785634687e+02   -2.1927624971e+01    1.1623817629e+01   -7.4177060564e+00    5.5401178328e-01   -2.2882632574e+00   -1.2775667440e+01    2.6400000000e+02    1.8781381000e-02    5.3598484848e-01
        27   -1.0251974594e+01    1.0679720970e+02   -2.1460254193e+01    1.1208279600e+01   -6.8542905865e+00    4.6902336563e-01   -2.2993195320e+00   -1.2775667440e+01    2.6400000000e+02    1.9340675000e-02    5.3712121212e-01
        28   -1.0326053227e+01    1.0813440090e+02   -2.1656635689e+01    1.1330582463e+01   -7.0703432736e+00    5.4980372790e-01   -2.3604287035e+00   -1.2775667440e+01    2.6400000000e+02    1.7572291000e-02    5.5004734848e-01
        29   -1.0330955266e+01    1.0859081533e+02   -2.1759351994e+01    1.1428396728e+01   -7.1850120600e+00    5.6846506215e-01   -2.3671375559e+00   -1.2775667440e+01    2.6400000000e+02    1.7516798000e-02    5.4005681818e-01
        30   -1.0300510671e+01    1.0778896838e+02   -2.2314382575e+01    1.2013871904e+01   -7.9401148347e+00    5.9791144438e-01   -2.1965117445e+00   -1.2775667440e+01    2.6400000000e+02    1.7489207000e-02    5.4119318182e-01
        31   -1.0215898078e+01    1.0635356049e+02   -2.1498102184e+01    1.1282204106e+01   -7.2444489232e+00    7.1187833344e-01   -2.1898641539e+00   -1.2775667440e+01    2.6400000000e+02    1.7324608000e-02    5.4460227273e-01
        32   -1.0250495428e+01    1.0647242915e+02   -2.1891273227e+01    1.1640777798e+01   -7.2324901303e+00    3.7978753952e-01   -2.2629031955e+00   -1.2775667440e+01    2.6400000000e+02    1.7414690000e-02    5.3612689394e-01
        33   -1.0286375437e+01    1.0734507552e+02   -2.2331256033e+01    1.2044880596e+01   -8.2152231756e+00    8.5201881357e-01   -2.1923842304e+00   -1.2775667440e+01    2.6400000000e+02    1.7702553000e-02    5.4607007576e-01
        34   -1.0291018039e+01    1.0794511600e+02   -2.2019763825e+01    1.1728745786e+01   -7.2329203642e+00    3.2609830908e-01   -2.3372743298e+00   -1.2775667440e+01    2.6400000000e+02    1.7429812000e-02    5.4474431818e-01
        35   -1.0231921396e+01    1.0646912626e+02   -2.2083876014e+01    1.1851954617e+01   -8.0297429289e+00    8.8113538939e-01   -2.1596010341e+00   -1.2775667440e+01    2.6400000000e+02    1.7665445000e-02    5.4090909091e-01
        36   -1.0196914212e+01    1.0593566985e+02   -2.1529366369e+01    1.1332452157e+01   -7.2284075767e+00    7.3220306657e-01   -2.2574944184e+00   -1.2775667440e+01    2.6400000000e+02    1.7572864000e-02    5.4607007576e-01
        37   -1.0229441090e+01    1.0621534747e+02   -2.1427428030e+01    1.1197986940e+01   -7.0448636309e+00    5.7291991104e-01   -2.1798168704e+00   -1.2775667440e+01    2.6400000000e+02    1.7413665000e-02    5.4441287879e-01
        38   -1.0245912223e+01    1.0654494075e+02   -2.2264746995e+01    1.2018834772e+01   -7.9299488855e+00    6.3206809187e-01   -2.1911987614e+00   -1.2775667440e+01    2.6400000000e+02    1.7583771000e-02    5.3598484848e-01
        39   -1.0224751862e+01    1.0657917709e+02   -2.1554328433e+01    1.1329576570e+01   -7.3587315224e+00    8.0925193558e-01   -2.2291814058e+00   -1.2775667440e+01    2.6400000000e+02    1.7564989000e-02    5.4910037879e-01
        40   -1.0266457509e+01    1.0741575141e+02   -2.2290364568e+01    1.2023907059e+01   -7.8400277587e+00    5.7001708403e-01   -2.2446864528e+00   -1.2775667440e+01    2.6400000000e+02    1.7563746000e-02    5.4464962121e-01
        41   -1.0152839390e+01    1.0543438458e+02   -2.1834024333e+01    1.1681184943e+01   -7.6297042515e+00    6.9432100649e-01   -2.1229736475e+00   -1.2775667440e+01    2.6400000000e+02    1.7436005000e-02    5.4081439394e-01
        42   -1.0351822527e+01    1.0883674328e+02   -2.1250564682e+01    1.0898742155e+01   -6.7601415978e+00    6.7737772116e-01   -2.3921333649e+00   -1.2775667440e+01    2.6400000000e+02    1.7788940000e-02    5.4554924242e-01
        43   -1.0147629082e+01    1.0477452104e+02   -2.1440920290e+01    1.1293291207e+01   -6.8799670605e+00    4.3270929843e-01   -2.2179950872e+00   -1.2775667440e+01    2.6400000000e+02    1.7521177000e-02    5.4157196970e-01
        44   -1.0344367677e+01    1.0846683533e+02   -2.1761123888e+01    1.1416756211e+01   -7.1579197845e+00    5.2987205101e-01   -2.3574087144e+00   -1.2775667440e+01    2.6400000000e+02    1.7318895000e-02    5.4554924242e-01
        45   -1.0307353754e+01    1.0787161542e+02   -2.2151198953e+01    1.1843845198e+01   -7.9082052629e+00    6.9909978457e-01   -2.1664260340e+00   -1.2775667440e+01    2.6400000000e+02    1.7629495000e-02    5.4138257576e-01
        46   -1.0161478195e+01    1.0540594153e+02   -2.1242934192e+01    1.1081455997e+01   -6.9793426599e+00    6.7630141520e-01   -2.1642255068e+00   -1.2775667440e+01    2.6400000000e+02    1.7540566000e-02    5.3778409091e-01
        47   -1.0386081075e+01    1.0950081944e+02   -2.1800209991e+01    1.1414128916e+01   -7.2491025022e+00    6.1139452907e-01   -2.3868345776e+00   -1.2775667440e+01    2.6400000000e+02    1.7769928000e-02    5.4218750000e-01
        48   -1.0301227243e+01    1.0795541855e+02   -2.1893416840e+01    1.1592189597e+01   -7.5633749651e+00    7.2597989861e-01   -2.2803543333e+00   -1.2775667440e+01    2.6400000000e+02    1.7485668000e-02    5.4341856061e-01
        49   -1.0293219154e+01    1.0749103388e+02   -2.1585083187e+01    1.1291864033e+01   -6.9144334225e+00    4.3304653925e-01   -2.3280288635e+00   -1.2775667440e+01    2.6400000000e+02    1.8399264000e-02    5.4663825758e-01
        50   -1.0313874971e+01    1.0783128042e+02   -2.1572755310e+01    1.1258880339e+01   -7.2250611525e+00    7.2702444843e-01   -2.2990511659e+00   -1.2775667440e+01    2.6400000000e+02    1.9425988000e-02    5.3773674242e-01
        51   -1.0264085875e+01    1.0701851189e+02   -2.2094719731e+01    1.1830633856e+01   -7.8032223882e+00    6.9483421625e-01   -2.2106641187e+00   -1.2775667440e+01    2.6400000000e+02    1.9556055000e-02    5.4285037879e-01
        52   -1.0223848582e+01    1.0617924434e+02   -2.1085119919e+01    1.0861271337e+01   -6.5964211364e+00    5.7571349817e-01   -2.2887448409e+00   -1.2775667440e+01    2.6400000000e+02    2.0251715000e-02    5.4663825758e-01
        53   -1.0310339657e+01    1.0793292549e+02   -2.2274143636e+01    1.1963803978e+01   -7.8499404236e+00    5.8026312339e-01   -2.2287988950e+00   -1.2775667440e+01    2.6400000000e+02    2.0162210000e-02    5.4171401515e-01
        54   -1.0378650679e+01    1.1050103627e+02   -2.1495722812e+01    1.1117072133e+01   -7.3843463316e+00    9.8926485172e-01   -2.3249738918e+00   -1.2775667440e+01    2.6400000000e+02    1.9660672000e-02    5.4393939394e-01
        55   -1.0303639329e+01    1.0778407694e+02   -2.1697549674e+01    1.1393910345e+01   -7.0377596040e+00    4.8535734330e-01   -2.3694799732e+00   -1.2775667440e+01    2.6400000000e+02    1.9399732000e-02    5.4654356061e-01
        56   -1.0205988741e+01    1.0624940908e+02   -2.1727879415e+01    1.1521890674e+01   -7.5657258266e+00    6.1678866271e-01   -2.0032748109e+00   -1.2775667440e+01    2.6400000000e+02    1.9925825000e-02    5.4673295455e-01
        57   -1.0387887026e+01    1.0929688127e+02   -2.2209060009e+01    1.1821172983e+01   -7.6588038995e+00    5.6935322418e-01   -2.3439418936e+00   -1.2775667440e+01    2.6400000000e+02    2.0455360000e-02    5.4313446970e-01
        58   -1.0382031096e+01    1.0921165009e+02   -2.2077729023e+01    1.1695697926e+01   -7.7743651499e+00    7.8702951913e-01   -2.3147259516e+00   -1.2775667440e+01    2.6400000000e+02    2.0073244000e-02    5.4261363636e-01
        59   -1.0263831018e+01    1.0698952161e+02   -2.1590785761e+01    1.1326954743e+01   -7.0765374077e+00    5.6114581119e-01   -2.2997267245e+00   -1.2775667440e+01    2.6400000000e+02    1.9510984000e-02    5.4322916667e-01
        60   -1.0097457679e+01    1.0435839316e+02   -2.1996874806e+01    1.1899417127e+01   -7.7709026042e+00    5.4022419853e-01   -1.9905289604e+00   -1.2775667440e+01    2.6400000000e+02    1.9683063000e-02    5.4678030303e-01
        61   -1.0213222867e+01    1.0602630688e+02   -2.1800958661e+01    1.1587735794e+01   -7.5072115941e+00    6.6940455828e-01   -2.1874841851e+00   -1.2775667440e+01    2.6400000000e+02    2.0012799000e-02    5.3977272727e-01
        62   -1.0350950155e+01    1.0897168846e+02   -2.1242229020e+01    1.0891278865e+01   -6.7287067358e+00    6.4734734720e-01   -2.3852021907e+00   -1.2775667440e+01    2.6400000000e+02    2.0261305000e-02    5.4157196970e-01
        63   -1.0181967640e+01    1.0563614172e+02   -2.1413656761e+01    1.1231689121e+01   -7.2200891692e+00    7.7494212244e-01   -2.1928422737e+00   -1.2775667440e+01    2.6400000000e+02    1.9887992000e-02    5.4517045455e-01
        64   -1.0273539554e+01    1.0745766142e+02   -2.1842080930e+01    1.1568541377e+01   -7.6694193015e+00    7.7234302219e-01   -2.1693372108e+00   -1.2775667440e+01    2.6400000000e+02    1.9774056000e-02    5.3963068182e-01
        65   -1.0225140782e+01    1.0645925382e+02   -2.1271769097e+01    1.1046628315e+01   -6.7080171530e+00    5.1065562621e-01   -2.2987401304e+00   -1.2775667440e+01    2.6400000000e+02    2.1401113000e-02    5.4431818182e-01
        66   -1.0265897684e+01    1.0704644834e+02   -2.1730567688e+01    1.1464670003e+01   -7.2245253335e+00    5.7446343084e-01   -2.3048383449e+00   -1.2775667440e+01    2.6400000000e+02    2.1330160000e-02    5.4730113636e-01
        67   -1.0203029390e+01    1.0607986272e+02   -2.1722508309e+01    1.1519478919e+01   -7.4223844827e+00    6.4835532455e-01   -2.1728117109e+00   -1.2775667440e+01    2.6400000000e+02    2.0854349000e-02    5.4389204545e-01
        68   -1.0402339266e+01    1.0990325381e+02   -2.1960735357e+01    1.1558396092e+01   -7.8208668821e+00    8.3742628985e-01   -2.2016273250e+00   -1.2775667440e+01    2.6400000000e+02    2.1620736000e-02    5.4512310606e-01
        69   -1.0264575422e+01    1.0731094020e+02   -2.2257513749e+01    1.1992938327e+01   -8.0012518649e+00    6.9585497515e-01   -2.1764494192e+00   -1.2775667440e+01    2.6400000000e+02    2.0519044000e-02    5.4455492424e-01
        70   -1.0238021079e+01    1.0648244826e+02   -2.1742358216e+01    1.1504337137e+01   -7.3007681753e+00    5.4596024306e-01   -2.2118828438e+00   -1.2775667440e+01    2.6400000000e+02    1.9841045000e-02    5.4157196970e-01
        71   -1.0341316368e+01    1.0851875805e+02   -2.1653659501e+01    1.1312343133e+01   -7.2006657871e+00    6.6412961849e-01   -2.3414558921e+00   -1.2775667440e+01    2.6400000000e+02    2.0619911000e-02    5.4214015152e-01
        72   -1.0415525638e+01    1.1020849501e+02   -2.1809177748e+01    1.1393652110e+01   -7.2736393153e+00    6.2899733371e-01   -2.3888683258e+00   -1.2775667440e+01    2.6400000000e+02    2.1215283000e-02    5.3844696970e-01
        73   -1.0336656335e+01    1.0845789225e+02   -2.1718390910e+01    1.1381734575e+01   -7.1897162887e+00    5.3741312186e-01   -2.2904203033e+00   -1.2775667440e+01    2.6400000000e+02    2.1229090000e-02    5.3759469697e-01
        74   -1.0287314627e+01    1.0757709897e+02   -2.1799899569e+01    1.1512584942e+01   -7.3677406202e+00    6.4270434554e-01   -2.2991958544e+00   -1.2775667440e+01    2.6400000000e+02    2.1225315000e-02    5.4654356061e-01
        75   -1.0262317274e+01    1.0714316063e+02   -2.1896289894e+01    1.1633972620e+01   -7.6401271272e+00    6.7855984475e-01   -2.1590551709e+00   -1.2775667440e+01    2.6400000000e+02    2.1014592000e-02    5.4161931818e-01
        76   -1.0173102978e+01    1.0517016074e+02   -2.1235401362e+01    1.1062298384e+01   -6.7401032833e+00    5.1052258664e-01   -2.2301532250e+00   -1.2775667440e+01    2.6400000000e+02    2.1161212000e-02    5.4412878788e-01
        77   -1.0113844049e+01    1.0440000527e+02   -2.1488854662e+01    1.1375010613e+01   -7.1601955654e+00    5.7466112243e-01   -2.1276527792e+00   -1.2775667440e+01    2.6400000000e+02    2.1575792000e-02    5.4100378788e-01
        78   -1.0276414786e+01    1.0721836455e+02   -2.1956748599e+01    1.1680333813e+01   -7.6739884168e+00    7.2413697771e-01   -2.2312297196e+00   -1.2775667440e+01    2.6400000000e+02    2.0207706000e-02    5.4057765152e-01
        79   -1.0195503580e+01    1.0584994511e+02   -2.1878854343e+01    1.1683350763e+01   -7.3582210856e+00    5.0385845022e-01   -2.2488242673e+00   -1.2775667440e+01    2.6400000000e+02    1.9784448000e-02    5.4015151515e-01
        80   -1.0228296051e+01    1.0653785049e+02   -2.1848465353e+01    1.1620169302e+01   -7.5998628472e+00    6.2982707356e-01   -2.1027621395e+00   -1.2775667440e+01    2.6400000000e+02    1.8811707000e-02    5.4285037879e-01
        81   -1.0227045298e+01    1.0634267702e+02   -2.2304349658e+01    1.2077304360e+01   -8.1423016717e+00    7.3713230393e-01   -2.1235128501e+00   -1.2775667440e+01    2.6400000000e+02    1.8638294000e-02    5.4005681818e-01
        82   -1.0243685277e+01    1.0686286021e+02   -2.1676856426e+01    1.1433171149e+01   -7.4712338206e+00    6.5637251872e-01   -2.0863276839e+00   -1.2775667440e+01    2.6400000000e+02    1.8937792000e-02    5.4275568182e-01
        83   -1.0249070647e+01    1.0652839238e+02   -2.1418936592e+01    1.1169865946e+01   -7.0548178171e+00    6.8074394272e-01   -2.2691952778e+00   -1.2775667440e+01    2.6400000000e+02    1.8847049000e-02    5.3906250000e-01
        84   -1.0187848023e+01    1.0583587558e+02   -2.1742968608e+01    1.1555120584e+01   -7.4793252447e+00    6.6775097972e-01   -2.1557269024e+00   -1.2775667440e+01    2.6400000000e+02    1.8954003000e-02    5.4048295455e-01
        85   -1.0421989599e+01    1.0981648513e+02   -2.1824040257e+01    1.1402050658e+01   -7.2485880727e+00    6.2542608474e-01   -2.4252108293e+00   -1.2775667440e+01    2.6400000000e+02    1.9257555000e-02    5.4242424242e-01
        86   -1.0276129454e+01    1.0750026641e+02   -2.1514308337e+01    1.1238178883e+01   -7.0854461499e+00    6.0001285406e-01   -2.2532076006e+00   -1.2775667440e+01    2.6400000000e+02    1.9439508000e-02    5.4469696970e-01
        87   -1.0286107324e+01    1.0758463133e+02   -2.1304155163e+01    1.1018047838e+01   -6.7950432696e+00    6.6850489146e-01   -2.4019493444e+00   -1.2775667440e+01    2.6400000000e+02    1.9231322000e-02    5.4891098485e-01
        88   -1.0198464063e+01    1.0585732389e+02   -2.1579439754e+01    1.1380975691e+01   -7.5264838205e+00    8.7073697877e-01   -2.1480254720e+00   -1.2775667440e+01    2.6400000000e+02    1.9081271000e-02    5.3948863636e-01
        89   -1.0313499527e+01    1.0806803961e+02   -2.1279351375e+01    1.0965851848e+01   -6.7162743682e+00    5.2354553754e-01   -2.3109551039e+00   -1.2775667440e+01    2.6400000000e+02    1.8860599000e-02    5.4483901515e-01
        90   -1.0161495304e+01    1.0514262714e+02   -2.1531885452e+01    1.1370390148e+01   -7.2456140833e+00    6.0830745353e-01   -2.1189113824e+00   -1.2775667440e+01    2.6400000000e+02    1.8675827000e-02    5.4583333333e-01
        91   -1.0340129500e+01    1.0834986602e+02   -2.2104405955e+01    1.1764276455e+01   -7.7538258465e+00    7.2017594740e-01   -2.2950886156e+00   -1.2775667440e+01    2.6400000000e+02    1.9711866000e-02    5.4223484848e-01
        92   -1.0150696341e+01    1.0496880044e+02   -2.1594870392e+01    1.1444174051e+01   -7.2488879974e+00    5.6136346547e-01   -2.1316784200e+00   -1.2775667440e+01    2.6400000000e+02    1.8947454000e-02    5.4247159091e-01
        93   -1.0335499880e+01    1.0820851332e+02   -2.1380654923e+01    1.1045155044e+01   -6.8024934616e+00    5.7316566417e-01   -2.3756596855e+00   -1.2775667440e+01    2.6400000000e+02    1.8972044000e-02    5.3948863636e-01
        94   -1.0309930908e+01    1.0790847541e+02   -2.1216085492e+01    1.0906154584e+01   -6.6119126847e+00    5.5674524591e-01   -2.3852506130e+00   -1.2775667440e+01    2.6400000000e+02    1.8794059000e-02    5.4479166667e-01
        95   -1.0199978244e+01    1.0611299931e+02   -2.1850302928e+01    1.1650324684e+01   -7.3798641043e+00    5.2056575934e-01   -2.2153371426e+00   -1.2775667440e+01    2.6400000000e+02    1.8802865000e-02    5.3148674242e-01
        96   -1.0295869187e+01    1.0783349211e+02   -2.1874918636e+01    1.1579049449e+01   -7.5590690076e+00    7.5558177049e-01   -2.2957639587e+00   -1.2775667440e+01    2.6400000000e+02    1.8887131000e-02    5.4308712121e-01
        97   -1.0144667844e+01    1.0497652688e+02   -2.1497265225e+01    1.1352597380e+01   -7.1134442492e+00    5.5263226831e-01   -2.1607858037e+00   -1.2775667440e+01    2.6400000000e+02    1.9336369000e-02    5.4910037879e-01
        98   -1.0266477797e+01    1.0724018209e+02   -2.1091119338e+01    1.0824641541e+01   -6.7031772209e+00    6.5842697552e-01   -2.2707016527e+00   -1.2775667440e+01    2.6400000000e+02    1.9223577000e-02    5.4583333333e-01
        99   -1.0219218708e+01    1.0619307225e+02   -2.2093355166e+01    1.1874136458e+01   -7.6042356028e+00    4.1536304414e-01   -2.1288151668e+00   -1.2775667440e+01    2.6400000000e+02    1.9764030000e-02    5.4554924242e-01
       100   -1.0122959138e+01    1.0474479176e+02   -2.1633705304e+01    1.1510746166e+01   -7.3472546879e+00    5.7446742794e-01   -2.0852506040e+00   -1.2775667440e+01    2.6400000000e+02    2.0329753000e-02    5.4526515152e-01
       101   -1.0345935075e+01    1.0872402692e+02   -2.1915431238e+01    1.1569496163e+01   -7.4759853578e+00    5.9775166322e-01   -2.2615301029e+00   -1.2775667440e+01    2.6400000000e+02    1.9580124000e-02    5.3688446970e-01
       102   -1.0276625637e+01    1.0753690493e+02   -2.2008292870e+01    1.1731667233e+01   -7.8158628005e+00    7.7993211708e-01   -2.1966947463e+00   -1.2775667440e+01    2.6400000000e+02    1.9790328000e-02    5.4067234848e-01
       103   -1.0363639268e+01    1.0929752585e+02   -2.1643273463e+01    1.1279634195e+01   -7.1445540896e+00    6.5849928016e-01   -2.3815512129e+00   -1.2775667440e+01    2.6400000000e+02    1.9305887000e-02    5.3527462121e-01
       104   -1.0408377613e+01    1.0981199776e+02   -2.1541660201e+01    1.1133282588e+01   -6.9168283091e+00    6.1264578607e-01   -2.4618102377e+00   -1.2775667440e+01    2.6400000000e+02    2.0102505000e-02    5.4412878788e-01
       105   -1.0301802865e+01    1.0789192629e+02   -2.1946831037e+01    1.1645028172e+01   -7.5171684494e+00    6.4766678672e-01   -2.3016619338e+00   -1.2775667440e+01    2.6400000000e+02    1.9748772000e-02    5.4356060606e-01
       106   -1.0256666857e+01    1.0701901044e+02   -2.2131102435e+01    1.1874435578e+01   -7.9227435460e+00    7.4494930039e-01   -2.1776407492e+00   -1.2775667440e+01    2.6400000000e+02    1.9283563000e-02    5.4171401515e-01
       107   -1.0331161960e+01    1.0816264003e+02   -2.1830505382e+01    1.1499343422e+01   -7.2238978361e+00    5.1990516690e-01   -2.3508452726e+00   -1.2775667440e+01    2.6400000000e+02    1.9682604000e-02    5.4313446970e-01
       108   -1.0265319618e+01    1.0699570717e+02   -2.1033607410e+01    1.0768287792e+01   -6.6511118379e+00    6.9736846169e-01   -2.3041965936e+00   -1.2775667440e+01    2.6400000000e+02    1.9273509000e-02    5.4493371212e-01
       109   -1.0268841731e+01    1.0718702870e+02   -2.1630850753e+01    1.1362009022e+01   -7.1990799350e+00    5.4496821111e-01   -2.2010715893e+00   -1.2775667440e+01    2.6400000000e+02    2.0074422000e-02    5.4280303030e-01
       110   -1.0412891645e+01    1.0967923031e+02   -2.2239104151e+01    1.1826212506e+01   -7.5649265085e+00    5.2554007254e-01   -2.4240502746e+00   -1.2775667440e+01    2.6400000000e+02    1.9640163000e-02    5.4285037879e-01
       111   -1.0247197941e+01    1.0708330510e+02   -2.1070136188e+01    1.0822938247e+01   -6.7766923346e+00    7.6864782615e-01   -2.2864242396e+00   -1.2775667440e+01    2.6400000000e+02    1.9291728000e-02    5.4398674242e-01
       112   -1.0221497189e+01    1.0649808248e+02   -2.1376283992e+01    1.1154786804e+01   -7.0431274027e+00    6.0597431535e-01   -2.1634634648e+00   -1.2775667440e+01    2.6400000000e+02    1.9526885000e-02    5.4460227273e-01
       113   -1.0168927505e+01    1.0558054680e+02   -2.1809029308e+01    1.1640101803e+01   -7.4539990374e+00    5.4550400537e-01   -2.1248668355e+00   -1.2775667440e+01    2.6400000000e+02    1.9307862000e-02    5.4403409091e-01
       114   -1.0257744265e+01    1.0688133920e+02   -2.2167219751e+01    1.1909475486e+01   -7.6228397072e+00    4.4979487874e-01   -2.2185074825e+00   -1.2775667440e+01    2.6400000000e+02    1.9937678000e-02    5.4455492424e-01
       115   -1.0303167102e+01    1.0776635325e+02   -2.1606887548e+01    1.1303720446e+01   -7.3808064750e+00    8.0025371201e-01   -2.2506673450e+00   -1.2775667440e+01    2.6400000000e+02    1.9848487000e-02    5.4261363636e-01
       116   -1.0318107212e+01    1.0832245603e+02   -2.1588492655e+01    1.1270385443e+01   -7.0196613324e+00    5.3765268707e-01   -2.3308165692e+00   -1.2775667440e+01    2.6400000000e+02    1.9187416000e-02    5.4133522727e-01
       117   -1.0392093600e+01    1.0981340950e+02   -2.1694147098e+01    1.1302053498e+01   -7.0441277409e+00    5.4104452007e-01   -2.4153964368e+00   -1.2775667440e+01    2.6400000000e+02    1.9779887000e-02    5.4176136364e-01
       118   -1.0291046255e+01    1.0765265111e+02   -2.1707669635e+01    1.1416623379e+01   -7.2155759695e+00    4.9652687312e-01   -2.2129530980e+00   -1.2775667440e+01    2.6400000000e+02    1.8904370000e-02    5.4185606061e-01
       119   -1.0195043198e+01    1.0583232730e+02   -2.1693032673e+01    1.1497989475e+01   -7.2159637524e+00    4.9866281940e-01   -2.2000642993e+00   -1.2775667440e+01    2.6400000000e+02    1.9193085000e-02    5.3887310606e-01
       120   -1.0297328503e+01    1.0790731887e+02   -2.1785246902e+01    1.1487918399e+01   -7.2479408536e+00    5.5140272241e-01   -2.3130413304e+00   -1.2775667440e+01    2.6400000000e+02    1.9382595000e-02    5.3991477273e-01
       121   -1.0083823104e+01    1.0397674921e+02   -2.1530987303e+01    1.1447164200e+01   -7.3987638980e+00    6.8047667857e-01   -2.0370326437e+00   -1.2775667440e+01    2.6400000000e+02    1.8976973000e-02    5.3792613636e-01
       122   -1.0378145834e+01    1.0899466758e+02   -2.1742398481e+01    1.1364252647e+01   -7.1639151098e+00    5.4414477092e-01   -2.3469607015e+00   -1.2775667440e+01    2.6400000000e+02    1.9151666000e-02    5.4318181818e-01
       123   -1.0228365098e+01    1.0675200305e+02   -2.1750131104e+01    1.1521766007e+01   -7.3695258985e+00    6.0342987019e-01   -2.2083676358e+00   -1.2775667440e+01    2.6400000000e+02    1.8960746000e-02    5.3963068182e-01
       124   -1.0162808282e+01    1.0562681143e+02   -2.1401612068e+01    1.1238803786e+01   -6.9808853806e+00    5.7505793643e-01   -2.2201171832e+00   -1.2775667440e+01    2.6400000000e+02    1.8865432000e-02    5.4540719697e-01
       125   -1.0277179613e+01    1.0773701101e+02   -2.1759660946e+01    1.1482481333e+01   -7.1261682593e+00    5.0397182888e-01   -2.3617970753e+00   -1.2775667440e+01    2.6400000000e+02    1.8927264000e-02    5.4517045455e-01
       126   -1.0214294270e+01    1.0638356954e+02   -2.1703495649e+01    1.1489201379e+01   -7.2408745590e+00    5.2846072367e-01   -2.2154143733e+00   -1.2775667440e+01    2.6400000000e+02    1.9173380000e-02    5.4602272727e-01
       127   -1.0212913661e+01    1.0634933939e+02   -2.1839506208e+01    1.1626592547e+01   -7.4800075399e+00    5.9053959533e-01   -2.1743708237e+00   -1.2775667440e+01    2.6400000000e+02    1.9079518000e-02    5.4157196970e-01
       128   -1.0312422881e+01    1.0796844676e+02   -2.1965657119e+01    1.1653234238e+01   -7.5421590355e+00    6.8106320582e-01   -2.3288938493e+00   -1.2775667440e+01    2.6400000000e+02    1.8548093000e-02    5.4370265152e-01
       129   -1.0218464592e+01    1.0644814267e+02   -2.1890742961e+01    1.1672278369e+01   -7.4496750083e+00    5.7944194310e-01   -2.2448424553e+00   -1.2775667440e+01    2.6400000000e+02    1.8699015000e-02    5.4251893939e-01
       130   -1.0293065211e+01    1.0803724933e+02   -2.1397138273e+01    1.1104073062e+01   -7.2374707221e+00    8.8886409526e-01   -2.2728642056e+00   -1.2775667440e+01    2.6400000000e+02    1.8128160000e-02    5.4218750000e-01
       131   -1.0048415555e+01    1.0365239365e+02   -2.1637384373e+01    1.1588968818e+01   -7.5502903409e+00    6.7386977971e-01   -1.9852963715e+00   -1.2775667440e+01    2.6400000000e+02    1.7436155000e-02    5.4214015152e-01
       132   -1.0189775359e+01    1.0574662859e+02   -2.1548151209e+01    1.1358375850e+01   -7.2662841278e+00    6.7131520352e-01   -2.1775148444e+00   -1.2775667440e+01    2.6400000000e+02    1.7607942000e-02    5.4450757576e-01
       133   -1.0285955037e+01    1.0737017454e+02   -2.1245850961e+01    1.0959895924e+01   -6.8264715315e+00    7.1349893877e-01   -2.3572109277e+00   -1.2775667440e+01    2.6400000000e+02    1.7507537000e-02    5.4607007576e-01
       134   -1.0227364857e+01    1.0636267635e+02   -2.1854587744e+01    1.1627222887e+01   -7.6060804187e+00    6.8272991385e-01   -2.1555697993e+00   -1.2775667440e+01    2.6400000000e+02    1.7495092000e-02    5.4540719697e-01
       135   -1.0236430984e+01    1.0661926017e+02   -2.1699265150e+01    1.1462834167e+01   -7.1164131372e+00    4.8340259192e-01   -2.2905871647e+00   -1.2775667440e+01    2.6400000000e+02    1.7571960000e-02    5.4919507576e-01
       136   -1.0331378414e+01    1.0816345732e+02   -2.2232466430e+01    1.1901088015e+01   -7.9573344443e+00    7.1520006956e-01   -2.2146646149e+00   -1.2775667440e+01    2.6400000000e+02    1.7615500000e-02    5.4483901515e-01
       137   -1.0162429286e+01    1.0532248429e+02   -2.1359855619e+01    1.1197426333e+01   -7.1658843426e+00    8.0394642432e-01   -2.2222502605e+00   -1.2775667440e+01    2.6400000000e+02    1.7858256000e-02    5.4720643939e-01
       138   -1.0389654416e+01    1.0954395482e+02   -2.1449103972e+01    1.1059449556e+01   -6.9223875378e+00    6.1123109551e-01   -2.3622800893e+00   -1.2775667440e+01    2.6400000000e+02    1.7704358000e-02    5.4398674242e-01
       139   -1.0158507803e+01    1.0472327387e+02   -2.1468318090e+01    1.1309810287e+01   -6.9905912887e+00    4.8190620792e-01   -2.1839655688e+00   -1.2775667440e+01    2.6400000000e+02    1.8152443000e-02    5.4133522727e-01
       140   -1.0289159755e+01    1.0739021112e+02   -2.1740075982e+01    1.1450916226e+01   -7.2724906677e+00    5.8601758285e-01   -2.2779354566e+00   -1.2775667440e+01    2.6400000000e+02    1.8158077000e-02    5.4109848485e-01
       141   -1.0313553560e+01    1.0814197435e+02   -2.1714611594e+01    1.1401058034e+01   -7.2981929574e+00    6.1822604005e-01   -2.2589772362e+00   -1.2775667440e+01    2.6400000000e+02    1.7992948000e-02    5.3783143939e-01
       142   -1.0103612104e+01    1.0422843223e+02   -2.1266130318e+01    1.1162518214e+01   -6.8130663455e+00    5.2092389701e-01   -2.1983204298e+00   -1.2775667440e+01    2.6400000000e+02    1.8347821000e-02    5.4431818182e-01
       143   -1.0219599344e+01    1.0659001669e+02   -2.1725481200e+01    1.1505881855e+01   -7.6847411092e+00    8.7240145082e-01   -2.1374741012e+00   -1.2775667440e+01    2.6400000000e+02    1.7659025000e-02    5.3996212121e-01
       144   -1.0227930559e+01    1.0634989544e+02   -2.1950804563e+01    1.1722874004e+01   -7.6545273653e+00    7.1811306530e-01   -2.2387228225e+00   -1.2775667440e+01    2.6400000000e+02    1.7550608000e-02    5.4176136364e-01
       145   -1.0299263473e+01    1.0761230838e+02   -2.1390571227e+01    1.1091307754e+01   -6.7495175838e+00    5.1475677767e-01   -2.3801429806e+00   -1.2775667440e+01    2.6400000000e+02    1.7553861000e-02    5.3920454545e-01
       146   -1.0248110003e+01    1.0660121975e+02   -2.2575469464e+01    1.2327359461e+01   -8.4108614132e+00    7.3038530960e-01   -2.1193259203e+00   -1.2775667440e+01    2.6400000000e+02    1.7502642000e-02    5.3877840909e-01
       147   -1.0184569898e+01    1.0513567740e+02   -2.1266585718e+01    1.1082015820e+01   -6.8487041234e+00    6.4987766099e-01   -2.2920918156e+00   -1.2775667440e+01    2.6400000000e+02    1.7560135000e-02    5.4285037879e-01
       148   -1.0364165401e+01    1.0917747795e+02   -2.1988632514e+01    1.1624467114e+01   -7.5012965257e+00    6.1093248319e-01   -2.3226010315e+00   -1.2775667440e+01    2.6400000000e+02    1.7831641000e-02    5.4105113636e-01
       149   -1.0243919856e+01    1.0655745754e+02   -2.1398436096e+01    1.1154516240e+01   -7.0302754206e+00    7.0968057802e-01   -2.3021738130e+00   -1.2775667440e+01    2.6400000000e+02    1.7562103000e-02    5.4062500000e-01
       150   -1.0149622757e+01    1.0515194460e+02   -2.1903886719e+01    1.1754263962e+01   -7.3480975591e+00    3.3147583405e-01   -2.1115975540e+00   -1.2775667440e+01    2.6400000000e+02    1.7799589000e-02    5.3967803030e-01
       151   -1.0532259340e+01    1.1212142376e+02   -2.1653850679e+01    1.1121591339e+01   -6.9581371562e+00    5.8696847072e-01   -2.5070145533e+00   -1.2775667440e+01    2.6400000000e+02    1.8131911000e-02    5.3380681818e-01
       152   -1.0392049258e+01    1.0939508535e+02   -2.1873019164e+01    1.1480969906e+01   -7.6836502043e+00    9.2223641465e-01   -2.3359379339e+00   -1.2775667440e+01    2.6400000000e+02    1.8894061000e-02    5.4867424242e-01
       153   -1.0212626502e+01    1.0599837233e+02   -2.1784346337e+01    1.1571719835e+01   -7.5804025640e+00    7.5910901477e-01   -2.1873853478e+00   -1.2775667440e+01    2.6400000000e+02    1.8755265000e-02    5.4550189394e-01
       154   -1.0412144603e+01    1.0991320222e+02   -2.1818955012e+01    1.1406810409e+01   -7.3641527302e+00    6.9078951775e-01   -2.3699243593e+00   -1.2775667440e+01    2.6400000000e+02    1.8915676000e-02    5.4285037879e-01
       155   -1.0315687990e+01    1.0776647950e+02   -2.1614647210e+01    1.1298959220e+01   -6.9324117995e+00    4.7567662956e-01   -2.3822445998e+00   -1.2775667440e+01    2.6400000000e+02    1.8820105000e-02    5.4128787879e-01
       156   -1.0290150322e+01    1.0766260039e+02   -2.1301529751e+01    1.1011379429e+01   -6.9109315700e+00    6.6069081159e-01   -2.2756215524e+00   -1.2775667440e+01    2.6400000000e+02    1.9286334000e-02    5.4185606061e-01
       157   -1.0197101899e+01    1.0594031791e+02   -2.1194961634e+01    1.0997859735e+01   -6.6525029085e+00    4.9822802120e-01   -2.2650193063e+00   -1.2775667440e+01    2.6400000000e+02    1.8929631000e-02    5.4403409091e-01
       158   -1.0374513779e+01    1.0907299210e+02   -2.1471234331e+01    1.1096720552e+01   -6.8444377804e+00    5.4551475016e-01   -2.3966438608e+00   -1.2775667440e+01    2.6400000000e+02    1.9161765000e-02    5.3991477273e-01
       159   -1.0241728475e+01    1.0692571080e+02   -2.1777120798e+01    1.1535392323e+01   -7.4479993443e+00    6.9172509667e-01   -2.2451791098e+00   -1.2775667440e+01    2.6400000000e+02    1.8829745000e-02    5.4266098485e-01
       160   -1.0214051049e+01    1.0643148142e+02   -2.1421448629e+01    1.1207397580e+01   -7.1752085540e+00    7.0811942491e-01   -2.1786920598e+00   -1.2775667440e+01    2.6400000000e+02    1.8787374000e-02    5.4521780303e-01
       161   -1.0167569239e+01    1.0504582588e+02   -2.1504373619e+01    1.1336804380e+01   -7.1131545689e+00    5.6281570508e-01   -2.1783673148e+00   -1.2775667440e+01    2.6400000000e+02    1.8866862000e-02    5.3721590909e-01
       162   -1.0216590556e+01    1.0581741391e+02   -2.2226389725e+01    1.2009799169e+01   -7.8179691734e+00    5.8519197942e-01   -2.2179450908e+00   -1.2775667440e+01    2.6400000000e+02    1.9125570000e-02    5.3873106061e-01
       163   -1.0194045148e+01    1.0569897345e+02   -2.2008421171e+01    1.1814376023e+01   -7.7286884976e+00    6.1021708615e-01   -2.1142823196e+00   -1.2775667440e+01    2.6400000000e+02    1.9400121000e-02    5.3768939394e-01
       164   -1.0214393560e+01    1.0638656578e+02   -2.1354243855e+01    1.1139850295e+01   -7.1325666469e+00    7.5319028735e-01   -2.1992000551e+00   -1.2775667440e+01    2.6400000000e+02    1.9217890000e-02    5.4422348485e-01
       165   -1.0247267105e+01    1.0686891742e+02   -2.2140688607e+01    1.1893421502e+01   -7.8335929198e+00    6.5793694434e-01   -2.1893651914e+00   -1.2775667440e+01    2.6400000000e+02    1.9217907000e-02    5.4559659091e-01
       166   -1.0233000818e+01    1.0659149008e+02   -2.1452380263e+01    1.1219379445e+01   -6.9728877850e+00    5.6415044050e-01   -2.2679754780e+00   -1.2775667440e+01    2.6400000000e+02    1.8892532000e-02    5.4441287879e-01
       167   -1.0356694170e+01    1.0886861687e+02   -2.1825875346e+01    1.1469181176e+01   -7.1355757052e+00    4.2309466022e-01   -2.3377268610e+00   -1.2775667440e+01    2.6400000000e+02    1.8917081000e-02    5.4327651515e-01
       168   -1.0212196611e+01    1.0595934472e+02   -2.1747963175e+01    1.1535766564e+01   -7.2712887382e+00    5.1065686166e-01   -2.2116638584e+00   -1.2775667440e+01    2.6400000000e+02    1.9534253000e-02    5.4957386364e-01
       169   -1.0395123019e+01    1.0934696498e+02   -2.1907251502e+01    1.1512128482e+01   -7.4096033525e+00    6.9105079628e-01   -2.4130315051e+00   -1.2775667440e+01    2.6400000000e+02    1.9460659000e-02    5.4034090909e-01
       170   -1.0189944399e+01    1.0588101177e+02   -2.1787046455e+01    1.1597102056e+01   -7.7468838830e+00    8.5217748057e-01   -2.1166726121e+00   -1.2775667440e+01    2.6400000000e+02    2.0531244000e-02    5.4427083333e-01
       171   -1.0270019848e+01    1.0697065121e+02   -2.1988902507e+01    1.1718882659e+01   -7.9196884600e+00    8.6171064823e-01   -2.1552572549e+00   -1.2775667440e+01    2.6400000000e+02    1.9363737000e-02    5.4270833333e-01
       172   -1.0365202296e+01    1.0910618472e+02   -2.2185492460e+01    1.1820290164e+01   -8.0344250775e+00    9.1598962588e-01   -2.2913895683e+00   -1.2775667440e+01    2.6400000000e+02    1.9483768000e-02    5.3309659091e-01
       173   -1.0058691315e+01    1.0345221569e+02   -2.1952365236e+01    1.1893673921e+01   -7.8269614910e+00    5.6328512499e-01   -1.9130214296e+00   -1.2775667440e+01    2.6400000000e+02    1.9316563000e-02    5.4076704545e-01
       174   -1.0209227033e+01    1.0627606716e+02   -2.1776181965e+01    1.1566954932e+01   -7.2719281878e+00    4.7404892799e-01   -2.2026352647e+00   -1.2775667440e+01    2.6400000000e+02    1.9521402000e-02    5.4521780303e-01
       175   -1.0384705152e+01    1.0954782353e+02   -2.2108605574e+01    1.1723900422e+01   -7.6033683814e+00    5.7905056835e-01   -2.3086203205e+00   -1.2775667440e+01    2.6400000000e+02    1.9584593000e-02    5.3380681818e-01
       176   -1.0381508071e+01    1.0925621585e+02   -2.1718976719e+01    1.1337468648e+01   -7.2167035412e+00    6.6834719103e-01   -2.3949529281e+00   -1.2775667440e+01    2.6400000000e+02    1.8978254000e-02    5.4015151515e-01
       177   -1.0080845102e+01    1.0380055280e+02   -2.1826438143e+01    1.1745593041e+01   -7.5543752685e+00    5.4469970929e-01   -2.0410951440e+00   -1.2775667440e+01    2.6400000000e+02    1.9265812000e-02    5.4105113636e-01
       178   -1.0267412768e+01    1.0693551705e+02   -2.1752241539e+01    1.1484828771e+01   -7.2839961685e+00    6.0240108495e-01   -2.2949790151e+00   -1.2775667440e+01    2.6400000000e+02    1.9297168000e-02    5.4517045455e-01
       179   -1.0381967716e+01    1.0939521377e+02   -2.1761948272e+01    1.1379980556e+01   -7.1300646381e+00    5.5981086352e-01   -2.4160270571e+00   -1.2775667440e+01    2.6400000000e+02    2.0220300000e-02    5.4446022727e-01
       180   -1.0268394463e+01    1.0723647448e+02   -2.1828266583e+01    1.1559872120e+01   -7.4459059546e+00    6.5373359719e-01   -2.2604267848e+00   -1.2775667440e+01    2.6400000000e+02    1.9228587000e-02    5.3944128788e-01
       181   -1.0302545346e+01    1.0780440813e+02   -2.1673638428e+01    1.1371093082e+01   -7.2201254853e+00    6.1374036130e-01   -2.2915858638e+00   -1.2775667440e+01    2.6400000000e+02    1.9262565000e-02    5.4095643939e-01
       182   -1.0083006939e+01    1.0394940786e+02   -2.1794519762e+01    1.1711512823e+01   -7.5590946906e+00    6.4969810735e-01   -2.1094557386e+00   -1.2775667440e+01    2.6400000000e+02    1.8860476000e-02    5.3475378788e-01
       183   -1.0327118100e+01    1.0823531836e+02   -2.1501141809e+01    1.1174023709e+01   -6.9424632417e+00    5.4898812402e-01   -2.3319992511e+00   -1.2775667440e+01    2.6400000000e+02    1.8396132000e-02    5.3877840909e-01
       184   -1.0159119721e+01    1.0532158311e+02   -2.2059827247e+01    1.1900707526e+01   -7.5939808845e+00    4.3430852581e-01   -2.1244874480e+00   -1.2775667440e+01    2.6400000000e+02    1.7562493000e-02    5.4285037879e-01
       185   -1.0173445170e+01    1.0549028480e+02   -2.1833423602e+01    1.1659978431e+01   -7.5426113627e+00    6.7008613864e-01   -2.1852309373e+00   -1.2775667440e+01    2.6400000000e+02    1.7630350000e-02    5.4398674242e-01
       186   -1.0350218069e+01    1.0843808072e+02   -2.1405921875e+01    1.1055703806e+01   -6.8956070168e+00    6.5635300410e-01   -2.3910004225e+00   -1.2775667440e+01    2.6400000000e+02    1.7538984000e-02    5.4332386364e-01
       187   -1.0212840851e+01    1.0623958646e+02   -2.1331362345e+01    1.1118521494e+01   -6.8223785569e+00    4.9281799460e-01   -2.2261343428e+00   -1.2775667440e+01    2.6400000000e+02    1.7644288000e-02    5.4114583333e-01
       188   -1.0036010017e+01    1.0272661378e+02   -2.1467853783e+01    1.1431843767e+01   -7.4557385564e+00    7.3135809572e-01   -1.9678058823e+00   -1.2775667440e+01    2.6400000000e+02    1.7751642000e-02    5.4512310606e-01
       189   -1.0209138177e+01    1.0610332872e+02   -2.1613950593e+01    1.1404812416e+01   -7.1855881386e+00    5.6635842327e-01   -2.2190534379e+00   -1.2775667440e+01    2.6400000000e+02    1.7602042000e-02    5.4005681818e-01
       190   -1.0360770722e+01    1.0891786595e+02   -2.1762524018e+01    1.1401753297e+01   -7.2622992946e+00    6.4116144891e-01   -2.3657187323e+00   -1.2775667440e+01    2.6400000000e+02    1.7921999000e-02    5.4356060606e-01
       191   -1.0311557555e+01    1.0809329058e+02   -2.1755146514e+01    1.1443588959e+01   -7.2789333684e+00    6.1333171633e-01   -2.3138774217e+00   -1.2775667440e+01    2.6400000000e+02    1.7764008000e-02    5.3868371212e-01
       192   -1.0235866822e+01    1.0646046932e+02   -2.1728332720e+01    1.1492465899e+01   -7.2704079886e+00    5.6569692633e-01   -2.2479542179e+00   -1.2775667440e+01    2.6400000000e+02    1.7559782000e-02    5.4285037879e-01
       193   -1.0289874429e+01    1.0739833200e+02   -2.1709314365e+01    1.1419439936e+01   -7.1799894921e+00    5.5574008241e-01   -2.3093975152e+00   -1.2775667440e+01    2.6400000000e+02    1.7749003000e-02    5.4621212121e-01
       194   -1.0293498384e+01    1.0771653758e+02   -2.2235540146e+01    1.1942041762e+01   -7.8680942248e+00    5.9393865900e-01   -2.1857171396e+00   -1.2775667440e+01    2.6400000000e+02    1.7699425000e-02    5.3778409091e-01
       195   -1.0048911109e+01    1.0314348918e+02   -2.1376503360e+01    1.1327592250e+01   -7.1752434859e+00    6.7358010148e-01   -2.0991725350e+00   -1.2775667440e+01    2.6400000000e+02    1.7711953000e-02    5.3584280303e-01
       196   -1.0239109551e+01    1.0712227121e+02   -2.1260648392e+01    1.1021538841e+01   -7.0403213147e+00    6.4983267229e-01   -2.0944923091e+00   -1.2775667440e+01    2.6400000000e+02    1.7733382000e-02    5.4100378788e-01
       197   -1.0210791511e+01    1.0618910068e+02   -2.1874228787e+01    1.1663437275e+01   -7.6951227502e+00    7.2568790951e-01   -2.1291265060e+00   -1.2775667440e+01    2.6400000000e+02    1.7648113000e-02    5.3551136364e-01
       198   -1.0311202357e+01    1.0822325010e+02   -2.1915348943e+01    1.1604146586e+01   -7.5008541970e+00    6.4218336294e-01   -2.2810106688e+00   -1.2775667440e+01    2.6400000000e+02    1.7690117000e-02    5.4730113636e-01
       199   -1.0370795552e+01    1.0889285427e+02   -2.1643274794e+01    1.1272479242e+01   -6.8478679986e+00    3.6385764247e-01   -2.3835969974e+00   -1.2775667440e+01    2.6400000000e+02    1.7912545000e-02    5.4303977273e-01
