#   index    LocalEnergy         LocalEnergy_sq      LocalPotential      Kinetic             LocalECP            NonLocalECP         ElecElec            IonIon              BlockWeight         BlockCPU            AcceptRatio         
         0   -1.0274090315e+01    1.0749002110e+02   -2.1778502209e+01    1.1504411895e+01   -7.5545724191e+00    6.8967991426e-01   -2.1379422642e+00   -1.2775667440e+01    5.1600000000e+02    1.5827204417e-02    5.3970445736e-01
         1   -1.0281810683e+01    1.0752686743e+02   -2.1470546445e+01    1.1188735762e+01   -7.1139582716e+00    6.9855294357e-01   -2.2794736765e+00   -1.2775667440e+01    5.1600000000e+02    2.1595003917e-02    5.3958333333e-01
         2   -1.0204921010e+01    1.0595830953e+02   -2.1785953744e+01    1.1581032734e+01   -7.4412873810e+00    6.4371035165e-01   -2.2127092744e+00   -1.2775667440e+01    5.1600000000e+02    2.1169024417e-02    5.4488856589e-01
         3   -1.0222936209e+01    1.0646585282e+02   -2.2019490919e+01    1.1796554710e+01   -7.6365847463e+00    5.7105569940e-01   -2.1782944320e+00   -1.2775667440e+01    5.1600000000e+02    1.8803360583e-02    5.3553779070e-01
         4   -1.0229551962e+01    1.0673348007e+02   -2.1343718575e+01    1.1114166612e+01   -6.9575207619e+00    6.3886221147e-01   -2.2493925839e+00   -1.2775667440e+01    5.1600000000e+02    1.8691724417e-02    5.4290213178e-01
         5   -1.0216834302e+01    1.0608292220e+02   -2.1599316945e+01    1.1382482643e+01   -7.3790710645e+00    7.3088252042e-01   -2.1754609609e+00   -1.2775667440e+01    5.1600000000e+02    1.9004509750e-02    5.4396802326e-01
         6   -1.0283064965e+01    1.0733542036e+02   -2.1727114734e+01    1.1444049769e+01   -7.2993160034e+00    6.1553490878e-01   -2.2676661987e+00   -1.2775667440e+01    5.1600000000e+02    2.0060875667e-02    5.3754844961e-01
         7   -1.0239341982e+01    1.0672615270e+02   -2.1731579046e+01    1.1492237064e+01   -7.1472452925e+00    4.5644342613e-01   -2.2651097392e+00   -1.2775667440e+01    5.1600000000e+02    1.8933282750e-02    5.4333817829e-01
         8   -1.0296166191e+01    1.0767481991e+02   -2.2052800081e+01    1.1756633889e+01   -7.6577194726e+00    6.5247663637e-01   -2.2718898042e+00   -1.2775667440e+01    5.1600000000e+02    1.8891740250e-02    5.4612403101e-01
         9   -1.0389564661e+01    1.0951303664e+02   -2.2066685995e+01    1.1677121334e+01   -7.5507854516e+00    6.2278879988e-01   -2.3630219028e+00   -1.2775667440e+01    5.1600000000e+02    1.8810548833e-02    5.4169089147e-01
        10   -1.0169199380e+01    1.0527483189e+02   -2.1872799097e+01    1.1703599717e+01   -7.3751001986e+00    4.5295622688e-01   -2.1749876850e+00   -1.2775667440e+01    5.1600000000e+02    1.8826160500e-02    5.4108527132e-01
        11   -1.0361219377e+01    1.0884251144e+02   -2.1792748280e+01    1.1431528903e+01   -7.2692288800e+00    6.0190456962e-01   -2.3497565295e+00   -1.2775667440e+01    5.1600000000e+02    1.8864679083e-02    5.4113372093e-01
        12   -1.0312525898e+01    1.0789724219e+02   -2.1482915300e+01    1.1170389402e+01   -6.9939752609e+00    6.5900525338e-01   -2.3722778523e+00   -1.2775667440e+01    5.1600000000e+02    1.8855432750e-02    5.4476744186e-01
        13   -1.0217944835e+01    1.0621094372e+02   -2.1929765715e+01    1.1711820880e+01   -7.6013618136e+00    6.3601104067e-01   -2.1887475019e+00   -1.2775667440e+01    5.1600000000e+02    1.8828858917e-02    5.4358042636e-01
        14   -1.0133284561e+01    1.0487281656e+02   -2.1591906001e+01    1.1458621440e+01   -7.4405737328e+00    6.9971764145e-01   -2.0753824693e+00   -1.2775667440e+01    5.1600000000e+02    1.8801567667e-02    5.3938953488e-01
        15   -1.0193731429e+01    1.0577858033e+02   -2.1739222597e+01    1.1545491168e+01   -7.4876447985e+00    6.6542432131e-01   -2.1413346797e+00   -1.2775667440e+01    5.1600000000e+02    1.9090991833e-02    5.4188468992e-01
        16   -1.0180061392e+01    1.0570469673e+02   -2.1636375051e+01    1.1456313659e+01   -7.3198861487e+00    6.3068504148e-01   -2.1715065037e+00   -1.2775667440e+01    5.1600000000e+02    1.8847751917e-02    5.4246608527e-01
        17   -1.0241181466e+01    1.0659809659e+02   -2.1815455335e+01    1.1574273869e+01   -7.4281185653e+00    6.5252051952e-01   -2.2641898490e+00   -1.2775667440e+01    5.1600000000e+02    1.8911002583e-02    5.4140019380e-01
        18   -1.0250856890e+01    1.0696644742e+02   -2.1531516624e+01    1.1280659734e+01   -7.2074697446e+00    6.7575024858e-01   -2.2241296877e+00   -1.2775667440e+01    5.1600000000e+02    1.8845133000e-02    5.4435562016e-01
        19   -1.0355841460e+01    1.0895588538e+02   -2.1743985269e+01    1.1388143810e+01   -7.4126532090e+00    7.4797503191e-01   -2.3036396521e+00   -1.2775667440e+01    5.1600000000e+02    1.9279612417e-02    5.4193313953e-01
        20   -1.0244242706e+01    1.0689890222e+02   -2.1891022872e+01    1.1646780166e+01   -7.6025804430e+00    7.0041803949e-01   -2.2131930281e+00   -1.2775667440e+01    5.1600000000e+02    1.9345612583e-02    5.4026162791e-01
        21   -1.0192319426e+01    1.0580834573e+02   -2.1754165977e+01    1.1561846550e+01   -7.3594996905e+00    5.5819794383e-01   -2.1771967897e+00   -1.2775667440e+01    5.1600000000e+02    1.9240723500e-02    5.4159399225e-01
        22   -1.0108022386e+01    1.0433957567e+02   -2.1363018643e+01    1.1254996257e+01   -7.0472093210e+00    5.8826453170e-01   -2.1284064135e+00   -1.2775667440e+01    5.1600000000e+02    1.8888327583e-02    5.4651162791e-01
        23   -1.0238375250e+01    1.0640721713e+02   -2.1704278080e+01    1.1465902830e+01   -7.2782968742e+00    5.8721276171e-01   -2.2375265276e+00   -1.2775667440e+01    5.1600000000e+02    1.9106089333e-02    5.4382267442e-01
        24   -1.0255330656e+01    1.0705593162e+02   -2.1566752711e+01    1.1311422055e+01   -7.1999618443e+00    6.3252862181e-01   -2.2236520480e+00   -1.2775667440e+01    5.1600000000e+02    1.9562019750e-02    5.4452519380e-01
        25   -1.0130993276e+01    1.0449211666e+02   -2.1889718324e+01    1.1758725048e+01   -7.5661983805e+00    5.2492389715e-01   -2.0727764003e+00   -1.2775667440e+01    5.1600000000e+02    1.9163625000e-02    5.4404069767e-01
        26   -1.0321351536e+01    1.0811591524e+02   -2.1366286937e+01    1.1044935401e+01   -6.8951108222e+00    6.5763719454e-01   -2.3531458686e+00   -1.2775667440e+01    5.1600000000e+02    1.8975673000e-02    5.4433139535e-01
        27   -1.0230868782e+01    1.0652403045e+02   -2.1663342214e+01    1.1432473432e+01   -7.4511856024e+00    7.4034743636e-01   -2.1768366076e+00   -1.2775667440e+01    5.1600000000e+02    1.8928112250e-02    5.4372577519e-01
        28   -1.0306031242e+01    1.0786871915e+02   -2.2071725083e+01    1.1765693841e+01   -7.4864716816e+00    4.9409285809e-01   -2.3036788193e+00   -1.2775667440e+01    5.1600000000e+02    1.8533045167e-02    5.4307170543e-01
        29   -1.0232343625e+01    1.0659976700e+02   -2.1794696210e+01    1.1562352585e+01   -7.3903408750e+00    5.8754023674e-01   -2.2162281316e+00   -1.2775667440e+01    5.1600000000e+02    1.9382714500e-02    5.4144864341e-01
        30   -1.0340356728e+01    1.0842666783e+02   -2.1856214007e+01    1.1515857279e+01   -7.4764257504e+00    7.1382083679e-01   -2.3179416536e+00   -1.2775667440e+01    5.1600000000e+02    1.8921776833e-02    5.4595445736e-01
        31   -1.0289364077e+01    1.0788912735e+02   -2.1823397481e+01    1.1534033404e+01   -7.2905288592e+00    5.3770686418e-01   -2.2949080458e+00   -1.2775667440e+01    5.1600000000e+02    1.9017229000e-02    5.3968023256e-01
        32   -1.0171645444e+01    1.0508540928e+02   -2.1751435350e+01    1.1579789906e+01   -7.3356158592e+00    5.4397333501e-01   -2.1841253859e+00   -1.2775667440e+01    5.1600000000e+02    2.0237859750e-02    5.4551841085e-01
        33   -1.0284923311e+01    1.0744027137e+02   -2.1834795502e+01    1.1549872191e+01   -7.3155082119e+00    5.5584543462e-01   -2.2994652849e+00   -1.2775667440e+01    5.1600000000e+02    2.0207447250e-02    5.4064922481e-01
        34   -1.0273596819e+01    1.0763775089e+02   -2.1537348423e+01    1.1263751604e+01   -7.0867827358e+00    5.9314753731e-01   -2.2680457843e+00   -1.2775667440e+01    5.1600000000e+02    2.0372544417e-02    5.4152131783e-01
        35   -1.0196323220e+01    1.0595007783e+02   -2.1634948197e+01    1.1438624977e+01   -7.3258515713e+00    5.9828792757e-01   -2.1317171129e+00   -1.2775667440e+01    5.1600000000e+02    1.9488707667e-02    5.4297480620e-01
        36   -1.0192782616e+01    1.0617503331e+02   -2.1852939946e+01    1.1660157330e+01   -7.3853063439e+00    5.3547525771e-01   -2.2274414191e+00   -1.2775667440e+01    5.1600000000e+02    1.9544062917e-02    5.4120639535e-01
        37   -1.0258433971e+01    1.0688378268e+02   -2.1757426744e+01    1.1498992773e+01   -7.2776501676e+00    5.2999973833e-01   -2.2341088745e+00   -1.2775667440e+01    5.1600000000e+02    1.9675703417e-02    5.4338662791e-01
        38   -1.0260072499e+01    1.0711216094e+02   -2.1330722669e+01    1.1070650170e+01   -7.0182868982e+00    6.6127623958e-01   -2.1980445706e+00   -1.2775667440e+01    5.1600000000e+02    1.8999432833e-02    5.3800872093e-01
        39   -1.0284235812e+01    1.0739673871e+02   -2.1628180417e+01    1.1343944605e+01   -7.1055376443e+00    5.5481517696e-01   -2.3017905094e+00   -1.2775667440e+01    5.1600000000e+02    1.9199701083e-02    5.4249031008e-01
        40   -1.0202798333e+01    1.0589310997e+02   -2.1714995424e+01    1.1512197091e+01   -7.1695779063e+00    4.6465392340e-01   -2.2344040008e+00   -1.2775667440e+01    5.1600000000e+02    1.9149236917e-02    5.4120639535e-01
        41   -1.0253947879e+01    1.0703845461e+02   -2.1694314646e+01    1.1440366767e+01   -7.2579089913e+00    5.5533252804e-01   -2.2160707422e+00   -1.2775667440e+01    5.1600000000e+02    1.9214568917e-02    5.4413759690e-01
        42   -1.0228996245e+01    1.0672119410e+02   -2.1933988328e+01    1.1704992083e+01   -7.6708887383e+00    6.8595685206e-01   -2.1733890018e+00   -1.2775667440e+01    5.1600000000e+02    1.9143182167e-02    5.4440406977e-01
        43   -1.0352671257e+01    1.0881004681e+02   -2.1494071398e+01    1.1141400141e+01   -6.8777520606e+00    6.1109930241e-01   -2.4517511993e+00   -1.2775667440e+01    5.1600000000e+02    1.9184167083e-02    5.4680232558e-01
        44   -1.0282562209e+01    1.0768669437e+02   -2.2109476546e+01    1.1826914337e+01   -7.7417911478e+00    6.3989895098e-01   -2.2319169085e+00   -1.2775667440e+01    5.1600000000e+02    1.9379277500e-02    5.4188468992e-01
        45   -1.0315057909e+01    1.0813279680e+02   -2.2003289300e+01    1.1688231391e+01   -7.7246782164e+00    7.2026346387e-01   -2.2232071069e+00   -1.2775667440e+01    5.1600000000e+02    1.9862032250e-02    5.4530038760e-01
        46   -1.0265053100e+01    1.0705463929e+02   -2.1670561038e+01    1.1405507938e+01   -7.1270029803e+00    5.1338306613e-01   -2.2812736839e+00   -1.2775667440e+01    5.1600000000e+02    2.0885861917e-02    5.4583333333e-01
        47   -1.0310102721e+01    1.0791182544e+02   -2.1769803193e+01    1.1459700472e+01   -7.3522432640e+00    6.6024532272e-01   -2.3021378114e+00   -1.2775667440e+01    5.1600000000e+02    2.1076713667e-02    5.4176356589e-01
        48   -1.0192171957e+01    1.0586612104e+02   -2.1419599298e+01    1.1227427341e+01   -7.1738050982e+00    6.9363808257e-01   -2.1637648420e+00   -1.2775667440e+01    5.1600000000e+02    2.0566593583e-02    5.3817829457e-01
        49   -1.0240697415e+01    1.0642761115e+02   -2.1486208498e+01    1.1245511084e+01   -7.0798745512e+00    6.4018268079e-01   -2.2708491876e+00   -1.2775667440e+01    5.1600000000e+02    1.9867860750e-02    5.3924418605e-01
        50   -1.0331188634e+01    1.0845505363e+02   -2.1909990166e+01    1.1578801532e+01   -7.5946590258e+00    7.1927676751e-01   -2.2589404678e+00   -1.2775667440e+01    5.1600000000e+02    1.9454149417e-02    5.4270833333e-01
        51   -1.0379754962e+01    1.0920141778e+02   -2.1721544427e+01    1.1341789465e+01   -7.1405822936e+00    5.5361062055e-01   -2.3589053141e+00   -1.2775667440e+01    5.1600000000e+02    1.9617753583e-02    5.4009205426e-01
        52   -1.0324725594e+01    1.0840306730e+02   -2.1315033903e+01    1.0990308309e+01   -6.7677759755e+00    6.3605770735e-01   -2.4076481941e+00   -1.2775667440e+01    5.1600000000e+02    1.9339190833e-02    5.4583333333e-01
        53   -1.0202155049e+01    1.0569964030e+02   -2.1904624694e+01    1.1702469645e+01   -7.6020803912e+00    6.4200887604e-01   -2.1688857385e+00   -1.2775667440e+01    5.1600000000e+02    1.9052342000e-02    5.4469476744e-01
        54   -1.0414698134e+01    1.1013405631e+02   -2.1790244381e+01    1.1375546247e+01   -7.2287843475e+00    6.2257781410e-01   -2.4083704072e+00   -1.2775667440e+01    5.1600000000e+02    1.9838964250e-02    5.3674903101e-01
        55   -1.0179372789e+01    1.0533476875e+02   -2.2157888054e+01    1.1978515265e+01   -7.9656152977e+00    7.2891711097e-01   -2.1455224267e+00   -1.2775667440e+01    5.1600000000e+02    1.8918542417e-02    5.3742732558e-01
        56   -1.0312175664e+01    1.0828036678e+02   -2.1729296248e+01    1.1417120584e+01   -7.3591537986e+00    6.8026984122e-01   -2.2747448506e+00   -1.2775667440e+01    5.1600000000e+02    1.9147141500e-02    5.3556201550e-01
        57   -1.0229311492e+01    1.0656531694e+02   -2.1877942021e+01    1.1648630529e+01   -7.3832728418e+00    4.9222830955e-01   -2.2112300484e+00   -1.2775667440e+01    5.1600000000e+02    1.9726877167e-02    5.4205426357e-01
        58   -1.0213553688e+01    1.0625791118e+02   -2.1737011557e+01    1.1523457869e+01   -7.3369412963e+00    5.8769304503e-01   -2.2120958653e+00   -1.2775667440e+01    5.1600000000e+02    1.8828854917e-02    5.4370155039e-01
        59   -1.0179019502e+01    1.0551262727e+02   -2.1992347756e+01    1.1813328255e+01   -7.7071273034e+00    6.3360169615e-01   -2.1431547090e+00   -1.2775667440e+01    5.1600000000e+02    1.9285847583e-02    5.4602713178e-01
        60   -1.0253444645e+01    1.0652730472e+02   -2.1672072396e+01    1.1418627751e+01   -7.2389286376e+00    5.8859250123e-01   -2.2460688192e+00   -1.2775667440e+01    5.1600000000e+02    1.9191761083e-02    5.4224806202e-01
        61   -1.0303819849e+01    1.0826186455e+02   -2.1677480072e+01    1.1373660223e+01   -7.0715704784e+00    4.9516339428e-01   -2.3254055477e+00   -1.2775667440e+01    5.1600000000e+02    1.9090068417e-02    5.4135174419e-01
        62   -1.0230778669e+01    1.0658328377e+02   -2.1705192474e+01    1.1474413804e+01   -7.5369446029e+00    7.9581693381e-01   -2.1883973643e+00   -1.2775667440e+01    5.1600000000e+02    1.9243616500e-02    5.3914728682e-01
        63   -1.0221639617e+01    1.0668566834e+02   -2.1477331986e+01    1.1255692368e+01   -7.1599907526e+00    6.4166019466e-01   -2.1833339874e+00   -1.2775667440e+01    5.1600000000e+02    1.9268875917e-02    5.4486434109e-01
        64   -1.0237027571e+01    1.0640027093e+02   -2.1362651200e+01    1.1125623629e+01   -7.0326339095e+00    6.8599495568e-01   -2.2403448057e+00   -1.2775667440e+01    5.1600000000e+02    1.9900634917e-02    5.4624515504e-01
        65   -1.0331132606e+01    1.0835665142e+02   -2.2123928904e+01    1.1792796297e+01   -7.6570927273e+00    5.9748003941e-01   -2.2886487756e+00   -1.2775667440e+01    5.1600000000e+02    1.9980085000e-02    5.4331395349e-01
        66   -1.0273557797e+01    1.0733391357e+02   -2.1776769629e+01    1.1503211832e+01   -7.3262753589e+00    6.0585139799e-01   -2.2806782283e+00   -1.2775667440e+01    5.1600000000e+02    1.9134512750e-02    5.4418604651e-01
        67   -1.0261408398e+01    1.0719995291e+02   -2.2080112945e+01    1.1818704547e+01   -7.8413043519e+00    7.2640307388e-01   -2.1895442273e+00   -1.2775667440e+01    5.1600000000e+02    1.9093011250e-02    5.4086724806e-01
        68   -1.0143398672e+01    1.0500046307e+02   -2.1585282729e+01    1.1441884057e+01   -7.2652694666e+00    5.7868038697e-01   -2.1230262089e+00   -1.2775667440e+01    5.1600000000e+02    1.9443433667e-02    5.4169089147e-01
        69   -1.0301597604e+01    1.0767021057e+02   -2.1871634017e+01    1.1570036413e+01   -7.2526855663e+00    4.5655463115e-01   -2.2998356415e+00   -1.2775667440e+01    5.1600000000e+02    1.9269515083e-02    5.4299903101e-01
        70   -1.0330569270e+01    1.0818316469e+02   -2.1592985417e+01    1.1262416147e+01   -7.2171122081e+00    7.1268631490e-01   -2.3128920835e+00   -1.2775667440e+01    5.1600000000e+02    1.9066793333e-02    5.3907461240e-01
        71   -1.0292892983e+01    1.0761995044e+02   -2.1805426391e+01    1.1512533408e+01   -7.4277390966e+00    6.7435123009e-01   -2.2763710844e+00   -1.2775667440e+01    5.1600000000e+02    2.0480556000e-02    5.4159399225e-01
        72   -1.0184518685e+01    1.0560830488e+02   -2.1515258507e+01    1.1330739822e+01   -7.3021491610e+00    7.2569810919e-01   -2.1631400150e+00   -1.2775667440e+01    5.1600000000e+02    1.9101075500e-02    5.4222383721e-01
        73   -1.0215967949e+01    1.0644166779e+02   -2.1919886690e+01    1.1703918741e+01   -7.4088934037e+00    4.6656770791e-01   -2.2018935542e+00   -1.2775667440e+01    5.1600000000e+02    1.9504958667e-02    5.4471899225e-01
        74   -1.0241376246e+01    1.0682532683e+02   -2.1862359115e+01    1.1620982869e+01   -7.5937905796e+00    6.9305062220e-01   -2.1859517172e+00   -1.2775667440e+01    5.1600000000e+02    1.9526796333e-02    5.4009205426e-01
        75   -1.0217647457e+01    1.0623059112e+02   -2.1498803729e+01    1.1281156272e+01   -7.0100501182e+00    5.4167094537e-01   -2.2547571163e+00   -1.2775667440e+01    5.1600000000e+02    1.9629229833e-02    5.4127906977e-01
        76   -1.0145660866e+01    1.0515242847e+02   -2.1360348707e+01    1.1214687841e+01   -7.1728765148e+00    6.6777137458e-01   -2.0795761262e+00   -1.2775667440e+01    5.1600000000e+02    1.9080320667e-02    5.4297480620e-01
        77   -1.0331534420e+01    1.0823975269e+02   -2.1422600208e+01    1.1091065787e+01   -6.8907948774e+00    6.0717433217e-01   -2.3633122224e+00   -1.2775667440e+01    5.1600000000e+02    1.9817597500e-02    5.4629360465e-01
        78   -1.0168892178e+01    1.0531248197e+02   -2.1782171305e+01    1.1613279127e+01   -7.5064356904e+00    6.3386514075e-01   -2.1339333147e+00   -1.2775667440e+01    5.1600000000e+02    1.9141383417e-02    5.3805717054e-01
        79   -1.0199440148e+01    1.0613816051e+02   -2.1651642951e+01    1.1452202803e+01   -7.1938314500e+00    5.3182164008e-01   -2.2139657006e+00   -1.2775667440e+01    5.1600000000e+02    1.9591527250e-02    5.4295058140e-01
        80   -1.0272909983e+01    1.0691541324e+02   -2.1734183142e+01    1.1461273159e+01   -7.1702246196e+00    5.5046850453e-01   -2.3387595869e+00   -1.2775667440e+01    5.1600000000e+02    1.8994047500e-02    5.4869186047e-01
        81   -1.0266498963e+01    1.0707388846e+02   -2.1767594531e+01    1.1501095567e+01   -7.3815608691e+00    6.0751051286e-01   -2.2178767340e+00   -1.2775667440e+01    5.1600000000e+02    2.0181299583e-02    5.4043120155e-01
        82   -1.0140542863e+01    1.0499591033e+02   -2.1782740423e+01    1.1642197560e+01   -7.4611799565e+00    5.8457434839e-01   -2.1304673744e+00   -1.2775667440e+01    5.1600000000e+02    1.9310353917e-02    5.4331395349e-01
        83   -1.0280036402e+01    1.0737189425e+02   -2.1808885702e+01    1.1528849300e+01   -7.3029820319e+00    5.5107679404e-01   -2.2813130237e+00   -1.2775667440e+01    5.1600000000e+02    1.9313929500e-02    5.4144864341e-01
        84   -1.0209187089e+01    1.0614249589e+02   -2.1956498110e+01    1.1747311020e+01   -7.4394028322e+00    5.0284618503e-01   -2.2442740221e+00   -1.2775667440e+01    5.1600000000e+02    1.9481224833e-02    5.4355620155e-01
        85   -1.0322563013e+01    1.0827874973e+02   -2.2098859318e+01    1.1776296305e+01   -7.6002101002e+00    6.1745627556e-01   -2.3404380530e+00   -1.2775667440e+01    5.1600000000e+02    1.9422902000e-02    5.4370155039e-01
        86   -1.0214996321e+01    1.0598636158e+02   -2.1818740865e+01    1.1603744544e+01   -7.5771811633e+00    5.8581630014e-01   -2.0517085611e+00   -1.2775667440e+01    5.1600000000e+02    1.9523728167e-02    5.4384689922e-01
        87   -1.0307567341e+01    1.0782331663e+02   -2.1799572691e+01    1.1492005350e+01   -7.3708468480e+00    6.6067472860e-01   -2.3137331314e+00   -1.2775667440e+01    5.1600000000e+02    1.9416919750e-02    5.3900193798e-01
        88   -1.0303736239e+01    1.0776360678e+02   -2.1752838853e+01    1.1449102614e+01   -7.2098051976e+00    5.8512277294e-01   -2.3524889883e+00   -1.2775667440e+01    5.1600000000e+02    1.9948854000e-02    5.4656007752e-01
        89   -1.0279771151e+01    1.0744881770e+02   -2.1575078321e+01    1.1295307170e+01   -7.1099366934e+00    6.1617714951e-01   -2.3056513369e+00   -1.2775667440e+01    5.1600000000e+02    1.9625668750e-02    5.4089147287e-01
        90   -1.0233507115e+01    1.0656624197e+02   -2.1564679412e+01    1.1331172297e+01   -7.2425061625e+00    6.3535770147e-01   -2.1818635104e+00   -1.2775667440e+01    5.1600000000e+02    1.9575466417e-02    5.3977713178e-01
        91   -1.0275265653e+01    1.0735757698e+02   -2.1781093956e+01    1.1505828303e+01   -7.3996742152e+00    6.8512210531e-01   -2.2908744062e+00   -1.2775667440e+01    5.1600000000e+02    1.9453899250e-02    5.4515503876e-01
        92   -1.0272423854e+01    1.0729525836e+02   -2.1538138467e+01    1.1265714612e+01   -7.1662354360e+00    6.9621541406e-01   -2.2924510045e+00   -1.2775667440e+01    5.1600000000e+02    1.9527032167e-02    5.4307170543e-01
        93   -1.0400416565e+01    1.0956836916e+02   -2.1862820349e+01    1.1462403784e+01   -7.2925944518e+00    6.2552367873e-01   -2.4200821356e+00   -1.2775667440e+01    5.1600000000e+02    1.9465725083e-02    5.4425872093e-01
        94   -1.0277026501e+01    1.0736835433e+02   -2.1795421212e+01    1.1518394711e+01   -7.3858957599e+00    6.3370369380e-01   -2.2675617056e+00   -1.2775667440e+01    5.1600000000e+02    1.9623539417e-02    5.4423449612e-01
        95   -1.0225161154e+01    1.0651057712e+02   -2.1990043672e+01    1.1764882518e+01   -7.4376156361e+00    4.4649322259e-01   -2.2232538178e+00   -1.2775667440e+01    5.1600000000e+02    1.9223222000e-02    5.4200581395e-01
        96   -1.0298885969e+01    1.0797958097e+02   -2.1987628276e+01    1.1688742307e+01   -7.6492543611e+00    6.9101420838e-01   -2.2537206831e+00   -1.2775667440e+01    5.1600000000e+02    1.9486349000e-02    5.4072189922e-01
        97   -1.0188071176e+01    1.0562617656e+02   -2.2227660225e+01    1.2039589049e+01   -7.8695416075e+00    5.6934749736e-01   -2.1517986748e+00   -1.2775667440e+01    5.1600000000e+02    1.9382959417e-02    5.3926841085e-01
        98   -1.0258442624e+01    1.0714754996e+02   -2.1785765123e+01    1.1527322498e+01   -7.4719519182e+00    7.0622122019e-01   -2.2443669843e+00   -1.2775667440e+01    5.1600000000e+02    2.0021140417e-02    5.4011627907e-01
        99   -1.0232509730e+01    1.0659392087e+02   -2.1769718941e+01    1.1537209211e+01   -7.5538810085e+00    7.2853105546e-01   -2.1687015481e+00   -1.2775667440e+01    5.1600000000e+02    1.9338737583e-02    5.4500968992e-01
