#   index    LocalEnergy         LocalEnergy_sq      LocalPotential      Kinetic             LocalECP            NonLocalECP         ElecElec            IonIon              BlockWeight         BlockCPU            AcceptRatio         
         0   -1.0453172886e+01    1.0978940492e+02   -2.2269104555e+01    1.1815931669e+01   -7.1369310530e+00    4.0037964212e-01   -2.7568857039e+00   -1.2775667440e+01    2.6400000000e+02    2.1450738000e-02    5.3887310606e-01
         1   -1.0431472402e+01    1.0924025878e+02   -2.2175066203e+01    1.1743593801e+01   -7.4368018193e+00    6.3788704699e-01   -2.6004839904e+00   -1.2775667440e+01    2.6400000000e+02    2.1552588000e-02    5.4133522727e-01
         2   -1.0539060189e+01    1.1152013567e+02   -2.1937843371e+01    1.1398783182e+01   -7.1419779471e+00    7.8981110490e-01   -2.8100090886e+00   -1.2775667440e+01    2.6400000000e+02    2.1404088000e-02    5.4147727273e-01
         3   -1.0509786600e+01    1.1089976399e+02   -2.2384039338e+01    1.1874252738e+01   -7.6190622294e+00    7.2685134019e-01   -2.7161610086e+00   -1.2775667440e+01    2.6400000000e+02    2.1492978000e-02    5.3773674242e-01
         4   -1.0512039895e+01    1.1103818143e+02   -2.2298586899e+01    1.1786547004e+01   -7.2687266401e+00    4.3114346831e-01   -2.6853362871e+00   -1.2775667440e+01    2.6400000000e+02    2.1498021000e-02    5.3702651515e-01
         5   -1.0476176359e+01    1.1031890016e+02   -2.1280569232e+01    1.0804392872e+01   -6.3171022205e+00    6.0640249002e-01   -2.7942020612e+00   -1.2775667440e+01    2.6400000000e+02    2.1615177000e-02    5.4114583333e-01
         6   -1.0497519195e+01    1.1052667725e+02   -2.1917671271e+01    1.1420152076e+01   -6.8357437669e+00    4.6397357117e-01   -2.7702336347e+00   -1.2775667440e+01    2.6400000000e+02    2.1563226000e-02    5.3986742424e-01
         7   -1.0473864936e+01    1.1010700404e+02   -2.2382459479e+01    1.1908594544e+01   -7.5046462728e+00    5.6673128155e-01   -2.6688770479e+00   -1.2775667440e+01    2.6400000000e+02    2.1457751000e-02    5.3892045455e-01
         8   -1.0474727612e+01    1.1015199911e+02   -2.2195255215e+01    1.1720527603e+01   -7.4273834074e+00    7.6028774227e-01   -2.7524921096e+00   -1.2775667440e+01    2.6400000000e+02    2.1478391000e-02    5.3323863636e-01
         9   -1.0449698599e+01    1.0968036055e+02   -2.2124315752e+01    1.1674617153e+01   -7.3695033372e+00    7.4941402899e-01   -2.7285590031e+00   -1.2775667440e+01    2.6400000000e+02    2.1767634000e-02    5.4086174242e-01
        10   -1.0474911071e+01    1.1017229070e+02   -2.2191669796e+01    1.1716758725e+01   -7.2451431796e+00    4.6221869492e-01   -2.6330778712e+00   -1.2775667440e+01    2.6400000000e+02    2.1790927000e-02    5.3342803030e-01
        11   -1.0435268039e+01    1.0927084962e+02   -2.2044416609e+01    1.1609148570e+01   -7.1979398606e+00    5.9739508177e-01   -2.6682043896e+00   -1.2775667440e+01    2.6400000000e+02    2.1565181000e-02    5.3465909091e-01
        12   -1.0467016729e+01    1.1000751457e+02   -2.2105714204e+01    1.1638697475e+01   -7.5501032682e+00    7.7751549332e-01   -2.5574589887e+00   -1.2775667440e+01    2.6400000000e+02    2.1891695000e-02    5.3674242424e-01
        13   -1.0500631545e+01    1.1066253884e+02   -2.1711126861e+01    1.1210495316e+01   -6.7187014853e+00    6.6221932493e-01   -2.8789772604e+00   -1.2775667440e+01    2.6400000000e+02    2.1958162000e-02    5.3375946970e-01
        14   -1.0399650388e+01    1.0886143344e+02   -2.2526181500e+01    1.2126531111e+01   -7.5081864060e+00    4.5137842070e-01   -2.6937060742e+00   -1.2775667440e+01    2.6400000000e+02    2.2063916000e-02    5.3759469697e-01
        15   -1.0494562550e+01    1.1050667640e+02   -2.1898748077e+01    1.1404185527e+01   -6.9509750790e+00    5.7167268947e-01   -2.7437782472e+00   -1.2775667440e+01    2.6400000000e+02    2.1995721000e-02    5.3404356061e-01
        16   -1.0490617086e+01    1.1042601682e+02   -2.1813168472e+01    1.1322551386e+01   -6.9953190240e+00    5.4695303672e-01   -2.5891350445e+00   -1.2775667440e+01    2.6400000000e+02    2.2658733000e-02    5.3314393939e-01
        17   -1.0545276061e+01    1.1157308414e+02   -2.2037336312e+01    1.1492060251e+01   -7.0808081085e+00    4.8433494510e-01   -2.6651957084e+00   -1.2775667440e+01    2.6400000000e+02    2.2552314000e-02    5.3551136364e-01
        18   -1.0507432535e+01    1.1093870222e+02   -2.1960399338e+01    1.1452966803e+01   -7.1644599522e+00    6.8740118170e-01   -2.7076731276e+00   -1.2775667440e+01    2.6400000000e+02    2.2943265000e-02    5.3304924242e-01
        19   -1.0507310560e+01    1.1083834198e+02   -2.2311318058e+01    1.1804007498e+01   -7.4878659342e+00    6.3133569823e-01   -2.6791203821e+00   -1.2775667440e+01    2.6400000000e+02    2.2684430000e-02    5.3489583333e-01
        20   -1.0522994011e+01    1.1115680290e+02   -2.2400258347e+01    1.1877264336e+01   -7.7856595122e+00    7.6351533089e-01   -2.6024467257e+00   -1.2775667440e+01    2.6400000000e+02    2.2541038000e-02    5.3456439394e-01
        21   -1.0482949839e+01    1.1048966390e+02   -2.2041724283e+01    1.1558774444e+01   -7.0132603636e+00    5.9166231548e-01   -2.8444587947e+00   -1.2775667440e+01    2.6400000000e+02    2.2612637000e-02    5.4157196970e-01
        22   -1.0569117350e+01    1.1212974787e+02   -2.2194233784e+01    1.1625116434e+01   -7.5558125270e+00    7.0861890825e-01   -2.5713727246e+00   -1.2775667440e+01    2.6400000000e+02    2.2603496000e-02    5.3641098485e-01
        23   -1.0440141782e+01    1.0940659007e+02   -2.1901311725e+01    1.1461169943e+01   -7.2150229843e+00    4.8442116151e-01   -2.3950424618e+00   -1.2775667440e+01    2.6400000000e+02    2.2625033000e-02    5.3300189394e-01
        24   -1.0536297472e+01    1.1150170388e+02   -2.2284523628e+01    1.1748226156e+01   -7.6285267365e+00    5.5305449578e-01   -2.4333839475e+00   -1.2775667440e+01    2.6400000000e+02    2.2434746000e-02    5.3205492424e-01
        25   -1.0522703742e+01    1.1210958483e+02   -2.1905821449e+01    1.1383117706e+01   -7.0746670304e+00    7.2799598798e-01   -2.7834829659e+00   -1.2775667440e+01    2.6400000000e+02    2.2540678000e-02    5.4464962121e-01
        26   -1.0541648272e+01    1.1152124538e+02   -2.1878293653e+01    1.1336645381e+01   -7.2003122028e+00    7.0739171019e-01   -2.6097057202e+00   -1.2775667440e+01    2.6400000000e+02    2.2747352000e-02    5.3252840909e-01
        27   -1.0497698739e+01    1.1058857209e+02   -2.2256390461e+01    1.1758691721e+01   -7.4317147048e+00    6.0050114932e-01   -2.6495094650e+00   -1.2775667440e+01    2.6400000000e+02    2.2699635000e-02    5.4365530303e-01
        28   -1.0477541632e+01    1.1009430400e+02   -2.1840014395e+01    1.1362472762e+01   -6.8923814036e+00    6.4280705947e-01   -2.8147726102e+00   -1.2775667440e+01    2.6400000000e+02    2.2503234000e-02    5.3551136364e-01
        29   -1.0523000444e+01    1.1115730970e+02   -2.1638340954e+01    1.1115340510e+01   -6.7856301211e+00    5.8211364004e-01   -2.6591570323e+00   -1.2775667440e+01    2.6400000000e+02    2.2682745000e-02    5.3816287879e-01
        30   -1.0499585602e+01    1.1087408772e+02   -2.2296006560e+01    1.1796420958e+01   -7.4667483872e+00    7.5366896262e-01   -2.8072596952e+00   -1.2775667440e+01    2.6400000000e+02    2.2584715000e-02    5.3409090909e-01
        31   -1.0489979366e+01    1.1043445658e+02   -2.1569914417e+01    1.1079935051e+01   -6.8286289354e+00    6.6433865707e-01   -2.6299566984e+00   -1.2775667440e+01    2.6400000000e+02    2.2598041000e-02    5.3768939394e-01
        32   -1.0415898326e+01    1.0891202752e+02   -2.1955614409e+01    1.1539716083e+01   -6.9836603565e+00    4.8502880886e-01   -2.6813154212e+00   -1.2775667440e+01    2.6400000000e+02    2.2587911000e-02    5.3172348485e-01
        33   -1.0433059334e+01    1.0917853763e+02   -2.2122810944e+01    1.1689751609e+01   -7.4320499677e+00    7.0750610363e-01   -2.6225996396e+00   -1.2775667440e+01    2.6400000000e+02    2.2581518000e-02    5.3617424242e-01
        34   -1.0528182900e+01    1.1133914209e+02   -2.2082408246e+01    1.1554225346e+01   -7.3862744354e+00    7.7926116908e-01   -2.6997275394e+00   -1.2775667440e+01    2.6400000000e+02    2.2626850000e-02    5.4147727273e-01
        35   -1.0506657198e+01    1.1070902798e+02   -2.2177854028e+01    1.1671196830e+01   -7.2058338234e+00    5.4948544122e-01   -2.7458382053e+00   -1.2775667440e+01    2.6400000000e+02    2.2435962000e-02    5.3423295455e-01
        36   -1.0486559193e+01    1.1042261089e+02   -2.2327405691e+01    1.1840846498e+01   -7.4201441741e+00    5.6438438278e-01   -2.6959784591e+00   -1.2775667440e+01    2.6400000000e+02    2.2631013000e-02    5.4171401515e-01
        37   -1.0545479862e+01    1.1162596741e+02   -2.1474994827e+01    1.0929514965e+01   -6.4251600248e+00    4.8976872228e-01   -2.7639360840e+00   -1.2775667440e+01    2.6400000000e+02    2.2448753000e-02    5.3802083333e-01
        38   -1.0480389004e+01    1.1033541204e+02   -2.2361301917e+01    1.1880912913e+01   -7.5481540252e+00    6.1410254149e-01   -2.6515829926e+00   -1.2775667440e+01    2.6400000000e+02    2.2026190000e-02    5.3153409091e-01
        39   -1.0472249820e+01    1.1011072387e+02   -2.2113392138e+01    1.1641142317e+01   -7.3517883058e+00    6.4176880663e-01   -2.6277051981e+00   -1.2775667440e+01    2.6400000000e+02    2.2217054000e-02    5.3877840909e-01
        40   -1.0452967706e+01    1.0972100587e+02   -2.1678843547e+01    1.1225875841e+01   -6.7082373635e+00    5.0706027298e-01   -2.7019990165e+00   -1.2775667440e+01    2.6400000000e+02    3.0722614000e-02    5.3290719697e-01
        41   -1.0493627524e+01    1.1062694004e+02   -2.2200642735e+01    1.1707015211e+01   -7.3354677831e+00    5.9551096481e-01   -2.6850184766e+00   -1.2775667440e+01    2.6400000000e+02    2.2948367000e-02    5.3797348485e-01
        42   -1.0538144302e+01    1.1140250494e+02   -2.2011109453e+01    1.1472965151e+01   -7.1341288027e+00    5.9389311943e-01   -2.6952063294e+00   -1.2775667440e+01    2.6400000000e+02    2.2360414000e-02    5.3697916667e-01
        43   -1.0464294737e+01    1.0996502989e+02   -2.2372017901e+01    1.1907723164e+01   -7.0451455408e+00    1.9059044261e-01   -2.7417953624e+00   -1.2775667440e+01    2.6400000000e+02    2.2673055000e-02    5.3437500000e-01
        44   -1.0507553163e+01    1.1084335489e+02   -2.2209932839e+01    1.1702379675e+01   -7.6628767224e+00    7.8114503517e-01   -2.5525337113e+00   -1.2775667440e+01    2.6400000000e+02    2.2621772000e-02    5.4351325758e-01
        45   -1.0364869745e+01    1.0805675906e+02   -2.2177928813e+01    1.1813059068e+01   -7.1958156491e+00    4.0649748736e-01   -2.6129432114e+00   -1.2775667440e+01    2.6400000000e+02    2.2338808000e-02    5.3712121212e-01
        46   -1.0530150905e+01    1.1126436890e+02   -2.1678557335e+01    1.1148406431e+01   -6.8955057675e+00    6.1579141264e-01   -2.6231755403e+00   -1.2775667440e+01    2.6400000000e+02    2.2483898000e-02    5.3304924242e-01
        47   -1.0534491310e+01    1.1140734805e+02   -2.2210465860e+01    1.1675974550e+01   -7.3901908740e+00    5.0740856724e-01   -2.5520161131e+00   -1.2775667440e+01    2.6400000000e+02    2.1982059000e-02    5.3125000000e-01
        48   -1.0471865881e+01    1.1035032822e+02   -2.1660976080e+01    1.1189110199e+01   -6.7697004480e+00    6.2032062738e-01   -2.7359288190e+00   -1.2775667440e+01    2.6400000000e+02    2.1567212000e-02    5.4289772727e-01
        49   -1.0453488967e+01    1.0963173410e+02   -2.1967610009e+01    1.1514121042e+01   -7.0235671607e+00    5.9593201600e-01   -2.7643074240e+00   -1.2775667440e+01    2.6400000000e+02    2.1466541000e-02    5.3896780303e-01
        50   -1.0471307153e+01    1.1007654068e+02   -2.1877999196e+01    1.1406692043e+01   -7.0722655103e+00    6.1293400970e-01   -2.6430002556e+00   -1.2775667440e+01    2.6400000000e+02    2.1457532000e-02    5.4081439394e-01
        51   -1.0504831253e+01    1.1075113428e+02   -2.1565311018e+01    1.1060479765e+01   -6.6782457560e+00    5.9787984187e-01   -2.7092776633e+00   -1.2775667440e+01    2.6400000000e+02    2.1363759000e-02    5.3849431818e-01
        52   -1.0487684805e+01    1.1036329553e+02   -2.1764766615e+01    1.1277081810e+01   -6.8603059094e+00    6.1726709757e-01   -2.7460603633e+00   -1.2775667440e+01    2.6400000000e+02    2.1544332000e-02    5.3906250000e-01
        53   -1.0417484797e+01    1.0897080197e+02   -2.2198664823e+01    1.1781180026e+01   -7.3411760675e+00    5.3813733682e-01   -2.6199586522e+00   -1.2775667440e+01    2.6400000000e+02    2.1746315000e-02    5.3636363636e-01
        54   -1.0495731405e+01    1.1055843855e+02   -2.2037223806e+01    1.1541492401e+01   -7.3155916283e+00    6.9859063737e-01   -2.6445553748e+00   -1.2775667440e+01    2.6400000000e+02    2.1657118000e-02    5.2765151515e-01
        55   -1.0516824901e+01    1.1108744531e+02   -2.1804669633e+01    1.1287844732e+01   -7.0599233577e+00    6.6254900048e-01   -2.6316278354e+00   -1.2775667440e+01    2.6400000000e+02    2.1729514000e-02    5.3787878788e-01
        56   -1.0517363582e+01    1.1110984863e+02   -2.1922913668e+01    1.1405550086e+01   -7.0149894516e+00    6.3294445556e-01   -2.7652012319e+00   -1.2775667440e+01    2.6400000000e+02    2.1845079000e-02    5.3437500000e-01
        57   -1.0515068241e+01    1.1099253442e+02   -2.2734503796e+01    1.2219435555e+01   -7.7944834992e+00    4.1478069270e-01   -2.5791335492e+00   -1.2775667440e+01    2.6400000000e+02    2.1901383000e-02    5.3357007576e-01
        58   -1.0444360112e+01    1.0948928823e+02   -2.2382847121e+01    1.1938487009e+01   -7.4424836205e+00    5.1532764869e-01   -2.6800237086e+00   -1.2775667440e+01    2.6400000000e+02    2.1857288000e-02    5.3816287879e-01
        59   -1.0444937154e+01    1.0944027268e+02   -2.1548912180e+01    1.1103975026e+01   -6.5182055985e+00    4.4888398206e-01   -2.7039231235e+00   -1.2775667440e+01    2.6400000000e+02    2.2540186000e-02    5.3300189394e-01
        60   -1.0447689428e+01    1.0948493086e+02   -2.1695092141e+01    1.1247402713e+01   -6.8680631085e+00    6.7160640585e-01   -2.7229679979e+00   -1.2775667440e+01    2.6400000000e+02    2.2667834000e-02    5.3641098485e-01
        61   -1.0493667883e+01    1.1051098379e+02   -2.1915200671e+01    1.1421532787e+01   -6.9509393346e+00    5.6233564660e-01   -2.7509295426e+00   -1.2775667440e+01    2.6400000000e+02    2.2846042000e-02    5.3915719697e-01
        62   -1.0503502649e+01    1.1067141846e+02   -2.1951702420e+01    1.1448199771e+01   -7.0071107473e+00    6.4456821084e-01   -2.8134924437e+00   -1.2775667440e+01    2.6400000000e+02    2.2627404000e-02    5.4034090909e-01
        63   -1.0478653933e+01    1.1018570574e+02   -2.1900816438e+01    1.1422162505e+01   -6.9383486699e+00    6.4070024136e-01   -2.8275005692e+00   -1.2775667440e+01    2.6400000000e+02    2.2724368000e-02    5.4048295455e-01
        64   -1.0481774437e+01    1.1023804546e+02   -2.2158428092e+01    1.1676653655e+01   -7.3188903001e+00    6.9094921938e-01   -2.7548195715e+00   -1.2775667440e+01    2.6400000000e+02    2.2674099000e-02    5.3598484848e-01
        65   -1.0535237892e+01    1.1137867628e+02   -2.1719096706e+01    1.1183858813e+01   -6.7128416263e+00    5.2581483686e-01   -2.7564024763e+00   -1.2775667440e+01    2.6400000000e+02    2.2741323000e-02    5.4090909091e-01
        66   -1.0490403608e+01    1.1052334071e+02   -2.2038845001e+01    1.1548441394e+01   -7.2883037548e+00    6.3584936413e-01   -2.6107231704e+00   -1.2775667440e+01    2.6400000000e+02    2.2695526000e-02    5.3399621212e-01
        67   -1.0472682530e+01    1.1013524338e+02   -2.2203421932e+01    1.1730739401e+01   -7.2102858422e+00    5.5684357040e-01   -2.7743122195e+00   -1.2775667440e+01    2.6400000000e+02    2.2614072000e-02    5.3546401515e-01
        68   -1.0504045320e+01    1.1079777443e+02   -2.2394168560e+01    1.1890123240e+01   -7.5515677390e+00    6.4304533140e-01   -2.7099787121e+00   -1.2775667440e+01    2.6400000000e+02    2.2686235000e-02    5.4019886364e-01
        69   -1.0466149171e+01    1.0992126273e+02   -2.1865882523e+01    1.1399733353e+01   -7.1235746872e+00    6.4200556747e-01   -2.6086459633e+00   -1.2775667440e+01    2.6400000000e+02    2.2773863000e-02    5.3579545455e-01
        70   -1.0502893933e+01    1.1064343344e+02   -2.2379847787e+01    1.1876953853e+01   -7.5661223021e+00    6.3937719708e-01   -2.6774352413e+00   -1.2775667440e+01    2.6400000000e+02    2.2522126000e-02    5.3660037879e-01
        71   -1.0501597375e+01    1.1072622669e+02   -2.1998373351e+01    1.1496775976e+01   -7.2871061654e+00    7.7618675812e-01   -2.7117865036e+00   -1.2775667440e+01    2.6400000000e+02    2.2553050000e-02    5.3735795455e-01
        72   -1.0495997668e+01    1.1060896275e+02   -2.1799147833e+01    1.1303150165e+01   -6.6411744443e+00    4.4898342911e-01   -2.8312893775e+00   -1.2775667440e+01    2.6400000000e+02    2.2620605000e-02    5.3394886364e-01
        73   -1.0532600953e+01    1.1124679580e+02   -2.2303915080e+01    1.1771314127e+01   -7.5272362209e+00    7.7747886115e-01   -2.7784902798e+00   -1.2775667440e+01    2.6400000000e+02    2.2666260000e-02    5.2864583333e-01
        74   -1.0480238891e+01    1.1020369783e+02   -2.2102637748e+01    1.1622398857e+01   -7.2671597777e+00    7.2792336998e-01   -2.7877339000e+00   -1.2775667440e+01    2.6400000000e+02    2.2789369000e-02    5.4081439394e-01
        75   -1.0451109948e+01    1.0957089195e+02   -2.2175026188e+01    1.1723916240e+01   -7.3158408875e+00    5.8405901712e-01   -2.6675768777e+00   -1.2775667440e+01    2.6400000000e+02    2.2640653000e-02    5.3574810606e-01
        76   -1.0524067011e+01    1.1117569498e+02   -2.2215828958e+01    1.1691761947e+01   -7.4680682830e+00    5.6362103424e-01   -2.5357142686e+00   -1.2775667440e+01    2.6400000000e+02    2.2621746000e-02    5.3404356061e-01
        77   -1.0591593841e+01    1.1259557019e+02   -2.1906157130e+01    1.1314563289e+01   -7.0497427559e+00    6.1239576795e-01   -2.6931427016e+00   -1.2775667440e+01    2.6400000000e+02    2.2667264000e-02    5.3645833333e-01
        78   -1.0478594319e+01    1.1038810903e+02   -2.1867462656e+01    1.1388868337e+01   -6.9842737754e+00    4.5283574417e-01   -2.5603571845e+00   -1.2775667440e+01    2.6400000000e+02    2.2504228000e-02    5.3044507576e-01
        79   -1.0528705815e+01    1.1124970103e+02   -2.2216022511e+01    1.1687316697e+01   -7.5107422149e+00    6.6503684768e-01   -2.5946497039e+00   -1.2775667440e+01    2.6400000000e+02    2.2755479000e-02    5.3196022727e-01
        80   -1.0459744039e+01    1.0976932141e+02   -2.2397338360e+01    1.1937594320e+01   -7.4578383337e+00    5.4580957060e-01   -2.7096421565e+00   -1.2775667440e+01    2.6400000000e+02    2.2406670000e-02    5.3399621212e-01
        81   -1.0492121072e+01    1.1058836795e+02   -2.2246068874e+01    1.1753947801e+01   -7.4851331349e+00    5.6101546698e-01   -2.5462837656e+00   -1.2775667440e+01    2.6400000000e+02    2.2189275000e-02    5.3660037879e-01
        82   -1.0469889098e+01    1.0996621338e+02   -2.1802605188e+01    1.1332716089e+01   -6.8713375997e+00    5.5030481067e-01   -2.7059049585e+00   -1.2775667440e+01    2.6400000000e+02    2.1556954000e-02    5.4261363636e-01
        83   -1.0442609584e+01    1.0953304690e+02   -2.1837221382e+01    1.1394611798e+01   -7.1775694230e+00    7.6492704054e-01   -2.6489115594e+00   -1.2775667440e+01    2.6400000000e+02    2.1511832000e-02    5.3944128788e-01
        84   -1.0575897354e+01    1.1238841687e+02   -2.1625951463e+01    1.1050054110e+01   -6.8542024823e+00    7.9391358615e-01   -2.7899951269e+00   -1.2775667440e+01    2.6400000000e+02    2.1603718000e-02    5.3660037879e-01
        85   -1.0530013785e+01    1.1124358737e+02   -2.2193322077e+01    1.1663308291e+01   -7.2554213581e+00    5.9029753005e-01   -2.7525308082e+00   -1.2775667440e+01    2.6400000000e+02    2.1568834000e-02    5.3451704545e-01
        86   -1.0431122999e+01    1.0942378123e+02   -2.1860224094e+01    1.1429101095e+01   -7.0420397830e+00    5.0787085408e-01   -2.5503877246e+00   -1.2775667440e+01    2.6400000000e+02    2.1549178000e-02    5.3129734848e-01
        87   -1.0494618503e+01    1.1054551245e+02   -2.2053333255e+01    1.1558714752e+01   -7.1486077374e+00    6.1815023875e-01   -2.7472083163e+00   -1.2775667440e+01    2.6400000000e+02    2.1508373000e-02    5.4081439394e-01
        88   -1.0538369189e+01    1.1148863734e+02   -2.2030880486e+01    1.1492511297e+01   -7.1431797218e+00    5.6630242207e-01   -2.6783357459e+00   -1.2775667440e+01    2.6400000000e+02    2.1556625000e-02    5.3328598485e-01
        89   -1.0501945038e+01    1.1073220435e+02   -2.2319569895e+01    1.1817624857e+01   -7.5088688661e+00    6.0168217797e-01   -2.6367157667e+00   -1.2775667440e+01    2.6400000000e+02    2.1709114000e-02    5.3044507576e-01
        90   -1.0492022720e+01    1.1052126280e+02   -2.1865655685e+01    1.1373632965e+01   -7.0143995923e+00    5.9873287965e-01   -2.6743215319e+00   -1.2775667440e+01    2.6400000000e+02    2.1638856000e-02    5.3442234848e-01
        91   -1.0485326463e+01    1.1055924234e+02   -2.1790209610e+01    1.1304883147e+01   -7.0413325486e+00    7.2648090599e-01   -2.6996905274e+00   -1.2775667440e+01    2.6400000000e+02    2.1516731000e-02    5.3612689394e-01
        92   -1.0519364035e+01    1.1101837205e+02   -2.2092886862e+01    1.1573522827e+01   -7.1109525977e+00    5.8723169863e-01   -2.7934985225e+00   -1.2775667440e+01    2.6400000000e+02    2.1681885000e-02    5.3191287879e-01
        93   -1.0466465357e+01    1.1000133140e+02   -2.2302238757e+01    1.1835773400e+01   -7.4170565828e+00    6.2651094336e-01   -2.7360256775e+00   -1.2775667440e+01    2.6400000000e+02    2.1636993000e-02    5.3304924242e-01
        94   -1.0576191520e+01    1.1223907337e+02   -2.2335538778e+01    1.1759347258e+01   -7.4238105270e+00    5.6268694938e-01   -2.6987477601e+00   -1.2775667440e+01    2.6400000000e+02    2.1653947000e-02    5.3839962121e-01
        95   -1.0484299859e+01    1.1023638615e+02   -2.1681787012e+01    1.1197487154e+01   -6.6579887845e+00    5.3030019670e-01   -2.7784309844e+00   -1.2775667440e+01    2.6400000000e+02    2.1501828000e-02    5.3295454545e-01
        96   -1.0467939249e+01    1.1005460473e+02   -2.1687245093e+01    1.1219305844e+01   -7.3387260938e+00    1.0376359750e+00   -2.6104875343e+00   -1.2775667440e+01    2.6400000000e+02    2.1524565000e-02    5.3177083333e-01
        97   -1.0535844286e+01    1.1134779474e+02   -2.2192529729e+01    1.1656685442e+01   -7.2424949334e+00    6.3784144941e-01   -2.8122088047e+00   -1.2775667440e+01    2.6400000000e+02    2.1468919000e-02    5.3726325758e-01
        98   -1.0472597329e+01    1.1013349251e+02   -2.1943573158e+01    1.1470975829e+01   -7.0655284731e+00    6.0797385087e-01   -2.7103510954e+00   -1.2775667440e+01    2.6400000000e+02    2.1838166000e-02    5.3233901515e-01
        99   -1.0457854219e+01    1.0983302407e+02   -2.1995750786e+01    1.1537896566e+01   -7.2413683384e+00    6.7986680286e-01   -2.6585818098e+00   -1.2775667440e+01    2.6400000000e+02    2.1567230000e-02    5.3290719697e-01
       100   -1.0470378505e+01    1.1002217464e+02   -2.2701461179e+01    1.2231082675e+01   -7.7677112687e+00    5.6736465502e-01   -2.7254471255e+00   -1.2775667440e+01    2.6400000000e+02    2.1721636000e-02    5.3702651515e-01
       101   -1.0520827775e+01    1.1109366465e+02   -2.1524786948e+01    1.1003959173e+01   -6.8272994166e+00    7.0221561159e-01   -2.6240357029e+00   -1.2775667440e+01    2.6400000000e+02    2.1947518000e-02    5.4152462121e-01
       102   -1.0560147235e+01    1.1203107415e+02   -2.1909635295e+01    1.1349488059e+01   -7.0488613806e+00    6.7076138463e-01   -2.7558678583e+00   -1.2775667440e+01    2.6400000000e+02    2.1937874000e-02    5.3849431818e-01
       103   -1.0511234117e+01    1.1084367009e+02   -2.1715786412e+01    1.1204552295e+01   -6.7737811424e+00    5.1456999277e-01   -2.6809078226e+00   -1.2775667440e+01    2.6400000000e+02    2.1893718000e-02    5.2940340909e-01
       104   -1.0488927573e+01    1.1037153944e+02   -2.2317498344e+01    1.1828570771e+01   -7.3758024895e+00    5.4910355151e-01   -2.7151319658e+00   -1.2775667440e+01    2.6400000000e+02    2.1811261000e-02    5.3271780303e-01
       105   -1.0412467687e+01    1.0888074052e+02   -2.2169701661e+01    1.1757233974e+01   -7.3993237609e+00    6.9645241942e-01   -2.6911628794e+00   -1.2775667440e+01    2.6400000000e+02    2.2130967000e-02    5.3143939394e-01
       106   -1.0524456610e+01    1.1123930621e+02   -2.2155375511e+01    1.1630918901e+01   -7.4829132706e+00    6.7837127264e-01   -2.5751660726e+00   -1.2775667440e+01    2.6400000000e+02    2.2632303000e-02    5.3584280303e-01
       107   -1.0518551113e+01    1.1119766211e+02   -2.1892495800e+01    1.1373944687e+01   -7.2569890231e+00    7.0412634213e-01   -2.5639656785e+00   -1.2775667440e+01    2.6400000000e+02    2.2599383000e-02    5.3858901515e-01
       108   -1.0516720960e+01    1.1101999160e+02   -2.1915169112e+01    1.1398448151e+01   -7.2064358172e+00    7.5267428421e-01   -2.6857401384e+00   -1.2775667440e+01    2.6400000000e+02    2.2664830000e-02    5.3726325758e-01
       109   -1.0468519615e+01    1.1117269490e+02   -2.1703870738e+01    1.1235351123e+01   -7.2922737975e+00    8.8766070189e-01   -2.5235902026e+00   -1.2775667440e+01    2.6400000000e+02    2.2755212000e-02    5.3683712121e-01
       110   -1.0485052326e+01    1.1035052036e+02   -2.1785087377e+01    1.1300035051e+01   -7.0976732633e+00    8.1752443764e-01   -2.7292711109e+00   -1.2775667440e+01    2.6400000000e+02    2.2667537000e-02    5.3631628788e-01
       111   -1.0531714543e+01    1.1140189508e+02   -2.2068869290e+01    1.1537154746e+01   -7.2794737266e+00    5.6742937603e-01   -2.5811574990e+00   -1.2775667440e+01    2.6400000000e+02    2.2854763000e-02    5.3892045455e-01
       112   -1.0490549248e+01    1.1043244352e+02   -2.2202858027e+01    1.1712308780e+01   -7.6166873459e+00    7.2129890659e-01   -2.5318021479e+00   -1.2775667440e+01    2.6400000000e+02    2.2794837000e-02    5.3271780303e-01
       113   -1.0443875413e+01    1.0950853784e+02   -2.1937670802e+01    1.1493795389e+01   -7.0918820246e+00    5.1304395788e-01   -2.5831652953e+00   -1.2775667440e+01    2.6400000000e+02    2.2593344000e-02    5.3049242424e-01
       114   -1.0559857178e+01    1.1193576344e+02   -2.1771612453e+01    1.1211755275e+01   -7.0770614617e+00    6.8416631404e-01   -2.6030498649e+00   -1.2775667440e+01    2.6400000000e+02    2.2507006000e-02    5.4166666667e-01
       115   -1.0530727882e+01    1.1136178936e+02   -2.2379496306e+01    1.1848768424e+01   -7.4802631475e+00    4.1305236845e-01   -2.5366180868e+00   -1.2775667440e+01    2.6400000000e+02    2.2617490000e-02    5.3432765152e-01
       116   -1.0486315718e+01    1.1026678589e+02   -2.2137135174e+01    1.1650819455e+01   -7.4143292813e+00    7.9096525902e-01   -2.7381037112e+00   -1.2775667440e+01    2.6400000000e+02    2.2684194000e-02    5.3328598485e-01
       117   -1.0511743407e+01    1.1091670334e+02   -2.1944092066e+01    1.1432348659e+01   -7.1740219225e+00    7.6721840563e-01   -2.7616211092e+00   -1.2775667440e+01    2.6400000000e+02    2.2468685000e-02    5.4100378788e-01
       118   -1.0545461281e+01    1.1165475511e+02   -2.1807000824e+01    1.1261539543e+01   -6.9186608258e+00    5.2468247308e-01   -2.6373550314e+00   -1.2775667440e+01    2.6400000000e+02    2.2753100000e-02    5.3480113636e-01
       119   -1.0553730997e+01    1.1189858020e+02   -2.2108164123e+01    1.1554433126e+01   -7.2681681684e+00    6.5196920187e-01   -2.7162977163e+00   -1.2775667440e+01    2.6400000000e+02    2.2485452000e-02    5.4024621212e-01
       120   -1.0522212165e+01    1.1108470337e+02   -2.2468518061e+01    1.1946305896e+01   -7.3706301224e+00    4.4323977511e-01   -2.7654602739e+00   -1.2775667440e+01    2.6400000000e+02    2.2610162000e-02    5.3887310606e-01
       121   -1.0490923967e+01    1.1042877954e+02   -2.1693755990e+01    1.1202832023e+01   -6.8160474475e+00    6.3265857781e-01   -2.7346996798e+00   -1.2775667440e+01    2.6400000000e+02    2.2628018000e-02    5.3328598485e-01
       122   -1.0477802993e+01    1.1021377929e+02   -2.2207333011e+01    1.1729530018e+01   -7.0314230427e+00    4.5699666932e-01   -2.8572391976e+00   -1.2775667440e+01    2.6400000000e+02    2.2499078000e-02    5.4270833333e-01
       123   -1.0514841966e+01    1.1090932954e+02   -2.1893718060e+01    1.1378876094e+01   -7.0967520626e+00    6.9141873881e-01   -2.7127172958e+00   -1.2775667440e+01    2.6400000000e+02    2.2626820000e-02    5.4308712121e-01
       124   -1.0454751498e+01    1.0968782978e+02   -2.1611086887e+01    1.1156335389e+01   -6.8302838028e+00    6.2625833788e-01   -2.6313939820e+00   -1.2775667440e+01    2.6400000000e+02    2.2837046000e-02    5.4389204545e-01
       125   -1.0463815396e+01    1.0986777564e+02   -2.2752324362e+01    1.2288508966e+01   -8.0042869096e+00    6.8368942196e-01   -2.6560594343e+00   -1.2775667440e+01    2.6400000000e+02    2.2470453000e-02    5.4446022727e-01
       126   -1.0470698295e+01    1.1005572528e+02   -2.1753612186e+01    1.1282913891e+01   -6.9001388734e+00    6.1986541008e-01   -2.6976712822e+00   -1.2775667440e+01    2.6400000000e+02    2.2405780000e-02    5.3536931818e-01
       127   -1.0540204242e+01    1.1143561019e+02   -2.1939913133e+01    1.1399708891e+01   -7.0997375987e+00    6.6637723887e-01   -2.7308853325e+00   -1.2775667440e+01    2.6400000000e+02    2.1979001000e-02    5.3461174242e-01
       128   -1.0457021893e+01    1.0966068699e+02   -2.1752488221e+01    1.1295466328e+01   -6.9956414134e+00    7.5085084535e-01   -2.7320302128e+00   -1.2775667440e+01    2.6400000000e+02    2.1465779000e-02    5.3631628788e-01
       129   -1.0411515457e+01    1.0883272401e+02   -2.2598835859e+01    1.2187320403e+01   -7.7361850358e+00    6.7358122269e-01   -2.7605646060e+00   -1.2775667440e+01    2.6400000000e+02    2.1470176000e-02    5.2930871212e-01
       130   -1.0554219470e+01    1.1175690910e+02   -2.1871558936e+01    1.1317339467e+01   -7.0618025177e+00    6.6305792231e-01   -2.6971469005e+00   -1.2775667440e+01    2.6400000000e+02    2.1511784000e-02    5.3598484848e-01
       131   -1.0378030320e+01    1.0808451054e+02   -2.1723913092e+01    1.1345882772e+01   -6.8348159150e+00    5.1555659320e-01   -2.6289863300e+00   -1.2775667440e+01    2.6400000000e+02    2.1406835000e-02    5.4095643939e-01
       132   -1.0521338304e+01    1.1123624293e+02   -2.2196981952e+01    1.1675643647e+01   -7.4910185536e+00    6.7982170379e-01   -2.6101176615e+00   -1.2775667440e+01    2.6400000000e+02    2.1418075000e-02    5.4034090909e-01
       133   -1.0464100488e+01    1.0993716760e+02   -2.2166491084e+01    1.1702390596e+01   -7.1499956984e+00    4.9946632951e-01   -2.7402942748e+00   -1.2775667440e+01    2.6400000000e+02    2.1533587000e-02    5.3394886364e-01
       134   -1.0563790219e+01    1.1201357074e+02   -2.2075553073e+01    1.1511762854e+01   -7.2129486726e+00    6.3941692955e-01   -2.7263538894e+00   -1.2775667440e+01    2.6400000000e+02    2.1472627000e-02    5.3139204545e-01
       135   -1.0494251387e+01    1.1059235921e+02   -2.1952698467e+01    1.1458447080e+01   -7.1318864965e+00    6.0511534656e-01   -2.6502598769e+00   -1.2775667440e+01    2.6400000000e+02    2.1481598000e-02    5.3342803030e-01
       136   -1.0509816969e+01    1.1090640237e+02   -2.2236931959e+01    1.1727114989e+01   -7.3458886184e+00    5.2723788085e-01   -2.6426137808e+00   -1.2775667440e+01    2.6400000000e+02    2.1747667000e-02    5.3716856061e-01
       137   -1.0448514346e+01    1.0960571368e+02   -2.2143601469e+01    1.1695087123e+01   -7.3539439152e+00    6.2407016233e-01   -2.6380602759e+00   -1.2775667440e+01    2.6400000000e+02    2.1499022000e-02    5.3210227273e-01
       138   -1.0468363316e+01    1.1019669437e+02   -2.2200198375e+01    1.1731835060e+01   -6.9726188345e+00    3.9374302774e-01   -2.8456551284e+00   -1.2775667440e+01    2.6400000000e+02    2.1442046000e-02    5.3963068182e-01
       139   -1.0484921369e+01    1.1029260234e+02   -2.1952101961e+01    1.1467180592e+01   -7.0586205820e+00    5.3792030941e-01   -2.6557342482e+00   -1.2775667440e+01    2.6400000000e+02    2.1491941000e-02    5.3669507576e-01
       140   -1.0487683123e+01    1.1038642869e+02   -2.1817553651e+01    1.1329870528e+01   -6.9192044739e+00    5.2742441722e-01   -2.6501061541e+00   -1.2775667440e+01    2.6400000000e+02    2.1352783000e-02    5.3678977273e-01
       141   -1.0501479963e+01    1.1063045905e+02   -2.2059034209e+01    1.1557554245e+01   -7.2615624529e+00    6.1929411220e-01   -2.6410984277e+00   -1.2775667440e+01    2.6400000000e+02    2.1497482000e-02    5.3357007576e-01
       142   -1.0421006547e+01    1.0900123893e+02   -2.1575036688e+01    1.1154030142e+01   -6.7657187383e+00    5.6343409693e-01   -2.5970846067e+00   -1.2775667440e+01    2.6400000000e+02    2.1712401000e-02    5.3873106061e-01
       143   -1.0456018991e+01    1.0972082382e+02   -2.2094917613e+01    1.1638898622e+01   -7.3761332394e+00    5.7657766180e-01   -2.5196945956e+00   -1.2775667440e+01    2.6400000000e+02    2.1764952000e-02    5.3915719697e-01
       144   -1.0490667073e+01    1.1047186369e+02   -2.2160039877e+01    1.1669372804e+01   -7.3672623040e+00    6.7410214548e-01   -2.6912122780e+00   -1.2775667440e+01    2.6400000000e+02    2.2230982000e-02    5.3882575758e-01
       145   -1.0448999945e+01    1.0952695132e+02   -2.1607339823e+01    1.1158339879e+01   -6.7362314972e+00    6.9161185571e-01   -2.7870527414e+00   -1.2775667440e+01    2.6400000000e+02    2.2509844000e-02    5.3513257576e-01
       146   -1.0472851629e+01    1.1001809350e+02   -2.2155556805e+01    1.1682705176e+01   -7.1210769901e+00    5.8009727439e-01   -2.8389096495e+00   -1.2775667440e+01    2.6400000000e+02    2.2523195000e-02    5.3631628788e-01
       147   -1.0540276156e+01    1.1145512163e+02   -2.1576532827e+01    1.1036256671e+01   -6.5407961576e+00    5.4745473339e-01   -2.8075239624e+00   -1.2775667440e+01    2.6400000000e+02    2.2736792000e-02    5.3802083333e-01
       148   -1.0433253775e+01    1.0954742127e+02   -2.2110982376e+01    1.1677728601e+01   -7.2233158487e+00    4.9236621447e-01   -2.6043653013e+00   -1.2775667440e+01    2.6400000000e+02    2.2589487000e-02    5.3432765152e-01
       149   -1.0462564189e+01    1.1002165902e+02   -2.1944398506e+01    1.1481834317e+01   -7.2175111801e+00    6.6853242309e-01   -2.6197523091e+00   -1.2775667440e+01    2.6400000000e+02    2.2631606000e-02    5.3181818182e-01
       150   -1.0489628752e+01    1.1047744658e+02   -2.1655555609e+01    1.1165926857e+01   -7.0448559029e+00    7.8444498331e-01   -2.6194772492e+00   -1.2775667440e+01    2.6400000000e+02    2.2475024000e-02    5.3101325758e-01
       151   -1.0393247167e+01    1.0840221569e+02   -2.2099138473e+01    1.1705891306e+01   -7.1727556273e+00    5.0848576859e-01   -2.6592011742e+00   -1.2775667440e+01    2.6400000000e+02    2.2529638000e-02    5.4180871212e-01
       152   -1.0424937715e+01    1.0906502933e+02   -2.2320199699e+01    1.1895261983e+01   -7.4706927945e+00    6.3633613529e-01   -2.7101755994e+00   -1.2775667440e+01    2.6400000000e+02    2.2669079000e-02    5.3115530303e-01
       153   -1.0505664235e+01    1.1071854143e+02   -2.2054171481e+01    1.1548507247e+01   -7.2807372578e+00    6.6862716930e-01   -2.6663939526e+00   -1.2775667440e+01    2.6400000000e+02    2.2598010000e-02    5.3565340909e-01
       154   -1.0497838593e+01    1.1056768363e+02   -2.2214679652e+01    1.1716841059e+01   -7.1812015342e+00    5.1313765417e-01   -2.7709483320e+00   -1.2775667440e+01    2.6400000000e+02    2.2660317000e-02    5.3503787879e-01
       155   -1.0446922715e+01    1.0958918788e+02   -2.1703344127e+01    1.1256421412e+01   -6.6002919706e+00    4.2785320948e-01   -2.7552379258e+00   -1.2775667440e+01    2.6400000000e+02    2.2690704000e-02    5.3593750000e-01
       156   -1.0504780370e+01    1.1076925003e+02   -2.1823398470e+01    1.1318618100e+01   -7.0484377242e+00    6.4907740699e-01   -2.6483707122e+00   -1.2775667440e+01    2.6400000000e+02    2.2614090000e-02    5.3745265152e-01
       157   -1.0477860623e+01    1.1042039418e+02   -2.1961500938e+01    1.1483640316e+01   -7.3931422415e+00    8.0241202826e-01   -2.5951032849e+00   -1.2775667440e+01    2.6400000000e+02    2.2570173000e-02    5.3304924242e-01
       158   -1.0370785937e+01    1.0806826361e+02   -2.1560093519e+01    1.1189307582e+01   -6.5494061051e+00    3.9895456715e-01   -2.6339745407e+00   -1.2775667440e+01    2.6400000000e+02    2.2540641000e-02    5.3849431818e-01
       159   -1.0559407993e+01    1.1185515660e+02   -2.2356745359e+01    1.1797337366e+01   -7.5165946253e+00    6.2026981004e-01   -2.6847531034e+00   -1.2775667440e+01    2.6400000000e+02    2.2670822000e-02    5.3267045455e-01
       160   -1.0445776219e+01    1.0978546698e+02   -2.2028855569e+01    1.1583079350e+01   -7.0200717877e+00    4.7982780425e-01   -2.7129441453e+00   -1.2775667440e+01    2.6400000000e+02    2.2459740000e-02    5.3432765152e-01
       161   -1.0476016213e+01    1.1016222733e+02   -2.2124524075e+01    1.1648507862e+01   -7.4303332467e+00    7.5381548904e-01   -2.6723388770e+00   -1.2775667440e+01    2.6400000000e+02    2.2514444000e-02    5.3120265152e-01
       162   -1.0516258981e+01    1.1097073814e+02   -2.1858749570e+01    1.1342490588e+01   -6.8546335956e+00    5.7525605434e-01   -2.8037045883e+00   -1.2775667440e+01    2.6400000000e+02    2.2455348000e-02    5.3522727273e-01
       163   -1.0494780432e+01    1.1079529152e+02   -2.2248885216e+01    1.1754104784e+01   -7.2051283363e+00    5.7019853847e-01   -2.8382879778e+00   -1.2775667440e+01    2.6400000000e+02    2.2469072000e-02    5.3678977273e-01
       164   -1.0464220725e+01    1.1014164789e+02   -2.2227213508e+01    1.1762992783e+01   -7.3960537576e+00    6.8334782236e-01   -2.7388401323e+00   -1.2775667440e+01    2.6400000000e+02    2.2565534000e-02    5.3693181818e-01
       165   -1.0443873839e+01    1.0956918017e+02   -2.2190574306e+01    1.1746700467e+01   -6.9869585214e+00    4.1698134677e-01   -2.8449296911e+00   -1.2775667440e+01    2.6400000000e+02    2.2586735000e-02    5.3802083333e-01
       166   -1.0539320828e+01    1.1137808560e+02   -2.2452454481e+01    1.1913133653e+01   -7.8210627946e+00    9.4911810721e-01   -2.8048423538e+00   -1.2775667440e+01    2.6400000000e+02    2.2545613000e-02    5.3589015152e-01
       167   -1.0466343807e+01    1.1009349162e+02   -2.2528752642e+01    1.2062408835e+01   -7.8314476044e+00    7.7592772240e-01   -2.6975653195e+00   -1.2775667440e+01    2.6400000000e+02    2.2573106000e-02    5.3622159091e-01
       168   -1.0467355790e+01    1.1007226709e+02   -2.2170533116e+01    1.1703177326e+01   -7.2717157090e+00    4.7538778582e-01   -2.5985377523e+00   -1.2775667440e+01    2.6400000000e+02    2.2547795000e-02    5.3560606061e-01
       169   -1.0471641718e+01    1.1020649188e+02   -2.1670076768e+01    1.1198435050e+01   -6.8828587462e+00    5.6192379112e-01   -2.5734743727e+00   -1.2775667440e+01    2.6400000000e+02    2.2405671000e-02    5.3721590909e-01
       170   -1.0502700065e+01    1.1070609394e+02   -2.1621590939e+01    1.1118890875e+01   -6.9990271779e+00    8.4897183208e-01   -2.6958681534e+00   -1.2775667440e+01    2.6400000000e+02    2.2304700000e-02    5.3442234848e-01
       171   -1.0504457431e+01    1.1085087748e+02   -2.2001387274e+01    1.1496929843e+01   -7.0683387898e+00    5.3929743473e-01   -2.6966784786e+00   -1.2775667440e+01    2.6400000000e+02    2.2040969000e-02    5.3357007576e-01
       172   -1.0525966462e+01    1.1121980062e+02   -2.1940921031e+01    1.1414954569e+01   -6.9054671907e+00    5.1098934788e-01   -2.7707757478e+00   -1.2775667440e+01    2.6400000000e+02    2.1576800000e-02    5.3115530303e-01
       173   -1.0509063716e+01    1.1093604713e+02   -2.2579596593e+01    1.2070532878e+01   -7.9693385829e+00    6.8204675224e-01   -2.5166373223e+00   -1.2775667440e+01    2.6400000000e+02    2.1634408000e-02    5.2779356061e-01
       174   -1.0501170977e+01    1.1063838687e+02   -2.2139403712e+01    1.1638232736e+01   -7.2458393585e+00    6.4434747133e-01   -2.7622443850e+00   -1.2775667440e+01    2.6400000000e+02    2.1901567000e-02    5.3503787879e-01
       175   -1.0525989547e+01    1.1118861875e+02   -2.2130125648e+01    1.1604136101e+01   -7.2704437559e+00    6.5084122007e-01   -2.7348556721e+00   -1.2775667440e+01    2.6400000000e+02    2.1750620000e-02    5.3565340909e-01
       176   -1.0436919204e+01    1.0941356981e+02   -2.1783246702e+01    1.1346327498e+01   -6.8746907096e+00    5.5843390522e-01   -2.6913224576e+00   -1.2775667440e+01    2.6400000000e+02    2.1523353000e-02    5.3863636364e-01
       177   -1.0494718956e+01    1.1057098992e+02   -2.1675057309e+01    1.1180338353e+01   -6.9084911154e+00    6.7358203565e-01   -2.6644807892e+00   -1.2775667440e+01    2.6400000000e+02    2.1535544000e-02    5.3910984848e-01
       178   -1.0426038977e+01    1.0913843468e+02   -2.1746232717e+01    1.1320193740e+01   -6.7285453224e+00    4.8847723321e-01   -2.7304971875e+00   -1.2775667440e+01    2.6400000000e+02    2.1565201000e-02    5.4289772727e-01
       179   -1.0485497897e+01    1.1054187675e+02   -2.2365038497e+01    1.1879540600e+01   -7.4298107326e+00    5.3322795291e-01   -2.6927882772e+00   -1.2775667440e+01    2.6400000000e+02    2.1486979000e-02    5.3873106061e-01
       180   -1.0462069971e+01    1.0984678261e+02   -2.2266530702e+01    1.1804460730e+01   -7.3218834941e+00    6.0014875779e-01   -2.7691285252e+00   -1.2775667440e+01    2.6400000000e+02    2.1462450000e-02    5.3148674242e-01
       181   -1.0457248545e+01    1.0973814226e+02   -2.2938701547e+01    1.2481453002e+01   -8.1130503572e+00    6.2998799658e-01   -2.6799717461e+00   -1.2775667440e+01    2.6400000000e+02    2.1503208000e-02    5.3522727273e-01
       182   -1.0404253519e+01    1.0874751178e+02   -2.2365010428e+01    1.1960756909e+01   -7.2584361171e+00    3.9925870998e-01   -2.7301655809e+00   -1.2775667440e+01    2.6400000000e+02    2.1404489000e-02    5.4190340909e-01
       183   -1.0515821591e+01    1.1093545911e+02   -2.2324227592e+01    1.1808406001e+01   -7.7408138432e+00    7.6206985652e-01   -2.5698161648e+00   -1.2775667440e+01    2.6400000000e+02    2.1460911000e-02    5.4209280303e-01
       184   -1.0410823885e+01    1.0881985310e+02   -2.2570126297e+01    1.2159302412e+01   -7.6903494938e+00    4.8121627286e-01   -2.5853256357e+00   -1.2775667440e+01    2.6400000000e+02    2.1527894000e-02    5.3750000000e-01
       185   -1.0478740760e+01    1.1027689227e+02   -2.2053754345e+01    1.1575013585e+01   -7.3455579752e+00    7.4254439508e-01   -2.6750733245e+00   -1.2775667440e+01    2.6400000000e+02    2.1495607000e-02    5.3802083333e-01
       186   -1.0455892427e+01    1.0977651693e+02   -2.1802727065e+01    1.1346834638e+01   -7.0022170203e+00    6.2651868991e-01   -2.6513612944e+00   -1.2775667440e+01    2.6400000000e+02    2.1508440000e-02    5.3641098485e-01
       187   -1.0448845724e+01    1.0967325675e+02   -2.1945149697e+01    1.1496303973e+01   -7.1776390084e+00    6.1312422502e-01   -2.6049674733e+00   -1.2775667440e+01    2.6400000000e+02    2.1584653000e-02    5.3371212121e-01
       188   -1.0494460366e+01    1.1048948701e+02   -2.1665755596e+01    1.1171295230e+01   -6.9881452490e+00    7.6638863201e-01   -2.6683315384e+00   -1.2775667440e+01    2.6400000000e+02    2.1614107000e-02    5.4043560606e-01
       189   -1.0431647415e+01    1.0925054060e+02   -2.2143832235e+01    1.1712184820e+01   -7.3002179623e+00    5.5601338097e-01   -2.6239602131e+00   -1.2775667440e+01    2.6400000000e+02    2.1779548000e-02    5.3967803030e-01
       190   -1.0539992979e+01    1.1142108954e+02   -2.1766336396e+01    1.1226343416e+01   -6.9787135152e+00    7.1972744143e-01   -2.7316828818e+00   -1.2775667440e+01    2.6400000000e+02    2.1757026000e-02    5.3626893939e-01
       191   -1.0573923861e+01    1.1223528176e+02   -2.1960428494e+01    1.1386504633e+01   -6.8987454601e+00    4.2469268673e-01   -2.7107082808e+00   -1.2775667440e+01    2.6400000000e+02    2.1795547000e-02    5.3527462121e-01
       192   -1.0495141360e+01    1.1054272259e+02   -2.2071067000e+01    1.1575925640e+01   -6.9985755388e+00    4.6591098598e-01   -2.7627350075e+00   -1.2775667440e+01    2.6400000000e+02    2.1830655000e-02    5.3522727273e-01
       193   -1.0567585698e+01    1.1215583665e+02   -2.1651187894e+01    1.1083602196e+01   -6.6821195528e+00    6.0845659567e-01   -2.8018574969e+00   -1.2775667440e+01    2.6400000000e+02    2.2101596000e-02    5.3915719697e-01
       194   -1.0403297688e+01    1.0860142963e+02   -2.2354589107e+01    1.1951291419e+01   -7.4167335246e+00    4.5981399575e-01   -2.6220021381e+00   -1.2775667440e+01    2.6400000000e+02    2.2458398000e-02    5.3437500000e-01
       195   -1.0521591327e+01    1.1114945587e+02   -2.1840427863e+01    1.1318836535e+01   -6.7989267334e+00    5.1465268194e-01   -2.7804863708e+00   -1.2775667440e+01    2.6400000000e+02    2.2571814000e-02    5.3697916667e-01
       196   -1.0489071932e+01    1.1049640709e+02   -2.1823071399e+01    1.1333999467e+01   -6.9015261110e+00    5.2507357523e-01   -2.6709514228e+00   -1.2775667440e+01    2.6400000000e+02    2.2936588000e-02    5.3399621212e-01
       197   -1.0514141110e+01    1.1096390339e+02   -2.2557719703e+01    1.2043578593e+01   -7.6849225267e+00    4.9629919222e-01   -2.5934289279e+00   -1.2775667440e+01    2.6400000000e+02    2.2709778000e-02    5.3390151515e-01
       198   -1.0434828714e+01    1.0928639762e+02   -2.1860693378e+01    1.1425864664e+01   -7.0253410148e+00    5.0618822346e-01   -2.5658731464e+00   -1.2775667440e+01    2.6400000000e+02    2.2416543000e-02    5.3219696970e-01
       199   -1.0521741054e+01    1.1117826401e+02   -2.1872487500e+01    1.1350746446e+01   -7.0232106855e+00    6.7273370797e-01   -2.7463430826e+00   -1.2775667440e+01    2.6400000000e+02    2.2613775000e-02    5.3830492424e-01
