#   index    LocalEnergy         LocalEnergy_sq      LocalPotential      Kinetic             LocalECP            NonLocalECP         ElecElec            IonIon              BlockWeight         BlockCPU            AcceptRatio         
         0   -1.0195630938e+01    1.0608311356e+02   -2.1463768931e+01    1.1268137992e+01   -6.9789251536e+00    5.1488143845e-01   -2.2240577755e+00   -1.2775667440e+01    5.1600000000e+02    1.8859578167e-02    5.4765019380e-01
         1   -1.0293815198e+01    1.0761480580e+02   -2.1649269952e+01    1.1355454753e+01   -7.2271701532e+00    6.6577088162e-01   -2.3122032398e+00   -1.2775667440e+01    5.1600000000e+02    2.1884569917e-02    5.4411337209e-01
         2   -1.0264326065e+01    1.0720633735e+02   -2.1520065677e+01    1.1255739612e+01   -7.0331627832e+00    5.5033006003e-01   -2.2615655133e+00   -1.2775667440e+01    5.1600000000e+02    2.2721562917e-02    5.4382267442e-01
         3   -1.0209182663e+01    1.0615144918e+02   -2.1256661587e+01    1.1047478924e+01   -6.9531659835e+00    7.1247710206e-01   -2.2403052650e+00   -1.2775667440e+01    5.1600000000e+02    2.1536277417e-02    5.4508236434e-01
         4   -1.0260817158e+01    1.0693877682e+02   -2.1387963672e+01    1.1127146515e+01   -6.9400092917e+00    6.5160103393e-01   -2.3238879745e+00   -1.2775667440e+01    5.1600000000e+02    2.3912629500e-02    5.4563953488e-01
         5   -1.0189087188e+01    1.0576995403e+02   -2.1596874993e+01    1.1407787805e+01   -7.4775934362e+00    7.4688667283e-01   -2.0905007894e+00   -1.2775667440e+01    5.1600000000e+02    2.2159853500e-02    5.3459302326e-01
         6   -1.0319303344e+01    1.0798193611e+02   -2.1464017890e+01    1.1144714546e+01   -7.0137583059e+00    6.3294683659e-01   -2.3075389802e+00   -1.2775667440e+01    5.1600000000e+02    1.9829435250e-02    5.4648740310e-01
         7   -1.0256316669e+01    1.0716248118e+02   -2.1746391568e+01    1.1490074900e+01   -7.3437828204e+00    5.9342857474e-01   -2.2203698825e+00   -1.2775667440e+01    5.1600000000e+02    1.9695897250e-02    5.4312015504e-01
         8   -1.0313768158e+01    1.0782426516e+02   -2.1839904114e+01    1.1526135956e+01   -7.3575298589e+00    6.0297117025e-01   -2.3096779854e+00   -1.2775667440e+01    5.1600000000e+02    1.9851638167e-02    5.4425872093e-01
         9   -1.0371276003e+01    1.0889989268e+02   -2.1947393552e+01    1.1576117548e+01   -7.5208527610e+00    7.1468769823e-01   -2.3655610487e+00   -1.2775667440e+01    5.1600000000e+02    1.9748764833e-02    5.4232073643e-01
        10   -1.0234857549e+01    1.0642232621e+02   -2.1484478229e+01    1.1249620680e+01   -6.9278671112e+00    4.9913926224e-01   -2.2800829401e+00   -1.2775667440e+01    5.1600000000e+02    2.1320794333e-02    5.4784399225e-01
        11   -1.0176153476e+01    1.0566044535e+02   -2.1860480309e+01    1.1684326833e+01   -7.5480306019e+00    6.5840664167e-01   -2.1951889084e+00   -1.2775667440e+01    5.1600000000e+02    2.3870058417e-02    5.3611918605e-01
        12   -1.0228075839e+01    1.0650420382e+02   -2.1622598861e+01    1.1394523022e+01   -7.2203032416e+00    6.2712126517e-01   -2.2537494440e+00   -1.2775667440e+01    5.1600000000e+02    2.3321011583e-02    5.4629360465e-01
        13   -1.0274548784e+01    1.0729783802e+02   -2.1780526411e+01    1.1505977627e+01   -7.4259558731e+00    6.4189210896e-01   -2.2207952068e+00   -1.2775667440e+01    5.1600000000e+02    2.3994177750e-02    5.4469476744e-01
        14   -1.0227277726e+01    1.0667194750e+02   -2.1640589484e+01    1.1413311758e+01   -7.0954300672e+00    4.8610689268e-01   -2.2555988691e+00   -1.2775667440e+01    5.1600000000e+02    2.3782254333e-02    5.4849806202e-01
        15   -1.0343203709e+01    1.0841889253e+02   -2.1805043863e+01    1.1461840154e+01   -7.4127866711e+00    6.7851048291e-01   -2.2951002346e+00   -1.2775667440e+01    5.1600000000e+02    2.4222175417e-02    5.4093992248e-01
        16   -1.0301854969e+01    1.0766769618e+02   -2.1868282497e+01    1.1566427528e+01   -7.4199882669e+00    6.1802939463e-01   -2.2906561844e+00   -1.2775667440e+01    5.1600000000e+02    2.3880050333e-02    5.4375000000e-01
        17   -1.0211767962e+01    1.0641915380e+02   -2.1621946369e+01    1.1410178407e+01   -7.3086772511e+00    6.6802726679e-01   -2.2056289447e+00   -1.2775667440e+01    5.1600000000e+02    2.4520788583e-02    5.4241763566e-01
        18   -1.0379437085e+01    1.0935790709e+02   -2.1909682113e+01    1.1530245027e+01   -7.4420958828e+00    6.7046692051e-01   -2.3623857100e+00   -1.2775667440e+01    5.1600000000e+02    2.4192647417e-02    5.3897771318e-01
        19   -1.0303181753e+01    1.0785499132e+02   -2.2086889603e+01    1.1783707850e+01   -7.6154981249e+00    5.7517386572e-01   -2.2708979033e+00   -1.2775667440e+01    5.1600000000e+02    2.4816444333e-02    5.4314437984e-01
        20   -1.0236090794e+01    1.0647094275e+02   -2.1557696402e+01    1.1321605608e+01   -7.1145438305e+00    6.0037016251e-01   -2.2678552938e+00   -1.2775667440e+01    5.1600000000e+02    2.4290916417e-02    5.4624515504e-01
        21   -1.0290032775e+01    1.0767567639e+02   -2.1552461457e+01    1.1262428683e+01   -7.1278861213e+00    6.5526326176e-01   -2.3041711575e+00   -1.2775667440e+01    5.1600000000e+02    2.4190353167e-02    5.4319282946e-01
        22   -1.0233391142e+01    1.0646482833e+02   -2.1504115547e+01    1.1270724405e+01   -7.2942709416e+00    7.6440814094e-01   -2.1985853064e+00   -1.2775667440e+01    5.1600000000e+02    2.4199796083e-02    5.4253875969e-01
        23   -1.0262997301e+01    1.0719071433e+02   -2.1752722380e+01    1.1489725080e+01   -7.4888895031e+00    6.5873932655e-01   -2.1469047636e+00   -1.2775667440e+01    5.1600000000e+02    2.4177184917e-02    5.4217538760e-01
        24   -1.0301346911e+01    1.0790439219e+02   -2.1904813387e+01    1.1603466475e+01   -7.6147614368e+00    7.3675303149e-01   -2.2511375410e+00   -1.2775667440e+01    5.1600000000e+02    2.4241993417e-02    5.3963178295e-01
        25   -1.0340515841e+01    1.0875672054e+02   -2.1890640285e+01    1.1550124444e+01   -7.5050780684e+00    7.0366498390e-01   -2.3135597605e+00   -1.2775667440e+01    5.1600000000e+02    2.4093049000e-02    5.4263565891e-01
        26   -1.0286782303e+01    1.0755635241e+02   -2.1915671464e+01    1.1628889161e+01   -7.5047618974e+00    6.3744409192e-01   -2.2726862184e+00   -1.2775667440e+01    5.1600000000e+02    2.4051213333e-02    5.3958333333e-01
        27   -1.0258209960e+01    1.0695329917e+02   -2.1279357003e+01    1.1021147044e+01   -6.9846534967e+00    7.4635277510e-01   -2.2653888413e+00   -1.2775667440e+01    5.1600000000e+02    2.4077157167e-02    5.4227228682e-01
        28   -1.0209967557e+01    1.0611177868e+02   -2.1730263912e+01    1.1520296355e+01   -7.2790452915e+00    5.1388601232e-01   -2.1894371922e+00   -1.2775667440e+01    5.1600000000e+02    2.4101981417e-02    5.4375000000e-01
        29   -1.0284508269e+01    1.0755385138e+02   -2.2016242642e+01    1.1731734373e+01   -7.6357309772e+00    6.5400324822e-01   -2.2588474728e+00   -1.2775667440e+01    5.1600000000e+02    2.4083218250e-02    5.4173934109e-01
        30   -1.0232661290e+01    1.0656453132e+02   -2.1950527431e+01    1.1717866141e+01   -7.7024685799e+00    7.2098677078e-01   -2.1933781819e+00   -1.2775667440e+01    5.1600000000e+02    2.3337296417e-02    5.4241763566e-01
        31   -1.0299630926e+01    1.0781759377e+02   -2.1495984189e+01    1.1196353262e+01   -7.0416167421e+00    6.5680156518e-01   -2.3355015715e+00   -1.2775667440e+01    5.1600000000e+02    2.1104711583e-02    5.3941375969e-01
        32   -1.0248651520e+01    1.0683789899e+02   -2.1743454814e+01    1.1494803295e+01   -7.3897497954e+00    5.7087633196e-01   -2.1489139105e+00   -1.2775667440e+01    5.1600000000e+02    1.9744426083e-02    5.4307170543e-01
        33   -1.0185384203e+01    1.0571757054e+02   -2.1768737277e+01    1.1583353073e+01   -7.6766849799e+00    8.1880437930e-01   -2.1351892359e+00   -1.2775667440e+01    5.1600000000e+02    2.0151084417e-02    5.4186046512e-01
        34   -1.0280314851e+01    1.0742327221e+02   -2.2186407529e+01    1.1906092678e+01   -7.8748098227e+00    6.6272420603e-01   -2.1986544716e+00   -1.2775667440e+01    5.1600000000e+02    2.0010891500e-02    5.4178779070e-01
        35   -1.0238575706e+01    1.0691386707e+02   -2.1919349287e+01    1.1680773581e+01   -7.6186386974e+00    6.6928285131e-01   -2.1943260003e+00   -1.2775667440e+01    5.1600000000e+02    1.9955639667e-02    5.3999515504e-01
        36   -1.0119086306e+01    1.0440227418e+02   -2.1563746157e+01    1.1444659851e+01   -7.2901332830e+00    6.4773550698e-01   -2.1456809413e+00   -1.2775667440e+01    5.1600000000e+02    1.9912370417e-02    5.4142441860e-01
        37   -1.0234106747e+01    1.0659337150e+02   -2.1600482798e+01    1.1366376051e+01   -7.0983485778e+00    5.6917042116e-01   -2.2956372009e+00   -1.2775667440e+01    5.1600000000e+02    1.9842008250e-02    5.4328972868e-01
        38   -1.0131511984e+01    1.0475687265e+02   -2.1596705290e+01    1.1465193306e+01   -7.4957439721e+00    7.6037334360e-01   -2.0856672211e+00   -1.2775667440e+01    5.1600000000e+02    2.0009995500e-02    5.4028585271e-01
        39   -1.0341191891e+01    1.0846196946e+02   -2.1582169434e+01    1.1240977543e+01   -7.1411494852e+00    6.5641255232e-01   -2.3217650613e+00   -1.2775667440e+01    5.1600000000e+02    1.9782390083e-02    5.4343507752e-01
        40   -1.0285567025e+01    1.0727891811e+02   -2.1990884265e+01    1.1705317240e+01   -7.3236281452e+00    4.2534771216e-01   -2.3169363918e+00   -1.2775667440e+01    5.1600000000e+02    2.0139369000e-02    5.4343507752e-01
        41   -1.0220211505e+01    1.0624071385e+02   -2.1554125372e+01    1.1333913867e+01   -7.1180054212e+00    5.7861480249e-01   -2.2390673132e+00   -1.2775667440e+01    5.1600000000e+02    1.9928180917e-02    5.4280523256e-01
        42   -1.0319301954e+01    1.0819064248e+02   -2.1855553593e+01    1.1536251639e+01   -7.5578606436e+00    7.2532293748e-01   -2.2473484464e+00   -1.2775667440e+01    5.1600000000e+02    2.0404900417e-02    5.4130329457e-01
        43   -1.0210539640e+01    1.0610223008e+02   -2.1492416470e+01    1.1281876830e+01   -7.1805134338e+00    6.9087399096e-01   -2.2271095868e+00   -1.2775667440e+01    5.1600000000e+02    2.0460182500e-02    5.4047965116e-01
        44   -1.0245428136e+01    1.0672050061e+02   -2.1698805927e+01    1.1453377791e+01   -7.3293084262e+00    6.3082925036e-01   -2.2246593110e+00   -1.2775667440e+01    5.1600000000e+02    2.0551450583e-02    5.3875968992e-01
        45   -1.0255204831e+01    1.0693045563e+02   -2.1526558108e+01    1.1271353277e+01   -6.8739173919e+00    4.0343892595e-01   -2.2804122021e+00   -1.2775667440e+01    5.1600000000e+02    2.3828564833e-02    5.4239341085e-01
        46   -1.0282562136e+01    1.0740258969e+02   -2.1519965320e+01    1.1237403183e+01   -7.0721788251e+00    6.1548296436e-01   -2.2876020186e+00   -1.2775667440e+01    5.1600000000e+02    2.2704652500e-02    5.4525193798e-01
        47   -1.0262872878e+01    1.0706106338e+02   -2.2060116469e+01    1.1797243591e+01   -7.6749497333e+00    6.1033534808e-01   -2.2198346433e+00   -1.2775667440e+01    5.1600000000e+02    2.2278351667e-02    5.4154554264e-01
        48   -1.0312546004e+01    1.0787281704e+02   -2.1995462158e+01    1.1682916154e+01   -7.5644075151e+00    6.1799768064e-01   -2.2733848833e+00   -1.2775667440e+01    5.1600000000e+02    2.1443885417e-02    5.3958333333e-01
        49   -1.0296940025e+01    1.0773541116e+02   -2.1514656576e+01    1.1217716552e+01   -7.0730160132e+00    6.1359601832e-01   -2.2795691413e+00   -1.2775667440e+01    5.1600000000e+02    2.3305670250e-02    5.3866279070e-01
        50   -1.0212016688e+01    1.0621684667e+02   -2.1762611156e+01    1.1550594468e+01   -7.4562178974e+00    6.4913959158e-01   -2.1798654097e+00   -1.2775667440e+01    5.1600000000e+02    2.3513175333e-02    5.4001937984e-01
        51   -1.0216993915e+01    1.0640573129e+02   -2.1778831381e+01    1.1561837465e+01   -7.4583375862e+00    6.6180357028e-01   -2.2066299245e+00   -1.2775667440e+01    5.1600000000e+02    2.4550066417e-02    5.4350775194e-01
        52   -1.0179456324e+01    1.0551181890e+02   -2.1613804173e+01    1.1434347849e+01   -7.2060199170e+00    5.2637029614e-01   -2.1584871118e+00   -1.2775667440e+01    5.1600000000e+02    2.3589195667e-02    5.4149709302e-01
        53   -1.0251864451e+01    1.0695054720e+02   -2.1875689310e+01    1.1623824858e+01   -7.3170012465e+00    4.5690589987e-01   -2.2399265227e+00   -1.2775667440e+01    5.1600000000e+02    2.4432116500e-02    5.4198158915e-01
        54   -1.0240067580e+01    1.0652878825e+02   -2.1913930632e+01    1.1673863053e+01   -7.5696899398e+00    6.5030426302e-01   -2.2188775154e+00   -1.2775667440e+01    5.1600000000e+02    2.5123336000e-02    5.4542151163e-01
        55   -1.0385231823e+01    1.0945032377e+02   -2.2178322041e+01    1.1793090218e+01   -7.7832966285e+00    7.2515764204e-01   -2.3445156147e+00   -1.2775667440e+01    5.1600000000e+02    2.5042837417e-02    5.4033430233e-01
        56   -1.0208002140e+01    1.0606672831e+02   -2.1910877031e+01    1.1702874891e+01   -7.4344725884e+00    4.6048304686e-01   -2.1612200494e+00   -1.2775667440e+01    5.1600000000e+02    2.5044586917e-02    5.3594961240e-01
        57   -1.0323295026e+01    1.0832468757e+02   -2.1503659526e+01    1.1180364500e+01   -7.0761800450e+00    6.1197864819e-01   -2.2637906886e+00   -1.2775667440e+01    5.1600000000e+02    2.5000997417e-02    5.4166666667e-01
        58   -1.0241747888e+01    1.0654252450e+02   -2.1398725083e+01    1.1156977195e+01   -6.7431892430e+00    4.0918970746e-01   -2.2890581069e+00   -1.2775667440e+01    5.1600000000e+02    2.3538843917e-02    5.4096414729e-01
        59   -1.0171973817e+01    1.0541859573e+02   -2.2104161055e+01    1.1932187238e+01   -7.7161918112e+00    5.2789475841e-01   -2.1401965620e+00   -1.2775667440e+01    5.1600000000e+02    2.3714379583e-02    5.3907461240e-01
        60   -1.0137806942e+01    1.0477717746e+02   -2.1679338544e+01    1.1541531602e+01   -7.3787134259e+00    6.2657184425e-01   -2.1515295220e+00   -1.2775667440e+01    5.1600000000e+02    2.3323198250e-02    5.4156976744e-01
        61   -1.0189393362e+01    1.0603662422e+02   -2.1444154221e+01    1.1254760859e+01   -7.2831519250e+00    7.8846682153e-01   -2.1738016773e+00   -1.2775667440e+01    5.1600000000e+02    2.3283707750e-02    5.4018895349e-01
        62   -1.0231618277e+01    1.0623042232e+02   -2.1855103442e+01    1.1623485165e+01   -7.5863739470e+00    6.9116795612e-01   -2.1842300110e+00   -1.2775667440e+01    5.1600000000e+02    2.3194688667e-02    5.4295058140e-01
        63   -1.0365262863e+01    1.0927759740e+02   -2.1716912801e+01    1.1351649938e+01   -7.2166484629e+00    6.2320679009e-01   -2.3478036884e+00   -1.2775667440e+01    5.1600000000e+02    2.3423750917e-02    5.4229651163e-01
        64   -1.0280521459e+01    1.0765905407e+02   -2.1773984351e+01    1.1493462892e+01   -7.2840539928e+00    5.6541116772e-01   -2.2796740855e+00   -1.2775667440e+01    5.1600000000e+02    2.2728905750e-02    5.3912306202e-01
        65   -1.0169144806e+01    1.0534793408e+02   -2.1738272158e+01    1.1569127352e+01   -7.5961242061e+00    7.5454755288e-01   -2.1210280643e+00   -1.2775667440e+01    5.1600000000e+02    2.2358784417e-02    5.3958333333e-01
        66   -1.0324438979e+01    1.0831043786e+02   -2.1696622301e+01    1.1372183321e+01   -7.1531550982e+00    5.5845908120e-01   -2.3262588436e+00   -1.2775667440e+01    5.1600000000e+02    2.3186484500e-02    5.3868701550e-01
        67   -1.0299284506e+01    1.0767777570e+02   -2.1765336394e+01    1.1466051888e+01   -7.2313325524e+00    5.7352630818e-01   -2.3318627094e+00   -1.2775667440e+01    5.1600000000e+02    2.3583918333e-02    5.4261143411e-01
        68   -1.0277095485e+01    1.0727458152e+02   -2.1816523289e+01    1.1539427804e+01   -7.2917110310e+00    4.9686484018e-01   -2.2460096577e+00   -1.2775667440e+01    5.1600000000e+02    2.2157433167e-02    5.4166666667e-01
        69   -1.0330989424e+01    1.0841659125e+02   -2.1536161835e+01    1.1205172411e+01   -7.1323026601e+00    6.8813506240e-01   -2.3163267969e+00   -1.2775667440e+01    5.1600000000e+02    2.2590626333e-02    5.4312015504e-01
        70   -1.0262898577e+01    1.0718052084e+02   -2.1985692470e+01    1.1722793893e+01   -7.3831817174e+00    4.7088064927e-01   -2.2977239620e+00   -1.2775667440e+01    5.1600000000e+02    2.3698711750e-02    5.4106104651e-01
        71   -1.0268879835e+01    1.0734504185e+02   -2.1588976541e+01    1.1320096706e+01   -7.1697998702e+00    6.5166057142e-01   -2.2951698024e+00   -1.2775667440e+01    5.1600000000e+02    2.2434347917e-02    5.4435562016e-01
        72   -1.0229411358e+01    1.0655438090e+02   -2.1765864769e+01    1.1536453411e+01   -7.3953146266e+00    6.0352742478e-01   -2.1984101268e+00   -1.2775667440e+01    5.1600000000e+02    2.1142334750e-02    5.4711724806e-01
        73   -1.0198680543e+01    1.0587796148e+02   -2.1753060406e+01    1.1554379863e+01   -7.3216621315e+00    5.4272165756e-01   -2.1984524916e+00   -1.2775667440e+01    5.1600000000e+02    2.1216038583e-02    5.4043120155e-01
        74   -1.0276901662e+01    1.0740264109e+02   -2.1669746009e+01    1.1392844347e+01   -7.3484218285e+00    7.1763438440e-01   -2.2632911251e+00   -1.2775667440e+01    5.1600000000e+02    2.0558854167e-02    5.4605135659e-01
        75   -1.0374122178e+01    1.0907364095e+02   -2.1454435470e+01    1.1080313292e+01   -6.8349698195e+00    5.7038708339e-01   -2.4141852941e+00   -1.2775667440e+01    5.1600000000e+02    2.0404793000e-02    5.4459786822e-01
        76   -1.0187591092e+01    1.0592770280e+02   -2.1578719603e+01    1.1391128511e+01   -7.2570043288e+00    6.3218337534e-01   -2.1782312091e+00   -1.2775667440e+01    5.1600000000e+02    2.0588499750e-02    5.4118217054e-01
        77   -1.0330539338e+01    1.0851811774e+02   -2.1751302525e+01    1.1420763187e+01   -7.3670224066e+00    6.8955959717e-01   -2.2981722753e+00   -1.2775667440e+01    5.1600000000e+02    2.0832354583e-02    5.3958333333e-01
        78   -1.0271938999e+01    1.0721335698e+02   -2.1570551267e+01    1.1298612267e+01   -7.0098610954e+00    5.3668600935e-01   -2.3217087403e+00   -1.2775667440e+01    5.1600000000e+02    2.2026858917e-02    5.4593023256e-01
        79   -1.0273982158e+01    1.0730053416e+02   -2.1880850587e+01    1.1606868428e+01   -7.3032408727e+00    5.1575084921e-01   -2.3176931230e+00   -1.2775667440e+01    5.1600000000e+02    2.2337336083e-02    5.4738372093e-01
        80   -1.0203460285e+01    1.0584429546e+02   -2.1833350040e+01    1.1629889755e+01   -7.5865497821e+00    7.2077605756e-01   -2.1919088755e+00   -1.2775667440e+01    5.1600000000e+02    2.2079592500e-02    5.3759689922e-01
        81   -1.0217577528e+01    1.0630700202e+02   -2.1539978080e+01    1.1322400552e+01   -7.2820343827e+00    7.0218429999e-01   -2.1844605571e+00   -1.2775667440e+01    5.1600000000e+02    2.1455587917e-02    5.4040697674e-01
        82   -1.0292840250e+01    1.0752355348e+02   -2.1667518388e+01    1.1374678138e+01   -7.3742251893e+00    7.5772645237e-01   -2.2753522106e+00   -1.2775667440e+01    5.1600000000e+02    2.2154069750e-02    5.4239341085e-01
        83   -1.0304511737e+01    1.0786400364e+02   -2.2000095170e+01    1.1695583434e+01   -7.4954806359e+00    5.5274694670e-01   -2.2816940408e+00   -1.2775667440e+01    5.1600000000e+02    2.2682745083e-02    5.4115794574e-01
        84   -1.0262950943e+01    1.0691990918e+02   -2.1673566425e+01    1.1410615482e+01   -7.2925436894e+00    6.5278131891e-01   -2.2581366144e+00   -1.2775667440e+01    5.1600000000e+02    2.2930623583e-02    5.4626937984e-01
        85   -1.0266794430e+01    1.0742693551e+02   -2.1496669585e+01    1.1229875155e+01   -7.0781886436e+00    6.0771133790e-01   -2.2505248392e+00   -1.2775667440e+01    5.1600000000e+02    2.1550835667e-02    5.4060077519e-01
        86   -1.0203145990e+01    1.0585406557e+02   -2.1836216320e+01    1.1633070330e+01   -7.3326667874e+00    4.9916295212e-01   -2.2270450446e+00   -1.2775667440e+01    5.1600000000e+02    2.1548657500e-02    5.4307170543e-01
        87   -1.0403156158e+01    1.0969864332e+02   -2.1678787139e+01    1.1275630982e+01   -7.2284550330e+00    7.3095116418e-01   -2.4056158303e+00   -1.2775667440e+01    5.1600000000e+02    2.1968468417e-02    5.3657945736e-01
        88   -1.0333358211e+01    1.0840195549e+02   -2.1812177453e+01    1.1478819242e+01   -7.4083591341e+00    6.6790087478e-01   -2.2960517535e+00   -1.2775667440e+01    5.1600000000e+02    2.2078429167e-02    5.4159399225e-01
        89   -1.0263960529e+01    1.0711007894e+02   -2.1866959035e+01    1.1602998506e+01   -7.4103771791e+00    5.7811853123e-01   -2.2590329473e+00   -1.2775667440e+01    5.1600000000e+02    2.1060678083e-02    5.4399224806e-01
        90   -1.0235783526e+01    1.0650588485e+02   -2.1836667077e+01    1.1600883550e+01   -7.3720972573e+00    5.3298859383e-01   -2.2218909729e+00   -1.2775667440e+01    5.1600000000e+02    2.1739933667e-02    5.4062500000e-01
        91   -1.0212043328e+01    1.0589458345e+02   -2.1416600906e+01    1.1204557578e+01   -7.0872389436e+00    6.7086313471e-01   -2.2245576565e+00   -1.2775667440e+01    5.1600000000e+02    2.2196235333e-02    5.4079457364e-01
        92   -1.0211570983e+01    1.0666328443e+02   -2.1719717567e+01    1.1508146584e+01   -7.3323931899e+00    5.8068921781e-01   -2.1923461544e+00   -1.2775667440e+01    5.1600000000e+02    2.2072095167e-02    5.4413759690e-01
        93   -1.0278187103e+01    1.0737250369e+02   -2.1812431360e+01    1.1534244257e+01   -7.5028951780e+00    7.3555317936e-01   -2.2694219212e+00   -1.2775667440e+01    5.1600000000e+02    2.1131562250e-02    5.4236918605e-01
        94   -1.0176927438e+01    1.0588313297e+02   -2.1592715899e+01    1.1415788461e+01   -7.2225615414e+00    5.8251306829e-01   -2.1769999855e+00   -1.2775667440e+01    5.1600000000e+02    2.1864206000e-02    5.3982558140e-01
        95   -1.0286636819e+01    1.0755749048e+02   -2.1631257799e+01    1.1344620980e+01   -7.2273293721e+00    6.7740303362e-01   -2.3056640204e+00   -1.2775667440e+01    5.1600000000e+02    2.2235711417e-02    5.4282945736e-01
        96   -1.0235062738e+01    1.0654529872e+02   -2.1607883398e+01    1.1372820660e+01   -7.0528346634e+00    5.0316036172e-01   -2.2825416561e+00   -1.2775667440e+01    5.1600000000e+02    2.1775774167e-02    5.4321705426e-01
        97   -1.0228227690e+01    1.0624587607e+02   -2.1573846406e+01    1.1345618716e+01   -7.0593285399e+00    5.3528372192e-01   -2.2741341476e+00   -1.2775667440e+01    5.1600000000e+02    2.1403287917e-02    5.4423449612e-01
        98   -1.0279826067e+01    1.0744644473e+02   -2.1604598211e+01    1.1324772144e+01   -7.0823059896e+00    5.6672911689e-01   -2.3133538977e+00   -1.2775667440e+01    5.1600000000e+02    2.1535239000e-02    5.4336240310e-01
        99   -1.0211680761e+01    1.0615103694e+02   -2.1786916398e+01    1.1575235637e+01   -7.3760819492e+00    5.8329658663e-01   -2.2184635954e+00   -1.2775667440e+01    5.1600000000e+02    1.9944579250e-02    5.4186046512e-01
