# Index          LocalEnergy            Variance              Weight        NumOfWalkers      AvgSentWalkers         TrialEnergy             DiffEff      LivingFraction
         0   -1.0515603810e+01    3.7553473472e-01    1.0240389618e+03    1.0240000000e+03    0.0000000000e+00   -1.0512298384e+01    9.7605981840e-01    1.0000000000e+00
         1   -1.0546561976e+01    4.4981649900e-01    1.0243027363e+03    1.0240000000e+03    3.3333333333e-01   -1.0517506204e+01    9.7745805820e-01    9.9121093750e-01
         2   -1.0506414783e+01    4.0837914545e-01    1.0223358859e+03    1.0230000000e+03    3.3333333333e-01   -1.0561341836e+01    9.7658368647e-01    9.9608993157e-01
         3   -1.0515890257e+01    4.9753287611e-01    1.0227109399e+03    1.0210000000e+03    3.3333333333e-01   -1.0425093113e+01    9.7783487572e-01    9.9412340842e-01
         4   -1.0523370728e+01    4.0771299994e-01    1.0253700715e+03    1.0240000000e+03    3.3333333333e-01   -1.0452908220e+01    9.8026987629e-01    9.9707031250e-01
         5   -1.0511756716e+01    3.5275065378e-01    1.0225224430e+03    1.0240000000e+03    6.6666666667e-01   -1.0590224036e+01    9.7721692491e-01    9.9414062500e-01
         6   -1.0506657091e+01    3.8834048069e-01    1.0203790184e+03    1.0190000000e+03    6.6666666667e-01   -1.0439558279e+01    9.7460853087e-01    9.9705593719e-01
         7   -1.0523405246e+01    4.1094449165e-01    1.0266889194e+03    1.0230000000e+03    1.0000000000e+00   -1.0329538009e+01    9.7627921118e-01    9.9902248289e-01
         8   -1.0508372480e+01    3.9845614442e-01    1.0282139404e+03    1.0310000000e+03    3.3333333333e-01   -1.0654528059e+01    9.8253359997e-01    9.9515033948e-01
         9   -1.0523697180e+01    3.7616975262e-01    1.0230288497e+03    1.0270000000e+03    3.3333333333e-01   -1.0713709078e+01    9.7893534126e-01    9.8734177215e-01
        10   -1.0495977376e+01    3.4519684893e-01    1.0147066765e+03    1.0140000000e+03    1.3333333333e+00   -1.0476255232e+01    9.8013326817e-01    9.9605522682e-01
        11   -1.0501749099e+01    3.6517559232e-01    1.0292264743e+03    1.0200000000e+03    6.6666666667e-01   -1.0040130148e+01    9.7771647299e-01    1.0000000000e+00
        12   -1.0496586506e+01    3.4375253433e-01    1.0238144384e+03    1.0290000000e+03    3.3333333333e-01   -1.0756298981e+01    9.7914081050e-01    9.9805636540e-01
        13   -1.0497007160e+01    3.9597657569e-01    1.0291552682e+03    1.0290000000e+03    3.3333333333e-01   -1.0487525061e+01    9.7626518171e-01    9.9319727891e-01
        14   -1.0506291783e+01    3.7356609175e-01    1.0200801792e+03    1.0250000000e+03    6.6666666667e-01   -1.0748097720e+01    9.7700790460e-01    9.8926829268e-01
        15   -1.0505374022e+01    3.5783924826e-01    1.0228551583e+03    1.0190000000e+03    3.3333333333e-01   -1.0314527014e+01    9.7691640043e-01    9.9313052012e-01
        16   -1.0522020007e+01    3.5630107819e-01    1.0203402463e+03    1.0190000000e+03    6.6666666667e-01   -1.0449442276e+01    9.7561287734e-01    9.9705593719e-01
        17   -1.0520023322e+01    3.6820679874e-01    1.0235461075e+03    1.0200000000e+03    3.3333333333e-01   -1.0343000999e+01    9.8107690486e-01    9.9705882353e-01
        18   -1.0544163901e+01    3.5991893627e-01    1.0196782061e+03    1.0190000000e+03    0.0000000000e+00   -1.0497855686e+01    9.7344567107e-01    9.9705593719e-01
        19   -1.0550506983e+01    3.7805678978e-01    1.0273051218e+03    1.0230000000e+03    3.3333333333e-01   -1.0332692234e+01    9.7545563202e-01    9.9706744868e-01
        20   -1.0532660707e+01    3.3773719503e-01    1.0255983209e+03    1.0290000000e+03    3.3333333333e-01   -1.0711629996e+01    9.7997711603e-01    9.9319727891e-01
        21   -1.0511102714e+01    4.0381347266e-01    1.0247549920e+03    1.0250000000e+03    3.3333333333e-01   -1.0534220350e+01    9.7972693492e-01    9.9804878049e-01
        22   -1.0535597349e+01    4.9112928252e-01    1.0259906660e+03    1.0260000000e+03    3.3333333333e-01   -1.0522618735e+01    9.7561195088e-01    9.9512670565e-01
        23   -1.0541849542e+01    3.6217150499e-01    1.0251946567e+03    1.0250000000e+03    6.6666666667e-01   -1.0528395713e+01    9.7958956436e-01    9.9512195122e-01
        24   -1.0531616480e+01    3.4671089637e-01    1.0231342836e+03    1.0230000000e+03    3.3333333333e-01   -1.0531468555e+01    9.8163148050e-01    9.9608993157e-01
        25   -1.0510909444e+01    4.1053495541e-01    1.0238396752e+03    1.0240000000e+03    3.3333333333e-01   -1.0529719575e+01    9.7762140300e-01    9.9804687500e-01
        26   -1.0510477133e+01    3.8478076503e-01    1.0276468062e+03    1.0280000000e+03    3.3333333333e-01   -1.0527132793e+01    9.7740140396e-01    9.9513618677e-01
        27   -1.0531671329e+01    3.9983314193e-01    1.0298595209e+03    1.0300000000e+03    1.0000000000e+00   -1.0528442632e+01    9.7698079995e-01    9.9708737864e-01
        28   -1.0555970646e+01    4.5225996189e-01    1.0322316698e+03    1.0320000000e+03    6.6666666667e-01   -1.0531441466e+01    9.7724373081e-01    9.9612403101e-01
        29   -1.0544081039e+01    3.8404571162e-01    1.0343691762e+03    1.0340000000e+03    6.6666666667e-01   -1.0537101640e+01    9.8084140558e-01    9.9613152805e-01
        30   -1.0517388343e+01    4.6451726052e-01    1.0337815141e+03    1.0340000000e+03    3.3333333333e-01   -1.0540668861e+01    9.7333478779e-01    9.9516441006e-01
        31   -1.0505908719e+01    3.9437140800e-01    1.0324592634e+03    1.0330000000e+03    6.6666666667e-01   -1.0538900082e+01    9.7984761164e-01    9.9903194579e-01
        32   -1.0520742751e+01    3.3145066892e-01    1.0355203055e+03    1.0360000000e+03    3.3333333333e-01   -1.0535663185e+01    9.7712097889e-01    9.9517374517e-01
        33   -1.0524305304e+01    3.6169851182e-01    1.0326649459e+03    1.0330000000e+03    6.6666666667e-01   -1.0538108730e+01    9.7724441122e-01    9.9709583737e-01
        34   -1.0515891628e+01    3.9158958505e-01    1.0347033104e+03    1.0350000000e+03    0.0000000000e+00   -1.0535160653e+01    9.7411253685e-01    9.9227053140e-01
        35   -1.0538934604e+01    4.0170043743e-01    1.0318811972e+03    1.0320000000e+03    3.3333333333e-01   -1.0536409744e+01    9.8165875443e-01    9.9515503876e-01
        36   -1.0543506531e+01    4.2584251415e-01    1.0321419846e+03    1.0320000000e+03    6.6666666667e-01   -1.0534486248e+01    9.7827545594e-01    1.0000000000e+00
        37   -1.0513999919e+01    3.7171684342e-01    1.0398366589e+03    1.0400000000e+03    3.3333333333e-01   -1.0535720552e+01    9.7975815908e-01    9.9423076923e-01
        38   -1.0522836453e+01    3.1754565905e-01    1.0355251758e+03    1.0360000000e+03    6.6666666667e-01   -1.0542381237e+01    9.7975012683e-01    9.9517374517e-01
        39   -1.0533881259e+01    3.8752698107e-01    1.0348226143e+03    1.0350000000e+03    0.0000000000e+00   -1.0538005379e+01    9.7881370330e-01    9.9516908213e-01
        40   -1.0538474684e+01    4.1948939566e-01    1.0359910182e+03    1.0360000000e+03    6.6666666667e-01   -1.0537680093e+01    9.7501864004e-01    9.9420849421e-01
        41   -1.0536718649e+01    4.0499000821e-01    1.0329503091e+03    1.0330000000e+03    3.3333333333e-01   -1.0539347023e+01    9.7586432401e-01    9.9322362052e-01
        42   -1.0534810262e+01    3.0911815651e-01    1.0300117519e+03    1.0300000000e+03    3.3333333333e-01   -1.0536817342e+01    9.7947666386e-01    9.9611650485e-01
        43   -1.0545853294e+01    3.2311949299e-01    1.0281140882e+03    1.0280000000e+03    3.3333333333e-01   -1.0534259576e+01    9.7883551926e-01    9.9708171206e-01
        44   -1.0542023723e+01    2.9741511946e-01    1.0292190997e+03    1.0290000000e+03    3.3333333333e-01   -1.0533142481e+01    9.8297050154e-01    9.9708454810e-01
        45   -1.0542179272e+01    3.4622503651e-01    1.0291360134e+03    1.0290000000e+03    6.6666666667e-01   -1.0534732333e+01    9.7850379837e-01    9.9708454810e-01
        46   -1.0526822937e+01    3.4788484685e-01    1.0299689992e+03    1.0300000000e+03    3.3333333333e-01   -1.0535133555e+01    9.8055403525e-01    9.9805825243e-01
        47   -1.0528978153e+01    4.0184368018e-01    1.0318184518e+03    1.0320000000e+03    3.3333333333e-01   -1.0535820130e+01    9.7770011657e-01    9.9709302326e-01
        48   -1.0532247223e+01    3.3560696441e-01    1.0348545224e+03    1.0350000000e+03    3.3333333333e-01   -1.0537577380e+01    9.7900200932e-01    9.9323671498e-01
        49   -1.0527421520e+01    3.4359017676e-01    1.0297978610e+03    1.0300000000e+03    3.3333333333e-01   -1.0540593990e+01    9.7950160898e-01    9.9708737864e-01
        50   -1.0525261263e+01    3.2847338272e-01    1.0328467702e+03    1.0330000000e+03    3.3333333333e-01   -1.0535608059e+01    9.7489475333e-01    9.9806389158e-01
        51   -1.0508096899e+01    3.6446355332e-01    1.0325322421e+03    1.0330000000e+03    3.3333333333e-01   -1.0538412733e+01    9.8439446061e-01    9.9515972894e-01
        52   -1.0532910173e+01    4.0212550783e-01    1.0347146149e+03    1.0350000000e+03    3.3333333333e-01   -1.0537429614e+01    9.8170445951e-01    9.9613526570e-01
        53   -1.0537640421e+01    6.9749029712e-01    1.0316832416e+03    1.0320000000e+03    3.3333333333e-01   -1.0539655490e+01    9.7627943499e-01    9.9418604651e-01
        54   -1.0515381252e+01    3.4849767864e-01    1.0305783077e+03    1.0310000000e+03    3.3333333333e-01   -1.0536968403e+01    9.7961836524e-01    9.9806013579e-01
        55   -1.0534530892e+01    3.6221960412e-01    1.0307614742e+03    1.0310000000e+03    3.3333333333e-01   -1.0535493628e+01    9.7914656574e-01    9.9515033948e-01
        56   -1.0540021218e+01    3.3882389856e-01    1.0290366778e+03    1.0290000000e+03    0.0000000000e+00   -1.0535822479e+01    9.8349188965e-01    9.9611273081e-01
        57   -1.0523937395e+01    3.4863729101e-01    1.0259256017e+03    1.0260000000e+03    3.3333333333e-01   -1.0534439107e+01    9.7787828158e-01    9.9805068226e-01
        58   -1.0524701633e+01    4.1402644449e-01    1.0238134466e+03    1.0240000000e+03    3.3333333333e-01   -1.0531263997e+01    9.7964415275e-01    9.9707031250e-01
        59   -1.0505892726e+01    4.2059817414e-01    1.0247302205e+03    1.0250000000e+03    3.3333333333e-01   -1.0529083001e+01    9.7996373270e-01    9.9414634146e-01
        60   -1.0501296656e+01    3.6239861621e-01    1.0215719226e+03    1.0220000000e+03    3.3333333333e-01   -1.0529393739e+01    9.7462464821e-01    9.9315068493e-01
        61   -1.0523930575e+01    3.5545379246e-01    1.0208135412e+03    1.0210000000e+03    6.6666666667e-01   -1.0525638994e+01    9.7894780377e-01    9.9216454456e-01
        62   -1.0539385359e+01    3.9225423937e-01    1.0211733552e+03    1.0210000000e+03    6.6666666667e-01   -1.0524799151e+01    9.8166345261e-01    9.9706170421e-01
        63   -1.0539915023e+01    4.1053553640e-01    1.0222812983e+03    1.0220000000e+03    0.0000000000e+00   -1.0525418301e+01    9.7894291219e-01    9.9510763209e-01
        64   -1.0537154531e+01    4.2004779580e-01    1.0212700678e+03    1.0210000000e+03    3.3333333333e-01   -1.0526769331e+01    9.7870141607e-01    9.9608227228e-01
        65   -1.0523618628e+01    6.0537884022e-01    1.0200135627e+03    1.0200000000e+03    3.3333333333e-01   -1.0525973105e+01    9.8021253892e-01    9.9607843137e-01
        66   -1.0513309737e+01    4.0536236292e-01    1.0218601723e+03    1.0220000000e+03    3.3333333333e-01   -1.0524632794e+01    9.7531983528e-01    9.9804305284e-01
        67   -1.0529625649e+01    3.6739830306e-01    1.0249050041e+03    1.0250000000e+03    6.6666666667e-01   -1.0526117627e+01    9.7621345676e-01    9.9707317073e-01
        68   -1.0537632089e+01    4.3639473031e-01    1.0280821700e+03    1.0280000000e+03    3.3333333333e-01   -1.0529122395e+01    9.7840204617e-01    9.9221789883e-01
        69   -1.0519586384e+01    4.2092015003e-01    1.0220154285e+03    1.0220000000e+03    6.6666666667e-01   -1.0532409257e+01    9.7809025032e-01    9.9217221135e-01
        70   -1.0534493540e+01    3.7738651587e-01    1.0180264483e+03    1.0180000000e+03    6.6666666667e-01   -1.0526313864e+01    9.7968672548e-01    9.9803536346e-01
        71   -1.0500856818e+01    3.5917645743e-01    1.0219000312e+03    1.0220000000e+03    3.3333333333e-01   -1.0522525522e+01    9.7515110535e-01    9.9608610568e-01
        72   -1.0528833731e+01    4.5361635073e-01    1.0187512549e+03    1.0190000000e+03    3.3333333333e-01   -1.0525794076e+01    9.8099987486e-01    9.9116781158e-01
        73   -1.0507408410e+01    4.2413955676e-01    1.0119161790e+03    1.0120000000e+03    3.3333333333e-01   -1.0522726642e+01    9.7547619679e-01    9.9604743083e-01
        74   -1.0531904659e+01    3.5667127599e-01    1.0130597516e+03    1.0130000000e+03    3.3333333333e-01   -1.0515615929e+01    9.7544045574e-01    9.9605133268e-01
        75   -1.0518703181e+01    3.8335502316e-01    1.0111648662e+03    1.0110000000e+03    3.3333333333e-01   -1.0516825723e+01    9.7876685744e-01    9.9505440158e-01
        76   -1.0540876453e+01    3.5164542046e-01    1.0093031842e+03    1.0090000000e+03    3.3333333333e-01   -1.0514795231e+01    9.8193383795e-01    9.9306243806e-01
        77   -1.0559497156e+01    3.6613747913e-01    1.0077431340e+03    1.0070000000e+03    6.6666666667e-01   -1.0513188683e+01    9.7545035264e-01    9.9404170804e-01
        78   -1.0542714696e+01    3.3680761695e-01    1.0057714967e+03    1.0050000000e+03    3.3333333333e-01   -1.0512190991e+01    9.8067919525e-01    9.9502487562e-01
        79   -1.0536430387e+01    3.4096589208e-01    1.0025521997e+03    1.0020000000e+03    3.3333333333e-01   -1.0510478697e+01    9.7865542171e-01    9.9600798403e-01
        80   -1.0554966213e+01    3.4202471001e-01    1.0047894080e+03    1.0040000000e+03    3.3333333333e-01   -1.0507405907e+01    9.7430044800e-01    9.9601593625e-01
        81   -1.0527206288e+01    3.2002313920e-01    1.0035937267e+03    1.0030000000e+03    3.3333333333e-01   -1.0510067602e+01    9.7774210089e-01    9.9700897308e-01
        82   -1.0528558238e+01    3.5620048055e-01    1.0053517391e+03    1.0050000000e+03    3.3333333333e-01   -1.0508847881e+01    9.7984325997e-01    9.9502487562e-01
        83   -1.0512341946e+01    4.3297491748e-01    1.0062156472e+03    1.0060000000e+03    6.6666666667e-01   -1.0510591417e+01    9.7293135497e-01    9.9801192843e-01
        84   -1.0514527894e+01    3.8437606973e-01    1.0050118222e+03    1.0050000000e+03    3.3333333333e-01   -1.0511190537e+01    9.8014643646e-01    9.9203980100e-01
        85   -1.0532640391e+01    3.4655358604e-01    1.0023132232e+03    1.0020000000e+03    6.6666666667e-01   -1.0509775236e+01    9.8017715532e-01    9.9401197605e-01
        86   -1.0521635631e+01    3.4015867730e-01    9.9740868978e+02    9.9700000000e+02    3.3333333333e-01   -1.0507149330e+01    9.7734253341e-01    9.9498495486e-01
        87   -1.0515924354e+01    3.7323537797e-01    9.9532811648e+02    9.9500000000e+02    3.3333333333e-01   -1.0502140826e+01    9.7449693789e-01    9.9798994975e-01
        88   -1.0529717003e+01    3.5713091839e-01    9.9744155729e+02    9.9700000000e+02    6.6666666667e-01   -1.0499868438e+01    9.7892684967e-01    9.9799398195e-01
        89   -1.0518142036e+01    3.7027597488e-01    1.0004206093e+03    1.0000000000e+03    6.6666666667e-01   -1.0502010551e+01    9.7502664055e-01    9.9700000000e-01
        90   -1.0547355274e+01    3.4188668156e-01    1.0005158892e+03    1.0000000000e+03    3.3333333333e-01   -1.0504847839e+01    9.7774803117e-01    9.9700000000e-01
        91   -1.0534081085e+01    3.2858353709e-01    9.9867075128e+02    9.9800000000e+02    0.0000000000e+00   -1.0505213658e+01    9.8138340078e-01    9.9198396794e-01
        92   -1.0518547726e+01    3.5284788864e-01    9.9445601261e+02    9.9400000000e+02    6.6666666667e-01   -1.0503446472e+01    9.7652112763e-01    9.9597585513e-01
        93   -1.0527280164e+01    4.0058500751e-01    9.9647288761e+02    9.9600000000e+02    3.3333333333e-01   -1.0499080955e+01    9.7914195456e-01    9.9297188755e-01
        94   -1.0574307131e+01    3.5554693915e-01    9.9498326498e+02    9.9400000000e+02    6.6666666667e-01   -1.0501092469e+01    9.7355113829e-01    9.9698189135e-01
        95   -1.0526889297e+01    3.6693190857e-01    1.0000152014e+03    9.9900000000e+02    6.6666666667e-01   -1.0500209319e+01    9.7779672037e-01    9.9399399399e-01
        96   -1.0540168733e+01    3.3763849928e-01    9.9555564882e+02    9.9500000000e+02    3.3333333333e-01   -1.0505226699e+01    9.7997420278e-01    9.9195979899e-01
        97   -1.0530913289e+01    3.5543925353e-01    9.9372679744e+02    9.9300000000e+02    3.3333333333e-01   -1.0500903224e+01    9.7521443378e-01    9.9899295065e-01
        98   -1.0530185165e+01    3.7561586264e-01    9.9860753883e+02    9.9800000000e+02    3.3333333333e-01   -1.0499088099e+01    9.8085210722e-01    9.9699398798e-01
        99   -1.0543576529e+01    3.9793835953e-01    9.9763013789e+02    9.9700000000e+02    3.3333333333e-01   -1.0504001396e+01    9.8253360768e-01    9.9398194584e-01
