#   index    LocalEnergy         LocalEnergy_sq      LocalPotential      Kinetic             LocalECP            NonLocalECP         ElecElec            IonIon              BlockWeight         BlockCPU            AcceptRatio         
         0   -1.0534585670e+01    1.1134140799e+02   -2.2000732267e+01    1.1466146596e+01   -7.0209217727e+00    5.3695891974e-01   -2.7411019738e+00   -1.2775667440e+01    1.0232947045e+04    3.7706690500e-01    9.9518384510e-01
         1   -1.0530824411e+01    1.1124893408e+02   -2.2029877744e+01    1.1499053332e+01   -7.0326179493e+00    5.0288803368e-01   -2.7244803877e+00   -1.2775667440e+01    1.0237915598e+04    3.7438524600e-01    9.9473619932e-01
         2   -1.0541739470e+01    1.1148765013e+02   -2.1844257336e+01    1.1302517866e+01   -6.9288428271e+00    5.5923959190e-01   -2.6989866609e+00   -1.2775667440e+01    1.0289799139e+04    3.7419562900e-01    9.9497084548e-01
         3   -1.0535078588e+01    1.1135607440e+02   -2.1974205247e+01    1.1439126658e+01   -7.0943012374e+00    5.7891632077e-01   -2.6831528899e+00   -1.2775667440e+01    1.0269145824e+04    3.7732262300e-01    9.9460808179e-01
         4   -1.0527803425e+01    1.1122537249e+02   -2.2039280851e+01    1.1511477426e+01   -7.2007088967e+00    6.2060075230e-01   -2.6835052667e+00   -1.2775667440e+01    1.0281764255e+04    3.8061101000e-01    9.9451765049e-01
         5   -1.0525051671e+01    1.1112561146e+02   -2.2049404047e+01    1.1524352376e+01   -7.1702264969e+00    5.7052443254e-01   -2.6740345428e+00   -1.2775667440e+01    1.0316300789e+04    3.7993097100e-01    9.9502083737e-01
         6   -1.0518671475e+01    1.1101302022e+02   -2.2017321794e+01    1.1498650319e+01   -7.1406956282e+00    5.8254834233e-01   -2.6835070676e+00   -1.2775667440e+01    1.0331888919e+04    3.8379354700e-01    9.9498016257e-01
         7   -1.0529189553e+01    1.1122813007e+02   -2.2165428778e+01    1.1636239225e+01   -7.3338731120e+00    6.1078826264e-01   -2.6666764879e+00   -1.2775667440e+01    1.0351849344e+04    3.8295611000e-01    9.9454264464e-01
         8   -1.0529973775e+01    1.1124088932e+02   -2.2077018384e+01    1.1547044608e+01   -7.2720986917e+00    6.3201987312e-01   -2.6612721248e+00   -1.2775667440e+01    1.0354853588e+04    3.8476032400e-01    9.9480977211e-01
         9   -1.0535366420e+01    1.1138509362e+02   -2.1903006028e+01    1.1367639607e+01   -7.0185654876e+00    5.6624173486e-01   -2.6750148348e+00   -1.2775667440e+01    1.0377959726e+04    3.8637980600e-01    9.9461653338e-01
        10   -1.0539586668e+01    1.1144919739e+02   -2.2029752957e+01    1.1490166290e+01   -7.2257252220e+00    6.4900380254e-01   -2.6773640974e+00   -1.2775667440e+01    1.0370631227e+04    3.8370550200e-01    9.9479317327e-01
        11   -1.0525266341e+01    1.1120605940e+02   -2.2165896959e+01    1.1640630617e+01   -7.3425631428e+00    6.1422544777e-01   -2.6618918235e+00   -1.2775667440e+01    1.0336387858e+04    3.8060704700e-01    9.9455890888e-01
        12   -1.0526808406e+01    1.1119422187e+02   -2.2150099925e+01    1.1623291518e+01   -7.3294474701e+00    5.8937661590e-01   -2.6343616303e+00   -1.2775667440e+01    1.0301068360e+04    3.8016579900e-01    9.9507377208e-01
        13   -1.0527975707e+01    1.1122960325e+02   -2.2064959698e+01    1.1536983990e+01   -7.1962009682e+00    5.8019812985e-01   -2.6732894190e+00   -1.2775667440e+01    1.0318024062e+04    3.8069800200e-01    9.9460945828e-01
        14   -1.0532042782e+01    1.1128191825e+02   -2.2064712394e+01    1.1532669611e+01   -7.1857000356e+00    6.0840420248e-01   -2.7117491206e+00   -1.2775667440e+01    1.0298424880e+04    3.8071494600e-01    9.9463540150e-01
        15   -1.0543604669e+01    1.1154624802e+02   -2.2023813078e+01    1.1480208409e+01   -7.1238930879e+00    6.0664270470e-01   -2.7308952549e+00   -1.2775667440e+01    1.0311642022e+04    3.8770410500e-01    9.9453253807e-01
        16   -1.0544598877e+01    1.1157665371e+02   -2.2073400817e+01    1.1528801940e+01   -7.3065115203e+00    7.1136318658e-01   -2.7025850430e+00   -1.2775667440e+01    1.0325324948e+04    3.8247785700e-01    9.9447941889e-01
        17   -1.0540784256e+01    1.1146526805e+02   -2.2025887182e+01    1.1485102926e+01   -7.1971336290e+00    6.9285526610e-01   -2.7459413786e+00   -1.2775667440e+01    1.0290229132e+04    3.7923356600e-01    9.9470359572e-01
        18   -1.0541485167e+01    1.1149133222e+02   -2.2028502739e+01    1.1487017572e+01   -7.1996890480e+00    6.9965834139e-01   -2.7528045925e+00   -1.2775667440e+01    1.0279521242e+04    3.8612136700e-01    9.9486817784e-01
        19   -1.0524176113e+01    1.1111444618e+02   -2.2052300126e+01    1.1528124013e+01   -7.1228341969e+00    5.7169508185e-01   -2.7254935705e+00   -1.2775667440e+01    1.0288615962e+04    3.8342951600e-01    9.9474003887e-01
        20   -1.0557610540e+01    1.1182807133e+02   -2.1886926692e+01    1.1329316151e+01   -6.9599765779e+00    5.8222195932e-01   -2.7335046330e+00   -1.2775667440e+01    1.0274967771e+04    3.8276622100e-01    9.9510853694e-01
        21   -1.0531131631e+01    1.1128686410e+02   -2.1776332744e+01    1.1245201113e+01   -6.8919761391e+00    5.9171467475e-01   -2.7004038392e+00   -1.2775667440e+01    1.0286576144e+04    3.8276092200e-01    9.9470205113e-01
        22   -1.0505052719e+01    1.1073712830e+02   -2.1906472838e+01    1.1401420118e+01   -7.0698092478e+00    6.1292301503e-01   -2.6739191646e+00   -1.2775667440e+01    1.0221153270e+04    3.8021711000e-01    9.9422926448e-01
        23   -1.0497592888e+01    1.1058801962e+02   -2.1966293021e+01    1.1468700133e+01   -7.1872258065e+00    6.4622209121e-01   -2.6496218660e+00   -1.2775667440e+01    1.0261432238e+04    3.8988450200e-01    9.9497077448e-01
        24   -1.0500241900e+01    1.1066178177e+02   -2.1835484649e+01    1.1335242749e+01   -7.0384612980e+00    6.0665367792e-01   -2.6280095891e+00   -1.2775667440e+01    1.0262423475e+04    3.8330512000e-01    9.9437463472e-01
        25   -1.0536357281e+01    1.1142587269e+02   -2.1873023510e+01    1.1336666229e+01   -7.0900158264e+00    6.3008924638e-01   -2.6374294901e+00   -1.2775667440e+01    1.0219016747e+04    3.7956502900e-01    9.9522900763e-01
        26   -1.0535289421e+01    1.1137965978e+02   -2.1911402594e+01    1.1376113173e+01   -7.0511259728e+00    5.8629692551e-01   -2.6709061060e+00   -1.2775667440e+01    1.0208907518e+04    3.7866203900e-01    9.9452635188e-01
        27   -1.0529877495e+01    1.1124496976e+02   -2.2068789265e+01    1.1538911770e+01   -7.1537407151e+00    5.4243834573e-01   -2.6818194553e+00   -1.2775667440e+01    1.0225130968e+04    3.8414359300e-01    9.9438875306e-01
        28   -1.0534924264e+01    1.1137393046e+02   -2.2124321066e+01    1.1589396803e+01   -7.2921861857e+00    6.2467584406e-01   -2.6811432845e+00   -1.2775667440e+01    1.0270143856e+04    3.8396791900e-01    9.9526533593e-01
        29   -1.0521835896e+01    1.1110303015e+02   -2.2149914172e+01    1.1628078276e+01   -7.2807904184e+00    6.0500369557e-01   -2.6984600090e+00   -1.2775667440e+01    1.0307587252e+04    3.8762120300e-01    9.9506499175e-01
        30   -1.0526009046e+01    1.1113250332e+02   -2.2000460640e+01    1.1474451594e+01   -7.0833503762e+00    5.7142312950e-01   -2.7128659534e+00   -1.2775667440e+01    1.0321609638e+04    3.8749764600e-01    9.9538651555e-01
        31   -1.0550077117e+01    1.1165014932e+02   -2.2124534487e+01    1.1574457370e+01   -7.2421292542e+00    5.8526082114e-01   -2.6919986135e+00   -1.2775667440e+01    1.0351993052e+04    3.8924430400e-01    9.9501255917e-01
        32   -1.0531962800e+01    1.1133315730e+02   -2.2174808365e+01    1.1642845566e+01   -7.3101462647e+00    5.8096304053e-01   -2.6699577010e+00   -1.2775667440e+01    1.0368913312e+04    3.9366295300e-01    9.9487704918e-01
        33   -1.0546941610e+01    1.1159836707e+02   -2.2141445148e+01    1.1594503538e+01   -7.3190653127e+00    6.2338728197e-01   -2.6700996773e+00   -1.2775667440e+01    1.0294881101e+04    3.8391510000e-01    9.9516708762e-01
        34   -1.0522062689e+01    1.1107829467e+02   -2.2190705109e+01    1.1668642421e+01   -7.4312137467e+00    6.1334533085e-01   -2.5971692531e+00   -1.2775667440e+01    1.0223457166e+04    3.8368577700e-01    9.9466940532e-01
        35   -1.0506443488e+01    1.1074128717e+02   -2.2266736324e+01    1.1760292836e+01   -7.4367013235e+00    5.5871140428e-01   -2.6130789640e+00   -1.2775667440e+01    1.0240562931e+04    3.8359565200e-01    9.9481353119e-01
        36   -1.0515353186e+01    1.1096668003e+02   -2.2069640859e+01    1.1554287674e+01   -7.2370744679e+00    5.9004637922e-01   -2.6469453303e+00   -1.2775667440e+01    1.0231526034e+04    3.7551081200e-01    9.9425877064e-01
        37   -1.0517221399e+01    1.1100803299e+02   -2.2159142398e+01    1.1641920999e+01   -7.3540625939e+00    6.1915611127e-01   -2.6485684752e+00   -1.2775667440e+01    1.0236654913e+04    3.7933508800e-01    9.9435924985e-01
        38   -1.0529074890e+01    1.1125101526e+02   -2.2254930393e+01    1.1725855502e+01   -7.4408316776e+00    6.0377858561e-01   -2.6422098605e+00   -1.2775667440e+01    1.0170707462e+04    3.7512534500e-01    9.9441986234e-01
        39   -1.0516354138e+01    1.1097969129e+02   -2.2123693607e+01    1.1607339468e+01   -7.3464266822e+00    5.9871753652e-01   -2.6003170209e+00   -1.2775667440e+01    1.0159465104e+04    3.7426118900e-01    9.9459891732e-01
        40   -1.0524085952e+01    1.1112949579e+02   -2.2193034976e+01    1.1668949024e+01   -7.4323135906e+00    6.6960619272e-01   -2.6546601380e+00   -1.2775667440e+01    1.0153365636e+04    3.7775643800e-01    9.9441051906e-01
        41   -1.0533491136e+01    1.1131857610e+02   -2.2004488994e+01    1.1470997858e+01   -7.2647012522e+00    6.8819650705e-01   -2.6523168086e+00   -1.2775667440e+01    1.0119435899e+04    3.8808788600e-01    9.9518185412e-01
        42   -1.0537169917e+01    1.1143356667e+02   -2.2262069460e+01    1.1724899543e+01   -7.4528554931e+00    6.2654910999e-01   -2.6600956366e+00   -1.2775667440e+01    1.0027904093e+04    3.7762894600e-01    9.9511221945e-01
        43   -1.0563601189e+01    1.1198410621e+02   -2.2173407456e+01    1.1609806267e+01   -7.3356386322e+00    6.2515136621e-01   -2.6872527499e+00   -1.2775667440e+01    1.0046109721e+04    3.7751271800e-01    9.9487102878e-01
        44   -1.0533790590e+01    1.1140715278e+02   -2.2150484264e+01    1.1616693674e+01   -7.2816247106e+00    6.1582329639e-01   -2.7090154093e+00   -1.2775667440e+01    1.0098151271e+04    3.8333609700e-01    9.9463896593e-01
        45   -1.0543092802e+01    1.1154595119e+02   -2.2155760654e+01    1.1612667852e+01   -7.3312032984e+00    6.5360473249e-01   -2.7024946478e+00   -1.2775667440e+01    1.0182752579e+04    4.0453935100e-01    9.9479422454e-01
        46   -1.0552210750e+01    1.1174214030e+02   -2.2101020337e+01    1.1548809588e+01   -7.2598091573e+00    6.2409497647e-01   -2.6896387160e+00   -1.2775667440e+01    1.0124164161e+04    4.0897870000e-01    9.9428169153e-01
        47   -1.0549416846e+01    1.1165960141e+02   -2.2109593513e+01    1.1560176667e+01   -7.3101448772e+00    6.0365860489e-01   -2.6274398008e+00   -1.2775667440e+01    1.0164560152e+04    4.1273023900e-01    9.9526421964e-01
        48   -1.0540288788e+01    1.1145838190e+02   -2.2035443000e+01    1.1495154212e+01   -7.2781581697e+00    6.3774784577e-01   -2.6193652356e+00   -1.2775667440e+01    1.0193573960e+04    4.1338328100e-01    9.9479984301e-01
        49   -1.0537003941e+01    1.1141809631e+02   -2.2130183063e+01    1.1593179122e+01   -7.3429229830e+00    6.4827246587e-01   -2.6598651052e+00   -1.2775667440e+01    1.0168146889e+04    4.0509418600e-01    9.9467640405e-01
        50   -1.0529140778e+01    1.1124193115e+02   -2.2078941222e+01    1.1549800444e+01   -7.3628310311e+00    6.8494970149e-01   -2.6253924519e+00   -1.2775667440e+01    1.0218924094e+04    4.1225899500e-01    9.9475242196e-01
        51   -1.0526817050e+01    1.1118939375e+02   -2.2106825350e+01    1.1580008301e+01   -7.2981181177e+00    6.2634031376e-01   -2.6593801059e+00   -1.2775667440e+01    1.0130469871e+04    4.0168727900e-01    9.9479269497e-01
        52   -1.0522538251e+01    1.1111632116e+02   -2.2012651235e+01    1.1490112984e+01   -7.2008455227e+00    6.2661267337e-01   -2.6627509458e+00   -1.2775667440e+01    1.0133241173e+04    4.0422620900e-01    9.9473255699e-01
        53   -1.0508001334e+01    1.1078002618e+02   -2.2055433918e+01    1.1547432584e+01   -7.1496744761e+00    5.7049923863e-01   -2.7005912408e+00   -1.2775667440e+01    1.0127816806e+04    4.0740481700e-01    9.9445897917e-01
        54   -1.0511564250e+01    1.1085578153e+02   -2.2112203617e+01    1.1600639367e+01   -7.2628785719e+00    6.1210436957e-01   -2.6857619748e+00   -1.2775667440e+01    1.0093368181e+04    4.0314832300e-01    9.9434069744e-01
        55   -1.0526501162e+01    1.1123684115e+02   -2.2027299968e+01    1.1500798806e+01   -7.1328676383e+00    5.7623536738e-01   -2.6950002571e+00   -1.2775667440e+01    1.0080146483e+04    4.1086082600e-01    9.9438188312e-01
        56   -1.0530002607e+01    1.1125181796e+02   -2.2091234743e+01    1.1561232136e+01   -7.2106942605e+00    5.8412882056e-01   -2.6890018624e+00   -1.2775667440e+01    1.0107265760e+04    4.0468134500e-01    9.9468137740e-01
        57   -1.0547607677e+01    1.1165104013e+02   -2.1951392016e+01    1.1403784339e+01   -7.1365771933e+00    6.0885996727e-01   -2.6480073496e+00   -1.2775667440e+01    1.0119808477e+04    4.0544016900e-01    9.9519373332e-01
        58   -1.0515206989e+01    1.1097477518e+02   -2.1927768280e+01    1.1412561290e+01   -7.1006713741e+00    5.5977575256e-01   -2.6112052178e+00   -1.2775667440e+01    1.0064378538e+04    4.0659950000e-01    9.9504421701e-01
        59   -1.0493651155e+01    1.1061694184e+02   -2.1923448916e+01    1.1429797760e+01   -7.0547928872e+00    5.4216852060e-01   -2.6351571088e+00   -1.2775667440e+01    1.0061126263e+04    4.0035731400e-01    9.9426115473e-01
        60   -1.0536592559e+01    1.1146340794e+02   -2.2091708066e+01    1.1555115507e+01   -7.1558986056e+00    5.1602089499e-01   -2.6761629147e+00   -1.2775667440e+01    1.0028311435e+04    3.9839084400e-01    9.9436465191e-01
        61   -1.0524523569e+01    1.1119964401e+02   -2.2099534775e+01    1.1575011205e+01   -7.2125084160e+00    5.8732897006e-01   -2.6986878887e+00   -1.2775667440e+01    1.0021699750e+04    4.0426358800e-01    9.9422405190e-01
        62   -1.0526504644e+01    1.1121127116e+02   -2.2126845231e+01    1.1600340587e+01   -7.2733646620e+00    6.0340295276e-01   -2.6812160815e+00   -1.2775667440e+01    1.0040678968e+04    4.0149957500e-01    9.9474549258e-01
        63   -1.0519531094e+01    1.1108141465e+02   -2.2076457964e+01    1.1556926871e+01   -7.2519712235e+00    5.4898794890e-01   -2.5978072494e+00   -1.2775667440e+01    1.0073522902e+04    4.0921922000e-01    9.9497418842e-01
        64   -1.0509497513e+01    1.1080865467e+02   -2.2038604293e+01    1.1529106779e+01   -7.1649870522e+00    5.4418397125e-01   -2.6421337716e+00   -1.2775667440e+01    1.0022117864e+04    4.0476871200e-01    9.9406306127e-01
        65   -1.0495687298e+01    1.1052633107e+02   -2.2067705199e+01    1.1572017901e+01   -7.1801561902e+00    5.6360457877e-01   -2.6754861473e+00   -1.2775667440e+01    9.9286198703e+03    3.9586073700e-01    9.9454879645e-01
        66   -1.0497412370e+01    1.1057715509e+02   -2.2031170848e+01    1.1533758479e+01   -7.2250537909e+00    6.4353138360e-01   -2.6739810006e+00   -1.2775667440e+01    9.9418380016e+03    4.0460981900e-01    9.9494568497e-01
        67   -1.0509388473e+01    1.1082184006e+02   -2.2077774144e+01    1.1568385671e+01   -7.1994298670e+00    5.7214351796e-01   -2.6748203548e+00   -1.2775667440e+01    9.8765812043e+03    3.9887266100e-01    9.9456962025e-01
        68   -1.0521082034e+01    1.1107146705e+02   -2.1964159460e+01    1.1443077426e+01   -7.0838015714e+00    5.8955739526e-01   -2.6942478437e+00   -1.2775667440e+01    1.0036464339e+04    4.0075918100e-01    9.9419531639e-01
        69   -1.0516267192e+01    1.1095895711e+02   -2.1932164399e+01    1.1415897207e+01   -7.1291731671e+00    6.5673273437e-01   -2.6840565260e+00   -1.2775667440e+01    1.0068698163e+04    4.0516021900e-01    9.9484753675e-01
        70   -1.0492114212e+01    1.1047459752e+02   -2.2015759850e+01    1.1523645638e+01   -7.1673845509e+00    5.5661274462e-01   -2.6293206035e+00   -1.2775667440e+01    1.0082064480e+04    4.0528899200e-01    9.9460779453e-01
        71   -1.0522018166e+01    1.1107875922e+02   -2.2061458250e+01    1.1539440083e+01   -7.2442137333e+00    5.7779304294e-01   -2.6193701189e+00   -1.2775667440e+01    1.0095577917e+04    4.0137422400e-01    9.9456414066e-01
        72   -1.0528154747e+01    1.1123522378e+02   -2.1987137891e+01    1.1458983144e+01   -7.2369717668e+00    6.9609805444e-01   -2.6705967379e+00   -1.2775667440e+01    1.0069651170e+04    4.0619179500e-01    9.9524483512e-01
        73   -1.0528703610e+01    1.1119565581e+02   -2.1898456337e+01    1.1369752726e+01   -7.0613237286e+00    6.3317072501e-01   -2.6946358927e+00   -1.2775667440e+01    1.0139276804e+04    4.0436978000e-01    9.9506806076e-01
        74   -1.0533078146e+01    1.1132214164e+02   -2.1949469649e+01    1.1416391503e+01   -7.0559603270e+00    6.0626082816e-01   -2.7241027102e+00   -1.2775667440e+01    1.0163431765e+04    4.0667342800e-01    9.9485829561e-01
        75   -1.0511831028e+01    1.1088701600e+02   -2.2127706299e+01    1.1615875272e+01   -7.2936920923e+00    6.0532805052e-01   -2.6636748174e+00   -1.2775667440e+01    1.0217806053e+04    4.1559105400e-01    9.9434876211e-01
        76   -1.0506918937e+01    1.1077456059e+02   -2.2079705319e+01    1.1572786382e+01   -7.3031243272e+00    6.5055718265e-01   -2.6514707341e+00   -1.2775667440e+01    1.0228007037e+04    4.0767519300e-01    9.9525904203e-01
        77   -1.0525661681e+01    1.1115682582e+02   -2.2094949873e+01    1.1569288191e+01   -7.3800038899e+00    7.0280759751e-01   -2.6420861403e+00   -1.2775667440e+01    1.0247717724e+04    4.1166765900e-01    9.9496243169e-01
        78   -1.0534573265e+01    1.1135784376e+02   -2.1996845923e+01    1.1462272658e+01   -7.2176398537e+00    6.9535345207e-01   -2.6988920812e+00   -1.2775667440e+01    1.0295344686e+04    4.1940540500e-01    9.9496114619e-01
        79   -1.0528261245e+01    1.1123985771e+02   -2.1916457514e+01    1.1388196269e+01   -7.1304424114e+00    6.8293118212e-01   -2.6932788448e+00   -1.2775667440e+01    1.0304426552e+04    4.1054006300e-01    9.9465065502e-01
        80   -1.0534061339e+01    1.1133060407e+02   -2.2092782391e+01    1.1558721052e+01   -7.2958471483e+00    6.7399508047e-01   -2.6952628832e+00   -1.2775667440e+01    1.0351786865e+04    4.1690559500e-01    9.9469909196e-01
        81   -1.0522224431e+01    1.1112687234e+02   -2.2178378738e+01    1.1656154307e+01   -7.3629033943e+00    6.2339847456e-01   -2.6632063784e+00   -1.2775667440e+01    1.0384081909e+04    4.1826745300e-01    9.9457202003e-01
        82   -1.0537052274e+01    1.1144588901e+02   -2.2249242605e+01    1.1712190332e+01   -7.3490228632e+00    5.2777552574e-01   -2.6523278277e+00   -1.2775667440e+01    1.0403321189e+04    4.1357031200e-01    9.9441320646e-01
        83   -1.0544038914e+01    1.1162439572e+02   -2.2244313008e+01    1.1700274094e+01   -7.4134073716e+00    6.1292412532e-01   -2.6681623220e+00   -1.2775667440e+01    1.0449909447e+04    4.2363892100e-01    9.9461722488e-01
        84   -1.0519901374e+01    1.1107278525e+02   -2.2193963601e+01    1.1674062227e+01   -7.3791758277e+00    6.1462387347e-01   -2.6537442067e+00   -1.2775667440e+01    1.0407148482e+04    4.1439542200e-01    9.9494476465e-01
        85   -1.0513004346e+01    1.1088138197e+02   -2.2069096315e+01    1.1556091970e+01   -7.2613289326e+00    6.3028286150e-01   -2.6623828039e+00   -1.2775667440e+01    1.0319690202e+04    4.1141442800e-01    9.9458680488e-01
        86   -1.0518032506e+01    1.1099438688e+02   -2.2134627106e+01    1.1616594600e+01   -7.3235509724e+00    6.1572919114e-01   -2.6511378843e+00   -1.2775667440e+01    1.0192528543e+04    4.1089916700e-01    9.9480035318e-01
        87   -1.0530141240e+01    1.1126467442e+02   -2.2152419102e+01    1.1622277862e+01   -7.3201970687e+00    5.8582702708e-01   -2.6423816205e+00   -1.2775667440e+01    1.0173872515e+04    4.0215820000e-01    9.9488843016e-01
        88   -1.0534044122e+01    1.1134356967e+02   -2.1990755159e+01    1.1456711037e+01   -7.2031855933e+00    6.4427798663e-01   -2.6561801118e+00   -1.2775667440e+01    1.0235103671e+04    4.0606752600e-01    9.9411276138e-01
        89   -1.0518592302e+01    1.1099926923e+02   -2.1910311121e+01    1.1391718819e+01   -7.1725173328e+00    6.8147118130e-01   -2.6435975289e+00   -1.2775667440e+01    1.0238767202e+04    4.1236809100e-01    9.9523925781e-01
        90   -1.0531583414e+01    1.1131425303e+02   -2.2059664533e+01    1.1528081119e+01   -7.2060246550e+00    6.2079521820e-01   -2.6987676561e+00   -1.2775667440e+01    1.0195848359e+04    4.1830948600e-01    9.9454389407e-01
        91   -1.0522958461e+01    1.1110173665e+02   -2.1991285897e+01    1.1468327435e+01   -7.1507381067e+00    6.4060758488e-01   -2.7054879349e+00   -1.2775667440e+01    1.0129535862e+04    4.0801898900e-01    9.9455770560e-01
        92   -1.0531035599e+01    1.1126932422e+02   -2.1882931021e+01    1.1351895421e+01   -7.0463848222e+00    6.2148247759e-01   -2.6823612357e+00   -1.2775667440e+01    1.0104713638e+04    4.1049482400e-01    9.9496436702e-01
        93   -1.0534712308e+01    1.1133610207e+02   -2.1789506262e+01    1.1254793954e+01   -6.9237203595e+00    6.2222240106e-01   -2.7123408635e+00   -1.2775667440e+01    1.0126011884e+04    4.0588778700e-01    9.9517236270e-01
        94   -1.0511060966e+01    1.1085873446e+02   -2.1946168764e+01    1.1435107798e+01   -7.0657336760e+00    5.7976784099e-01   -2.6845354884e+00   -1.2775667440e+01    1.0128682952e+04    4.0973562100e-01    9.9447131997e-01
        95   -1.0507554265e+01    1.1082227637e+02   -2.1861370843e+01    1.1353816578e+01   -7.0044749219e+00    6.0591217007e-01   -2.6871406511e+00   -1.2775667440e+01    1.0143930285e+04    4.0439704000e-01    9.9473878758e-01
        96   -1.0526531773e+01    1.1117836574e+02   -2.1951797147e+01    1.1425265374e+01   -7.0679571666e+00    5.7802472723e-01   -2.6861972672e+00   -1.2775667440e+01    1.0110020210e+04    4.0047260100e-01    9.9481897319e-01
        97   -1.0554715655e+01    1.1173963582e+02   -2.1891236878e+01    1.1336521223e+01   -6.9389312880e+00    5.5692457882e-01   -2.7335627283e+00   -1.2775667440e+01    1.0117179842e+04    4.0383731600e-01    9.9441313161e-01
        98   -1.0533410601e+01    1.1132879063e+02   -2.1914195715e+01    1.1380785114e+01   -7.0431970995e+00    6.0094797462e-01   -2.6962791499e+00   -1.2775667440e+01    1.0126729093e+04    4.0095079400e-01    9.9462962963e-01
        99   -1.0518947528e+01    1.1101654737e+02   -2.2085358723e+01    1.1566411195e+01   -7.2177504303e+00    5.8149415443e-01   -2.6734350068e+00   -1.2775667440e+01    1.0119408338e+04    4.0633825100e-01    9.9484879929e-01
       100   -1.0545166150e+01    1.1155721917e+02   -2.1897257260e+01    1.1352091110e+01   -7.0327166670e+00    6.1142023600e-01   -2.7002933887e+00   -1.2775667440e+01    1.0224065267e+04    4.1684919600e-01    9.9460721972e-01
       101   -1.0533263281e+01    1.1131608509e+02   -2.1928984642e+01    1.1395721361e+01   -7.0984334732e+00    6.1097423520e-01   -2.6658579636e+00   -1.2775667440e+01    1.0328675938e+04    4.1594183800e-01    9.9454206603e-01
       102   -1.0507376882e+01    1.1078464310e+02   -2.2046853746e+01    1.1539476863e+01   -7.2239495235e+00    5.9946133919e-01   -2.6466981211e+00   -1.2775667440e+01    1.0342301836e+04    4.1628931000e-01    9.9436926051e-01
       103   -1.0517081219e+01    1.1096702278e+02   -2.2018533309e+01    1.1501452090e+01   -7.2570843710e+00    6.3334019882e-01   -2.6191216963e+00   -1.2775667440e+01    1.0334817738e+04    4.1894441600e-01    9.9540485634e-01
       104   -1.0517897212e+01    1.1101338383e+02   -2.2249221123e+01    1.1731323911e+01   -7.4357892769e+00    6.1303209286e-01   -2.6507964986e+00   -1.2775667440e+01    1.0384928572e+04    4.1359994600e-01    9.9458457687e-01
       105   -1.0513164168e+01    1.1091800692e+02   -2.2242958430e+01    1.1729794262e+01   -7.4713314984e+00    6.2301140135e-01   -2.6189708931e+00   -1.2775667440e+01    1.0349287109e+04    4.1395686200e-01    9.9472324189e-01
       106   -1.0508181783e+01    1.1078487663e+02   -2.2254404961e+01    1.1746223178e+01   -7.4974806543e+00    6.6318308922e-01   -2.6444399558e+00   -1.2775667440e+01    1.0286853021e+04    4.0672209800e-01    9.9528622801e-01
       107   -1.0514605225e+01    1.1094693727e+02   -2.2218222427e+01    1.1703617201e+01   -7.4639354590e+00    6.7143402446e-01   -2.6500535519e+00   -1.2775667440e+01    1.0257295090e+04    4.0901555700e-01    9.9448045618e-01
       108   -1.0527646011e+01    1.1125186526e+02   -2.2164200103e+01    1.1636554092e+01   -7.3383403794e+00    6.2352422795e-01   -2.6737165115e+00   -1.2775667440e+01    1.0170692434e+04    4.0789448600e-01    9.9445673550e-01
       109   -1.0525348017e+01    1.1118853876e+02   -2.1982342235e+01    1.1456994218e+01   -7.2228473348e+00    6.8151833025e-01   -2.6653457900e+00   -1.2775667440e+01    1.0070497308e+04    3.9816747500e-01    9.9463700467e-01
       110   -1.0532305391e+01    1.1144202751e+02   -2.2054466891e+01    1.1522161501e+01   -7.2934537006e+00    6.2334243004e-01   -2.6086881805e+00   -1.2775667440e+01    1.0106665915e+04    3.9898584000e-01    9.9518802573e-01
       111   -1.0521872164e+01    1.1109571238e+02   -2.2065734072e+01    1.1543861908e+01   -7.2682110014e+00    5.7353775517e-01   -2.5953933854e+00   -1.2775667440e+01    1.0122745559e+04    4.0659349700e-01    9.9487502470e-01
       112   -1.0520692958e+01    1.1106440835e+02   -2.2129037863e+01    1.1608344906e+01   -7.2729482929e+00    5.6114905545e-01   -2.6415711856e+00   -1.2775667440e+01    1.0151295263e+04    4.0496890000e-01    9.9477883952e-01
       113   -1.0533756573e+01    1.1129682640e+02   -2.2025118488e+01    1.1491361915e+01   -7.2304866071e+00    6.3774113336e-01   -2.6567055736e+00   -1.2775667440e+01    1.0207125933e+04    4.0740717600e-01    9.9480697629e-01
       114   -1.0514030115e+01    1.1091171082e+02   -2.2066856140e+01    1.1552826025e+01   -7.2485442655e+00    6.2830438341e-01   -2.6709488175e+00   -1.2775667440e+01    1.0321113051e+04    4.2214682100e-01    9.9556814879e-01
       115   -1.0520038062e+01    1.1106196538e+02   -2.2071274588e+01    1.1551236526e+01   -7.2585882110e+00    6.4377908902e-01   -2.6807980258e+00   -1.2775667440e+01    1.0358144336e+04    4.2181385200e-01    9.9494449807e-01
       116   -1.0528090674e+01    1.1121474294e+02   -2.2153642942e+01    1.1625552268e+01   -7.3438020651e+00    6.4617279067e-01   -2.6803462269e+00   -1.2775667440e+01    1.0371840828e+04    4.1925067400e-01    9.9451701533e-01
       117   -1.0539120213e+01    1.1145203897e+02   -2.2290511321e+01    1.1751391107e+01   -7.4920859304e+00    6.4794476894e-01   -2.6707027188e+00   -1.2775667440e+01    1.0360096916e+04    4.1852276800e-01    9.9463079151e-01
       118   -1.0529614248e+01    1.1128139052e+02   -2.2305525202e+01    1.1775910955e+01   -7.5495948892e+00    6.4747781244e-01   -2.6277406854e+00   -1.2775667440e+01    1.0341228154e+04    4.1397869600e-01    9.9435554051e-01
       119   -1.0552400315e+01    1.1172738882e+02   -2.2073759623e+01    1.1521359308e+01   -7.3165426062e+00    6.5693994858e-01   -2.6384895247e+00   -1.2775667440e+01    1.0359477365e+04    4.2053172000e-01    9.9485904615e-01
       120   -1.0531242172e+01    1.1125713664e+02   -2.2243455990e+01    1.1712213818e+01   -7.4720517384e+00    6.2265655049e-01   -2.6183933620e+00   -1.2775667440e+01    1.0353477706e+04    4.1325778100e-01    9.9494156848e-01
       121   -1.0527138215e+01    1.1118452058e+02   -2.2380804718e+01    1.1853666503e+01   -7.6513734465e+00    6.8990635123e-01   -2.6436701829e+00   -1.2775667440e+01    1.0386597995e+04    4.1028030300e-01    9.9472949557e-01
       122   -1.0536656171e+01    1.1142403605e+02   -2.2501706723e+01    1.1965050552e+01   -7.7284996334e+00    6.5495169027e-01   -2.6524913392e+00   -1.2775667440e+01    1.0462975918e+04    4.2576738100e-01    9.9391962920e-01
       123   -1.0515283733e+01    1.1094481314e+02   -2.2218539707e+01    1.1703255974e+01   -7.4320511913e+00    6.4402882130e-01   -2.6548498966e+00   -1.2775667440e+01    1.0469326904e+04    4.1835632800e-01    9.9439033706e-01
       124   -1.0535822306e+01    1.1135341716e+02   -2.2199239177e+01    1.1663416871e+01   -7.4029548852e+00    6.7927867038e-01   -2.6998955223e+00   -1.2775667440e+01    1.0441923065e+04    4.1388763100e-01    9.9444604041e-01
       125   -1.0544118022e+01    1.1155641164e+02   -2.2226236047e+01    1.1682118025e+01   -7.3304147993e+00    5.9854042172e-01   -2.7186942295e+00   -1.2775667440e+01    1.0371447821e+04    4.1580872100e-01    9.9449185228e-01
       126   -1.0536826641e+01    1.1214491074e+02   -2.2311988026e+01    1.1775161384e+01   -7.4102561266e+00    5.5417328682e-01   -2.6802377455e+00   -1.2775667440e+01    1.0372050835e+04    4.1060311500e-01    9.9444417663e-01
       127   -1.0541188041e+01    1.1149206941e+02   -2.2285371285e+01    1.1744183244e+01   -7.3908386704e+00    5.7100059461e-01   -2.6898657685e+00   -1.2775667440e+01    1.0374080996e+04    4.2100854700e-01    9.9471033353e-01
       128   -1.0532716727e+01    1.1131653740e+02   -2.2055064938e+01    1.1522348211e+01   -7.2077934368e+00    6.1404962808e-01   -2.6856536890e+00   -1.2775667440e+01    1.0370418359e+04    4.1820327900e-01    9.9478112043e-01
       129   -1.0531521314e+01    1.1125263938e+02   -2.2002350482e+01    1.1470829169e+01   -7.1328679860e+00    5.9320325133e-01   -2.6870183074e+00   -1.2775667440e+01    1.0251015217e+04    4.0774049700e-01    9.9487854843e-01
       130   -1.0537670363e+01    1.1142959755e+02   -2.2020488201e+01    1.1482817838e+01   -7.2103482356e+00    6.2634557718e-01   -2.6608181022e+00   -1.2775667440e+01    1.0136101868e+04    4.0840959100e-01    9.9485642392e-01
       131   -1.0533880525e+01    1.1131831042e+02   -2.2025405282e+01    1.1491524757e+01   -7.1962706364e+00    6.5581973021e-01   -2.7092869360e+00   -1.2775667440e+01    1.0153521552e+04    4.0034053400e-01    9.9500098503e-01
       132   -1.0538986663e+01    1.1147275193e+02   -2.1989170495e+01    1.1450183833e+01   -7.1697051573e+00    6.2734207767e-01   -2.6711399754e+00   -1.2775667440e+01    1.0188629028e+04    4.0659032400e-01    9.9472366742e-01
       133   -1.0545735015e+01    1.1157569816e+02   -2.2035570476e+01    1.1489835461e+01   -7.1384275360e+00    6.1038650906e-01   -2.7318620091e+00   -1.2775667440e+01    1.0185218342e+04    4.1454898900e-01    9.9483207306e-01
       134   -1.0548887870e+01    1.1164852127e+02   -2.1892523760e+01    1.1343635889e+01   -7.0507574985e+00    6.3839392398e-01   -2.7044927448e+00   -1.2775667440e+01    1.0179016352e+04    4.0437661100e-01    9.9471796384e-01
       135   -1.0499642259e+01    1.1065962073e+02   -2.1900243167e+01    1.1400600908e+01   -6.9679354632e+00    5.5398488380e-01   -2.7106251470e+00   -1.2775667440e+01    1.0186831975e+04    4.0980154000e-01    9.9472470311e-01
       136   -1.0523604223e+01    1.1111858040e+02   -2.1859331562e+01    1.1335727339e+01   -6.9846353784e+00    6.0289566651e-01   -2.7019244096e+00   -1.2775667440e+01    1.0112646243e+04    4.0870331100e-01    9.9511718750e-01
       137   -1.0524614073e+01    1.1113898586e+02   -2.1913387282e+01    1.1388773209e+01   -7.0930927332e+00    6.4441798498e-01   -2.6890450940e+00   -1.2775667440e+01    1.0092250345e+04    4.0770293600e-01    9.9482211872e-01
       138   -1.0498683921e+01    1.1059442806e+02   -2.1893013777e+01    1.1394329856e+01   -7.1183170325e+00    6.3655730011e-01   -2.6355866041e+00   -1.2775667440e+01    1.0087649199e+04    4.0580292100e-01    9.9493259986e-01
       139   -1.0509837577e+01    1.1082892410e+02   -2.1937643932e+01    1.1427806355e+01   -7.0968487547e+00    6.1150774393e-01   -2.6766354811e+00   -1.2775667440e+01    1.0121426826e+04    4.1486500900e-01    9.9465273661e-01
       140   -1.0516643670e+01    1.1096960660e+02   -2.2108445121e+01    1.1591801450e+01   -7.2362312787e+00    5.9235390861e-01   -2.6889003103e+00   -1.2775667440e+01    1.0077342924e+04    3.9924957800e-01    9.9480252059e-01
       141   -1.0539419942e+01    1.1147167520e+02   -2.2046823065e+01    1.1507403123e+01   -7.2593193159e+00    6.7365690470e-01   -2.6854932137e+00   -1.2775667440e+01    1.0054033476e+04    4.0273029700e-01    9.9507511690e-01
       142   -1.0542321917e+01    1.1152568386e+02   -2.1985782995e+01    1.1443461078e+01   -7.1518461178e+00    6.3366266640e-01   -2.6919321037e+00   -1.2775667440e+01    1.0023594938e+04    4.0181351400e-01    9.9458582834e-01
       143   -1.0543624789e+01    1.1155829701e+02   -2.2068450269e+01    1.1524825480e+01   -7.1734331505e+00    5.9111663888e-01   -2.7104663171e+00   -1.2775667440e+01    1.0039432064e+04    3.9531314200e-01    9.9438272220e-01
       144   -1.0530832421e+01    1.1127726543e+02   -2.2029921756e+01    1.1499089335e+01   -7.1332557148e+00    5.6970121163e-01   -2.6906998126e+00   -1.2775667440e+01    1.0025437144e+04    4.0127008000e-01    9.9380175596e-01
       145   -1.0527533814e+01    1.1121469175e+02   -2.2006558241e+01    1.1479024427e+01   -7.1559429435e+00    6.2943727540e-01   -2.7043851323e+00   -1.2775667440e+01    9.9419299705e+03    3.9658072900e-01    9.9446624409e-01
       146   -1.0507631143e+01    1.1079143172e+02   -2.2062848305e+01    1.1555217162e+01   -7.2075857831e+00    6.1467143000e-01   -2.6942665120e+00   -1.2775667440e+01    9.8557211600e+03    3.8883222300e-01    9.9455804749e-01
       147   -1.0540084823e+01    1.1149085109e+02   -2.2190440076e+01    1.1650355254e+01   -7.3289885883e+00    6.1271876856e-01   -2.6985028164e+00   -1.2775667440e+01    9.7806494316e+03    3.8885819800e-01    9.9428388747e-01
       148   -1.0537411498e+01    1.1140610266e+02   -2.2073352524e+01    1.1535941026e+01   -7.2286232281e+00    6.2501012954e-01   -2.6940719852e+00   -1.2775667440e+01    9.8172565091e+03    3.8866382700e-01    9.9454749287e-01
       149   -1.0526126702e+01    1.1118290405e+02   -2.2077833508e+01    1.1551706807e+01   -7.2620719608e+00    6.4804403256e-01   -2.6881381398e+00   -1.2775667440e+01    9.8974707790e+03    3.9177208200e-01    9.9469375379e-01
       150   -1.0515556767e+01    1.1094000881e+02   -2.2120771011e+01    1.1605214244e+01   -7.2744457812e+00    6.5494213942e-01   -2.7255999292e+00   -1.2775667440e+01    9.9734192213e+03    3.9892650200e-01    9.9474779382e-01
       151   -1.0525168970e+01    1.1115937824e+02   -2.2356296353e+01    1.1831127383e+01   -7.4775484348e+00    6.3814347554e-01   -2.7412239536e+00   -1.2775667440e+01    1.0004101144e+04    3.9962667100e-01    9.9442611478e-01
       152   -1.0511774279e+01    1.1085906309e+02   -2.2081503932e+01    1.1569729653e+01   -7.2864063613e+00    6.4834302847e-01   -2.6677731590e+00   -1.2775667440e+01    1.0036684801e+04    4.0150264400e-01    9.9443254285e-01
       153   -1.0507979589e+01    1.1077994990e+02   -2.2087166037e+01    1.1579186448e+01   -7.2772860235e+00    6.3553280975e-01   -2.6697453833e+00   -1.2775667440e+01    1.0042021005e+04    4.0307834800e-01    9.9458524198e-01
       154   -1.0508028030e+01    1.1079723202e+02   -2.2074435894e+01    1.1566407864e+01   -7.2788536206e+00    6.2655411850e-01   -2.6464689513e+00   -1.2775667440e+01    1.0079635355e+04    4.0055732000e-01    9.9403521825e-01
       155   -1.0496558381e+01    1.1057004158e+02   -2.1996887882e+01    1.1500329501e+01   -7.1939257987e+00    5.9784590004e-01   -2.6251405430e+00   -1.2775667440e+01    1.0109333260e+04    3.9857920700e-01    9.9451092869e-01
       156   -1.0514658982e+01    1.1095836745e+02   -2.2061296262e+01    1.1546637280e+01   -7.2372805926e+00    6.0495454104e-01   -2.6533027705e+00   -1.2775667440e+01    1.0122755937e+04    4.0605827200e-01    9.9455447990e-01
       157   -1.0522965304e+01    1.1110866560e+02   -2.2027304334e+01    1.1504339030e+01   -7.1925069334e+00    6.1948194130e-01   -2.6786119020e+00   -1.2775667440e+01    1.0107988020e+04    4.0198420500e-01    9.9460769764e-01
       158   -1.0504450991e+01    1.1076187520e+02   -2.2046193402e+01    1.1541742411e+01   -7.2342118049e+00    6.3996349291e-01   -2.6762776497e+00   -1.2775667440e+01    1.0100180767e+04    4.0081271500e-01    9.9449311949e-01
       159   -1.0491360663e+01    1.1045464370e+02   -2.1934587900e+01    1.1443227238e+01   -7.0668751566e+00    6.2567222688e-01   -2.7177175303e+00   -1.2775667440e+01    1.0096786384e+04    4.0774364000e-01    9.9485097534e-01
       160   -1.0524560796e+01    1.1114725335e+02   -2.1903537412e+01    1.1378976616e+01   -7.0452348883e+00    6.2518711462e-01   -2.7078221980e+00   -1.2775667440e+01    9.9849973571e+03    3.9697744000e-01    9.9507913453e-01
       161   -1.0542086944e+01    1.1152508221e+02   -2.1863098646e+01    1.1321011702e+01   -7.0503696209e+00    6.8407206059e-01   -2.7211336456e+00   -1.2775667440e+01    1.0008879704e+04    3.9946047900e-01    9.9484007996e-01
       162   -1.0526447076e+01    1.1118259011e+02   -2.1942493511e+01    1.1416046436e+01   -7.2161856659e+00    7.1585661526e-01   -2.6664970206e+00   -1.2775667440e+01    1.0044017196e+04    4.0374489500e-01    9.9470971918e-01
       163   -1.0528677595e+01    1.1124657298e+02   -2.2134734539e+01    1.1606056944e+01   -7.3878081671e+00    6.4802672811e-01   -2.6192856593e+00   -1.2775667440e+01    1.0091912071e+04    4.0353712000e-01    9.9477205154e-01
       164   -1.0504588413e+01    1.1085657126e+02   -2.2172535472e+01    1.1667947058e+01   -7.3942988592e+00    5.9618128185e-01   -2.5987504541e+00   -1.2775667440e+01    1.0029565775e+04    4.1036103200e-01    9.9464107677e-01
       165   -1.0514418911e+01    1.1095766302e+02   -2.2013534653e+01    1.1499115741e+01   -7.2472724316e+00    6.2992074984e-01   -2.6205155305e+00   -1.2775667440e+01    1.0012862736e+04    4.0136505400e-01    9.9505593288e-01
       166   -1.0525799513e+01    1.1116511684e+02   -2.2004017241e+01    1.1478217728e+01   -7.1438428515e+00    5.8895900208e-01   -2.6734659510e+00   -1.2775667440e+01    9.9279030772e+03    3.9384792200e-01    9.9562972292e-01
       167   -1.0504796496e+01    1.1074369903e+02   -2.2005095052e+01    1.1500298556e+01   -7.1168027915e+00    5.5094896862e-01   -2.6635737887e+00   -1.2775667440e+01    9.9091173970e+03    4.0260683200e-01    9.9501665321e-01
       168   -1.0519242197e+01    1.1099425816e+02   -2.2012408895e+01    1.1493166698e+01   -7.1512173804e+00    5.8303439545e-01   -2.6685584701e+00   -1.2775667440e+01    9.9133219384e+03    3.9407687200e-01    9.9474069216e-01
       169   -1.0540151661e+01    1.1145911450e+02   -2.2002107792e+01    1.1461956130e+01   -7.2218907345e+00    6.5512647922e-01   -2.6596760964e+00   -1.2775667440e+01    9.8888012352e+03    3.9512408900e-01    9.9529542695e-01
       170   -1.0539181467e+01    1.1148098605e+02   -2.2077558030e+01    1.1538376563e+01   -7.2888484217e+00    6.4754599269e-01   -2.6605881612e+00   -1.2775667440e+01    9.8828969384e+03    3.9810466200e-01    9.9460923264e-01
       171   -1.0519956914e+01    1.1105798244e+02   -2.2039485709e+01    1.1519528795e+01   -7.2560542510e+00    6.4186375100e-01   -2.6496277691e+00   -1.2775667440e+01    9.8243782725e+03    3.8670057900e-01    9.9478159047e-01
       172   -1.0508730593e+01    1.1080403944e+02   -2.2022971989e+01    1.1514241396e+01   -7.2801914670e+00    6.8520756320e-01   -2.6523206450e+00   -1.2775667440e+01    9.7708625209e+03    3.9611691600e-01    9.9484285422e-01
       173   -1.0515240217e+01    1.1098269478e+02   -2.2089247548e+01    1.1574007332e+01   -7.3646312364e+00    7.0121044011e-01   -2.6501593116e+00   -1.2775667440e+01    9.8686838663e+03    3.9794439500e-01    9.9476738293e-01
       174   -1.0524516044e+01    1.1112196039e+02   -2.2105187698e+01    1.1580671653e+01   -7.3385658897e+00    6.3978851182e-01   -2.6307428795e+00   -1.2775667440e+01    9.8068772009e+03    3.9409110100e-01    9.9525655412e-01
       175   -1.0528025467e+01    1.1120468704e+02   -2.2068598150e+01    1.1540572683e+01   -7.3184161020e+00    6.3365914507e-01   -2.6081737527e+00   -1.2775667440e+01    9.7628540022e+03    3.8851440400e-01    9.9515781923e-01
       176   -1.0524146604e+01    1.1112025436e+02   -2.2137391102e+01    1.1613244498e+01   -7.3372014447e+00    6.0558897342e-01   -2.6301111905e+00   -1.2775667440e+01    9.7862947223e+03    3.9918985100e-01    9.9506747086e-01
       177   -1.0526291038e+01    1.1119009695e+02   -2.2148328127e+01    1.1622037089e+01   -7.3444976915e+00    6.3631970498e-01   -2.6644826999e+00   -1.2775667440e+01    9.8300855110e+03    3.9327656600e-01    9.9480968858e-01
       178   -1.0501299401e+01    1.1068162992e+02   -2.2008657594e+01    1.1507358193e+01   -7.2328477891e+00    6.2650322035e-01   -2.6266455851e+00   -1.2775667440e+01    9.8385995298e+03    3.9047257500e-01    9.9472654265e-01
       179   -1.0519295576e+01    1.1103115449e+02   -2.1883363083e+01    1.1364067507e+01   -7.0862784999e+00    6.1569597160e-01   -2.6371131140e+00   -1.2775667440e+01    9.8490842271e+03    3.9514743900e-01    9.9528996547e-01
       180   -1.0526552145e+01    1.1120311557e+02   -2.1976685384e+01    1.1450133239e+01   -7.1692952475e+00    6.3762283513e-01   -2.6693455313e+00   -1.2775667440e+01    9.9320688615e+03    3.9125289500e-01    9.9519085507e-01
       181   -1.0528993585e+01    1.1125702064e+02   -2.1906858033e+01    1.1377864448e+01   -7.1151255544e+00    6.5171364527e-01   -2.6677786838e+00   -1.2775667440e+01    9.9481853754e+03    3.9155669900e-01    9.9557566616e-01
       182   -1.0546196005e+01    1.1157995656e+02   -2.1959472311e+01    1.1413276306e+01   -7.1047161104e+00    5.9827467448e-01   -2.6773634350e+00   -1.2775667440e+01    1.0037064320e+04    4.0484941700e-01    9.9506628127e-01
       183   -1.0540781736e+01    1.1147790722e+02   -2.2081317625e+01    1.1540535889e+01   -7.2275641037e+00    6.1635925137e-01   -2.6944453327e+00   -1.2775667440e+01    1.0051259109e+04    3.9932458700e-01    9.9501144506e-01
       184   -1.0535997415e+01    1.1135584775e+02   -2.2164392093e+01    1.1628394677e+01   -7.3424253687e+00    6.1875714192e-01   -2.6650564256e+00   -1.2775667440e+01    9.9944422220e+03    3.9553812200e-01    9.9474527074e-01
       185   -1.0534836351e+01    1.1136549510e+02   -2.2315327234e+01    1.1780490884e+01   -7.5875364004e+00    6.9329788036e-01   -2.6454212742e+00   -1.2775667440e+01    1.0012158759e+04    3.9948318400e-01    9.9426765911e-01
       186   -1.0538005659e+01    1.1142077065e+02   -2.2330213859e+01    1.1792208200e+01   -7.6031266799e+00    6.6193612907e-01   -2.6133558684e+00   -1.2775667440e+01    1.0045194665e+04    4.1220147800e-01    9.9428649671e-01
       187   -1.0543975066e+01    1.1156919302e+02   -2.2311100636e+01    1.1767125571e+01   -7.5867315441e+00    6.9269726343e-01   -2.6413989153e+00   -1.2775667440e+01    1.0210964576e+04    4.3468385100e-01    9.9437995886e-01
       188   -1.0526417222e+01    1.1118115253e+02   -2.2284637664e+01    1.1758220442e+01   -7.5059652575e+00    6.5556670987e-01   -2.6585716764e+00   -1.2775667440e+01    1.0283711752e+04    4.0804462100e-01    9.9480989887e-01
       189   -1.0527023650e+01    1.1123560147e+02   -2.2251038865e+01    1.1724015215e+01   -7.4002219655e+00    6.1333607372e-01   -2.6884855329e+00   -1.2775667440e+01    1.0305414540e+04    4.2181594400e-01    9.9477246264e-01
       190   -1.0559536722e+01    1.1186696924e+02   -2.2169092181e+01    1.1609555459e+01   -7.3651785277e+00    6.9167225769e-01   -2.7199184707e+00   -1.2775667440e+01    1.0260943662e+04    4.1108021300e-01    9.9477237278e-01
       191   -1.0540164294e+01    1.1144051010e+02   -2.2089944616e+01    1.1549780322e+01   -7.2441880096e+00    6.5047127413e-01   -2.7205604407e+00   -1.2775667440e+01    1.0250258188e+04    4.0646726500e-01    9.9476778222e-01
       192   -1.0549782989e+01    1.1166734423e+02   -2.2053781123e+01    1.1503998134e+01   -7.1844153096e+00    6.0624062423e-01   -2.6999389969e+00   -1.2775667440e+01    1.0304972391e+04    4.0732083500e-01    9.9456468990e-01
       193   -1.0540129715e+01    1.1149845419e+02   -2.2068643476e+01    1.1528513761e+01   -7.2795043938e+00    6.4696424938e-01   -2.6604358912e+00   -1.2775667440e+01    1.0308554803e+04    4.1220900900e-01    9.9474922390e-01
       194   -1.0532427968e+01    1.1131083035e+02   -2.1985267764e+01    1.1452839796e+01   -7.2162978208e+00    6.5097496754e-01   -2.6442774705e+00   -1.2775667440e+01    1.0321816555e+04    4.0878287800e-01    9.9461102500e-01
       195   -1.0530712697e+01    1.1124814826e+02   -2.2127624530e+01    1.1596911833e+01   -7.3544679194e+00    6.4754182835e-01   -2.6450309992e+00   -1.2775667440e+01    1.0384010477e+04    4.1164234300e-01    9.9455946076e-01
       196   -1.0528478617e+01    1.1121165166e+02   -2.2179733138e+01    1.1651254521e+01   -7.3755162047e+00    6.6653783005e-01   -2.6950873229e+00   -1.2775667440e+01    1.0300642673e+04    4.1431729300e-01    9.9524318027e-01
       197   -1.0525595950e+01    1.1118175324e+02   -2.2254192104e+01    1.1728596154e+01   -7.3892030669e+00    6.3640561486e-01   -2.7257272116e+00   -1.2775667440e+01    1.0332909835e+04    4.1359763200e-01    9.9435117089e-01
       198   -1.0511577344e+01    1.1090206608e+02   -2.2220709842e+01    1.1709132497e+01   -7.4032898915e+00    6.2956617632e-01   -2.6713186861e+00   -1.2775667440e+01    1.0276212549e+04    4.1468281800e-01    9.9442985017e-01
       199   -1.0509910257e+01    1.1089169235e+02   -2.2124774674e+01    1.1614864417e+01   -7.2529622040e+00    5.4912890630e-01   -2.6452739358e+00   -1.2775667440e+01    1.0286825954e+04    4.1761232700e-01    9.9453299640e-01
