#   index    LocalEnergy         LocalEnergy_sq      LocalPotential      Kinetic             LocalECP            NonLocalECP         ElecElec            IonIon              MPC                 BlockWeight         BlockCPU            AcceptRatio         
         0   -1.0497578004e+01    1.1061802836e+02   -2.2033422128e+01    1.1535844124e+01   -7.2616926996e+00    6.4211686342e-01   -2.6381788520e+00   -1.2775667440e+01   -2.3865060888e+00    1.0237114440e+04    9.5251736500e-01    9.9461143695e-01
         1   -1.0505035837e+01    1.1073062598e+02   -2.1849941896e+01    1.1344906060e+01   -7.1328653732e+00    6.6626874338e-01   -2.6076778263e+00   -1.2775667440e+01   -2.3595015961e+00    1.0241815466e+04    9.4436943100e-01    9.9451005270e-01
         2   -1.0525326243e+01    1.1114065549e+02   -2.1870058499e+01    1.1344732256e+01   -7.0927996716e+00    6.3571433344e-01   -2.6373057210e+00   -1.2775667440e+01   -2.3945245265e+00    1.0209098826e+04    9.3959208600e-01    9.9489471107e-01
         3   -1.0538041222e+01    1.1141740715e+02   -2.1901294835e+01    1.1363253613e+01   -7.2132002813e+00    7.3758709254e-01   -2.6500142064e+00   -1.2775667440e+01   -2.4052789393e+00    1.0326211674e+04    9.6065791300e-01    9.9480679837e-01
         4   -1.0537367760e+01    1.1140791843e+02   -2.1883477362e+01    1.1346109602e+01   -7.1038671134e+00    6.6182320179e-01   -2.6657660100e+00   -1.2775667440e+01   -2.4220212440e+00    1.0351527801e+04    9.5314860600e-01    9.9486814142e-01
         5   -1.0510349040e+01    1.1082795659e+02   -2.1978365811e+01    1.1468016771e+01   -7.0659111940e+00    5.6404724663e-01   -2.7008344238e+00   -1.2775667440e+01   -2.4557638649e+00    1.0285282183e+04    9.5846145000e-01    9.9524931960e-01
         6   -1.0535562333e+01    1.1136908508e+02   -2.2024590414e+01    1.1489028081e+01   -7.2112452274e+00    6.2879551923e-01   -2.6664732657e+00   -1.2775667440e+01   -2.4200029937e+00    1.0289275348e+04    9.5363813600e-01    9.9478812324e-01
         7   -1.0526966323e+01    1.1119705135e+02   -2.1920391859e+01    1.1393425537e+01   -7.1565799402e+00    6.5907390797e-01   -2.6472183870e+00   -1.2775667440e+01   -2.4023217240e+00    1.0307282697e+04    9.5170723100e-01    9.9454307334e-01
         8   -1.0532014770e+01    1.1127347093e+02   -2.1859598767e+01    1.1327583997e+01   -7.0578047482e+00    6.7499071090e-01   -2.7011172896e+00   -1.2775667440e+01   -2.4679998453e+00    1.0271784010e+04    9.5422471100e-01    9.9498637072e-01
         9   -1.0537181357e+01    1.1139679455e+02   -2.1911751694e+01    1.1374570337e+01   -7.0338389289e+00    6.0775338710e-01   -2.7099987115e+00   -1.2775667440e+01   -2.4805326241e+00    1.0195048073e+04    9.4449336700e-01    9.9477633902e-01
        10   -1.0508162845e+01    1.1076955766e+02   -2.1974397627e+01    1.1466234782e+01   -7.1164806696e+00    6.0464644591e-01   -2.6868959630e+00   -1.2775667440e+01   -2.4478828213e+00    1.0103201299e+04    9.4381301200e-01    9.9433392716e-01
        11   -1.0504156732e+01    1.1070619722e+02   -2.2083921947e+01    1.1579765215e+01   -7.1933272061e+00    5.6685007194e-01   -2.6817773726e+00   -1.2775667440e+01   -2.4381494646e+00    1.0026092770e+04    9.2526735000e-01    9.9496309595e-01
        12   -1.0494599697e+01    1.1052391944e+02   -2.2011476506e+01    1.1516876808e+01   -7.0809622641e+00    5.5109205398e-01   -2.7059388554e+00   -1.2775667440e+01   -2.4662219670e+00    9.9862969131e+03    9.2418832700e-01    9.9513117052e-01
        13   -1.0511542892e+01    1.1088514686e+02   -2.1804359102e+01    1.1292816210e+01   -6.9133762727e+00    5.8395018412e-01   -2.6992655730e+00   -1.2775667440e+01   -2.4624307560e+00    9.9249189531e+03    9.1511888300e-01    9.9467147032e-01
        14   -1.0517407869e+01    1.1099092932e+02   -2.1826282044e+01    1.1308874174e+01   -7.0224126347e+00    6.7959212390e-01   -2.7077940924e+00   -1.2775667440e+01   -2.4717523530e+00    9.9574325525e+03    9.3398977800e-01    9.9475138122e-01
        15   -1.0515941247e+01    1.1098437974e+02   -2.2033436298e+01    1.1517495051e+01   -7.2020347655e+00    6.3865918555e-01   -2.6943932782e+00   -1.2775667440e+01   -2.4571696853e+00    9.9284342987e+03    9.2843010900e-01    9.9454714890e-01
        16   -1.0510636677e+01    1.1084784008e+02   -2.1886493980e+01    1.1375857303e+01   -7.0043577278e+00    5.5440448186e-01   -2.6608732943e+00   -1.2775667440e+01   -2.4132118518e+00    9.9150851726e+03    9.1674802000e-01    9.9518309291e-01
        17   -1.0528124081e+01    1.1123370218e+02   -2.1895779804e+01    1.1367655723e+01   -6.9888369684e+00    5.6731706010e-01   -2.6985924556e+00   -1.2775667440e+01   -2.4600434415e+00    9.9316889125e+03    9.1941221100e-01    9.9501410153e-01
        18   -1.0528288239e+01    1.1123134815e+02   -2.2042964149e+01    1.1514675910e+01   -7.0467161733e+00    4.9119704080e-01   -2.7117775760e+00   -1.2775667440e+01   -2.4734846365e+00    9.9010029119e+03    9.9029023000e-01    9.9478377286e-01
        19   -1.0560391190e+01    1.1194469077e+02   -2.2037760839e+01    1.1477369649e+01   -7.1275244346e+00    5.7924575952e-01   -2.7138147240e+00   -1.2775667440e+01   -2.4825017898e+00    9.9069201884e+03    9.4387973200e-01    9.9498737374e-01
        20   -1.0545319106e+01    1.1155665568e+02   -2.2153411907e+01    1.1608092801e+01   -7.2829384488e+00    6.1219431813e-01   -2.7070003361e+00   -1.2775667440e+01   -2.4708719357e+00    1.0032413761e+04    9.3955119500e-01    9.9457768249e-01
        21   -1.0543255699e+01    1.1154856093e+02   -2.2153140839e+01    1.1609885139e+01   -7.2198783694e+00    5.4272611073e-01   -2.7003211398e+00   -1.2775667440e+01   -2.4663661031e+00    1.0126090940e+04    9.4119164700e-01    9.9471500543e-01
        22   -1.0501954997e+01    1.1067718185e+02   -2.2184847562e+01    1.1682892565e+01   -7.3088028404e+00    5.6973339166e-01   -2.6701106728e+00   -1.2775667440e+01   -2.4313932307e+00    1.0176387265e+04    9.4566097300e-01    9.9464531342e-01
        23   -1.0499900311e+01    1.1060164821e+02   -2.2071664132e+01    1.1571763822e+01   -7.2123717492e+00    5.7447023194e-01   -2.6580951750e+00   -1.2775667440e+01   -2.4178802995e+00    1.0143358513e+04    9.4290813800e-01    9.9452932479e-01
        24   -1.0541554179e+01    1.1148725889e+02   -2.2055198920e+01    1.1513644741e+01   -7.1754768190e+00    5.4996266201e-01   -2.6540173231e+00   -1.2775667440e+01   -2.4109352059e+00    1.0157588521e+04    9.3975326000e-01    9.9457163959e-01
        25   -1.0527457965e+01    1.1119931125e+02   -2.2107117424e+01    1.1579659459e+01   -7.2579555696e+00    6.0672177567e-01   -2.6802161899e+00   -1.2775667440e+01   -2.4387012718e+00    1.0240463517e+04    9.5773818200e-01    9.9493408203e-01
        26   -1.0531713561e+01    1.1132671065e+02   -2.1981323390e+01    1.1449609830e+01   -7.2327656288e+00    6.5128910965e-01   -2.6241794310e+00   -1.2775667440e+01   -2.3849234363e+00    1.0216571351e+04    9.5583253700e-01    9.9494665231e-01
        27   -1.0530104939e+01    1.1127927674e+02   -2.1904512246e+01    1.1374407307e+01   -7.1373784958e+00    6.5696171597e-01   -2.6484280262e+00   -1.2775667440e+01   -2.4093629453e+00    1.0216090250e+04    9.5032317700e-01    9.9516642193e-01
        28   -1.0511701127e+01    1.1086511931e+02   -2.1874779852e+01    1.1363078725e+01   -7.0739889657e+00    6.0850706313e-01   -2.6336305094e+00   -1.2775667440e+01   -2.3990223227e+00    1.0259603853e+04    9.5653499100e-01    9.9505408830e-01
        29   -1.0538952263e+01    1.1141102243e+02   -2.1974085849e+01    1.1435133586e+01   -7.1302909583e+00    6.2510432661e-01   -2.6932317772e+00   -1.2775667440e+01   -2.4612102322e+00    1.0345246902e+04    9.6489767600e-01    9.9528757854e-01
        30   -1.0552686758e+01    1.1170582824e+02   -2.2104754439e+01    1.1552067681e+01   -7.2687071439e+00    6.6439597191e-01   -2.7247758269e+00   -1.2775667440e+01   -2.4945404373e+00    1.0365674421e+04    9.6085233200e-01    9.9466904670e-01
        31   -1.0540199901e+01    1.1144261883e+02   -2.2155097940e+01    1.1614898039e+01   -7.3219317142e+00    6.4999907487e-01   -2.7074978600e+00   -1.2775667440e+01   -2.4752893861e+00    1.0348430958e+04    9.6007225000e-01    9.9502319289e-01
        32   -1.0525785224e+01    1.1113517726e+02   -2.2074188937e+01    1.1548403713e+01   -7.2693614511e+00    6.4823064638e-01   -2.6773906916e+00   -1.2775667440e+01   -2.4434812929e+00    1.0394700520e+04    9.6593979200e-01    9.9514236245e-01
        33   -1.0523933483e+01    1.1119664908e+02   -2.2097100615e+01    1.1573167133e+01   -7.3810797997e+00    7.0797016081e-01   -2.6483235364e+00   -1.2775667440e+01   -2.4143671054e+00    1.0459457483e+04    9.6901668500e-01    9.9475482699e-01
        34   -1.0513423436e+01    1.1088947951e+02   -2.2238823050e+01    1.1725399614e+01   -7.4360709372e+00    6.4340947595e-01   -2.6704941486e+00   -1.2775667440e+01   -2.4303474050e+00    1.0402123718e+04    9.7149671300e-01    9.9456991831e-01
        35   -1.0521142047e+01    1.1107727209e+02   -2.2329618681e+01    1.1808476635e+01   -7.5436137857e+00    6.6846465912e-01   -2.6788021145e+00   -1.2775667440e+01   -2.4442635980e+00    1.0357221845e+04    9.7046213200e-01    9.9456993918e-01
        36   -1.0517943212e+01    1.1098990110e+02   -2.2181156988e+01    1.1663213775e+01   -7.3858587778e+00    6.6372376742e-01   -2.6833545373e+00   -1.2775667440e+01   -2.4461565990e+00    1.0396870138e+04    9.6641156100e-01    9.9466294836e-01
        37   -1.0493915903e+01    1.1049058552e+02   -2.1990917592e+01    1.1497001689e+01   -7.1819982963e+00    6.4283196293e-01   -2.6760838189e+00   -1.2775667440e+01   -2.4316215614e+00    1.0444812867e+04    9.7305695400e-01    9.9468899522e-01
        38   -1.0510483095e+01    1.1094266232e+02   -2.2045606861e+01    1.1535123766e+01   -7.1501123574e+00    5.9145515544e-01   -2.7112822189e+00   -1.2775667440e+01   -2.4663853641e+00    1.0439382842e+04    9.7143158900e-01    9.9456573781e-01
        39   -1.0497974715e+01    1.1063251755e+02   -2.2107519416e+01    1.1609544701e+01   -7.2833325641e+00    5.9032592978e-01   -2.6388453413e+00   -1.2775667440e+01   -2.3920109953e+00    1.0347244563e+04    9.6269208500e-01    9.9477103661e-01
        40   -1.0515599078e+01    1.1093441684e+02   -2.1966602180e+01    1.1451003102e+01   -7.1286580103e+00    6.2607572896e-01   -2.6883524585e+00   -1.2775667440e+01   -2.4431043495e+00    1.0248965112e+04    9.4941303200e-01    9.9541463415e-01
        41   -1.0512930037e+01    1.1090450281e+02   -2.2101209023e+01    1.1588278986e+01   -7.2943855998e+00    6.1971112519e-01   -2.6508671082e+00   -1.2775667440e+01   -2.4149533547e+00    1.0248917905e+04    9.4876599000e-01    9.9489024390e-01
        42   -1.0523010414e+01    1.1114958100e+02   -2.2092231898e+01    1.1569221483e+01   -7.2461598308e+00    5.8619659856e-01   -2.6566012252e+00   -1.2775667440e+01   -2.4204722281e+00    1.0260697052e+04    9.5023874400e-01    9.9494444986e-01
        43   -1.0538492353e+01    1.1144767671e+02   -2.2103244381e+01    1.1564752028e+01   -7.2158060038e+00    5.9286772451e-01   -2.7046386616e+00   -1.2775667440e+01   -2.4630680777e+00    1.0211691969e+04    9.3815321100e-01    9.9494368266e-01
        44   -1.0538183251e+01    1.1160633828e+02   -2.2082353381e+01    1.1544170130e+01   -7.1547606924e+00    5.6855899228e-01   -2.7204842410e+00   -1.2775667440e+01   -2.4770496826e+00    1.0214578815e+04    9.3854604200e-01    9.9526338980e-01
        45   -1.0526845022e+01    1.1123401158e+02   -2.2112112487e+01    1.1585267465e+01   -7.2111761682e+00    5.7004528684e-01   -2.6953141655e+00   -1.2775667440e+01   -2.4480355338e+00    1.0214661170e+04    9.5067936900e-01    9.9441942432e-01
        46   -1.0539988246e+01    1.1147340711e+02   -2.2034974870e+01    1.1494986624e+01   -7.1586955302e+00    5.7868764252e-01   -2.6792995419e+00   -1.2775667440e+01   -2.4305170937e+00    1.0203990720e+04    9.4226071900e-01    9.9443736522e-01
        47   -1.0529254227e+01    1.1124011162e+02   -2.1964341520e+01    1.1435087293e+01   -7.1006248899e+00    6.2352595770e-01   -2.7115751471e+00   -1.2775667440e+01   -2.4701840319e+00    1.0260373972e+04    9.4061932500e-01    9.9516325536e-01
        48   -1.0522095458e+01    1.1115040490e+02   -2.2121991595e+01    1.1599896136e+01   -7.3052937727e+00    6.3707244277e-01   -2.6781028243e+00   -1.2775667440e+01   -2.4354309637e+00    1.0205022727e+04    9.4256460100e-01    9.9467172954e-01
        49   -1.0521471402e+01    1.1107947886e+02   -2.2250656718e+01    1.1729185316e+01   -7.4709900792e+00    6.5407809666e-01   -2.6580772952e+00   -1.2775667440e+01   -2.4109068014e+00    1.0198188071e+04    9.4008114200e-01    9.9479064522e-01
        50   -1.0526890020e+01    1.1118231377e+02   -2.2057035796e+01    1.1530145777e+01   -7.2553017039e+00    6.4146189511e-01   -2.6675285472e+00   -1.2775667440e+01   -2.4225066243e+00    1.0174890756e+04    9.3141953900e-01    9.9461863574e-01
        51   -1.0534842088e+01    1.1138353111e+02   -2.2083194000e+01    1.1548351912e+01   -7.2585989322e+00    6.6096956541e-01   -2.7098971930e+00   -1.2775667440e+01   -2.4683530536e+00    1.0198383667e+04    9.4203416000e-01    9.9382171227e-01
        52   -1.0544495323e+01    1.1157564684e+02   -2.2155125822e+01    1.1610630499e+01   -7.3279760132e+00    6.3953303532e-01   -2.6910154041e+00   -1.2775667440e+01   -2.4518044377e+00    1.0219302397e+04    9.3976898900e-01    9.9472692571e-01
        53   -1.0519803654e+01    1.1106068226e+02   -2.2210553721e+01    1.1690750067e+01   -7.3200554212e+00    5.8276560652e-01   -2.6975964664e+00   -1.2775667440e+01   -2.4627610623e+00    1.0128491196e+04    9.3638710800e-01    9.9507553318e-01
        54   -1.0523083151e+01    1.1115372119e+02   -2.2083168497e+01    1.1560085347e+01   -7.2867029281e+00    6.4788332219e-01   -2.6686814512e+00   -1.2775667440e+01   -2.4310249607e+00    1.0108912447e+04    9.3237328500e-01    9.9471952909e-01
        55   -1.0525794336e+01    1.1116297286e+02   -2.2020620145e+01    1.1494825809e+01   -7.2330685768e+00    6.6931078911e-01   -2.6811949167e+00   -1.2775667440e+01   -2.4470721258e+00    1.0147753865e+04    9.3857967900e-01    9.9499852173e-01
        56   -1.0535176691e+01    1.1135633623e+02   -2.1998973755e+01    1.1463797063e+01   -7.1849907533e+00    6.5039940901e-01   -2.6887149702e+00   -1.2775667440e+01   -2.4587759863e+00    1.0135135226e+04    9.4210806800e-01    9.9451051021e-01
        57   -1.0530386139e+01    1.1125865629e+02   -2.1952423106e+01    1.1422036968e+01   -7.1538147378e+00    6.2666588465e-01   -2.6496068130e+00   -1.2775667440e+01   -2.4169011777e+00    1.0165250397e+04    9.6531228300e-01    9.9489620228e-01
        58   -1.0532754388e+01    1.1130742119e+02   -2.2124791637e+01    1.1592037250e+01   -7.3349552083e+00    6.2315202608e-01   -2.6373210150e+00   -1.2775667440e+01   -2.3975051800e+00    1.0203277324e+04    1.0754700200e+00    9.9440060772e-01
        59   -1.0547647880e+01    1.1163903360e+02   -2.2149564018e+01    1.1601916138e+01   -7.3349835142e+00    6.3450033454e-01   -2.6734133985e+00   -1.2775667440e+01   -2.4326771019e+00    1.0255039453e+04    1.0182996700e+00    9.9456256705e-01
        60   -1.0525569866e+01    1.1126600595e+02   -2.2136203155e+01    1.1610633288e+01   -7.3107666941e+00    6.3540861728e-01   -2.6851776376e+00   -1.2775667440e+01   -2.4433786845e+00    1.0332268276e+04    1.0137616770e+00    9.9502806542e-01
        61   -1.0541536066e+01    1.1150295514e+02   -2.2047496154e+01    1.1505960088e+01   -7.2250126820e+00    6.5415844852e-01   -2.7009744800e+00   -1.2775667440e+01   -2.4647753715e+00    1.0304806544e+04    1.0396212550e+00    9.9427406832e-01
        62   -1.0524610592e+01    1.1115549147e+02   -2.2156057160e+01    1.1631446568e+01   -7.3286619089e+00    6.2650020082e-01   -2.6782280116e+00   -1.2775667440e+01   -2.4416408181e+00    1.0158794321e+04    9.9643114600e-01    9.9408101989e-01
        63   -1.0532454517e+01    1.1130716642e+02   -2.2068922977e+01    1.1536468459e+01   -7.2376457580e+00    6.0992162485e-01   -2.6655314032e+00   -1.2775667440e+01   -2.4233719067e+00    1.0193101471e+04    1.0065725110e+00    9.9482437206e-01
        64   -1.0522281932e+01    1.1108820507e+02   -2.2086814325e+01    1.1564532393e+01   -7.1857008578e+00    5.3883037424e-01   -2.6642764009e+00   -1.2775667440e+01   -2.4206399002e+00    1.0165384487e+04    1.0036274460e+00    9.9489670438e-01
        65   -1.0511515674e+01    1.1085466752e+02   -2.2018419809e+01    1.1506904136e+01   -7.1446706730e+00    5.6547864399e-01   -2.6635603402e+00   -1.2775667440e+01   -2.4180221946e+00    1.0169239287e+04    1.0185054750e+00    9.9512045231e-01
        66   -1.0542036758e+01    1.1153312801e+02   -2.1987861542e+01    1.1445824784e+01   -7.1787190832e+00    6.0911198933e-01   -2.6425870075e+00   -1.2775667440e+01   -2.3996267563e+00    1.0183183203e+04    9.8584812600e-01    9.9500294667e-01
        67   -1.0531167742e+01    1.1133626333e+02   -2.2070681471e+01    1.1539513729e+01   -7.1777473780e+00    5.6031834788e-01   -2.6775850010e+00   -1.2775667440e+01   -2.4344651137e+00    1.0177077144e+04    9.7561243900e-01    9.9506191038e-01
        68   -1.0523022125e+01    1.1110397108e+02   -2.2098433567e+01    1.1575411442e+01   -7.1890847857e+00    5.7864091715e-01   -2.7123222582e+00   -1.2775667440e+01   -2.4780167067e+00    1.0237991424e+04    1.0506756560e+00    9.9470111350e-01
        69   -1.0520103525e+01    1.1104139788e+02   -2.2080878925e+01    1.1560775400e+01   -7.2727470419e+00    6.5078117304e-01   -2.6832456160e+00   -1.2775667440e+01   -2.4463418771e+00    1.0328558278e+04    1.0256970360e+00    9.9476040658e-01
        70   -1.0527431850e+01    1.1124169696e+02   -2.2110684471e+01    1.1583252621e+01   -7.3542359672e+00    6.7012972065e-01   -2.6509107840e+00   -1.2775667440e+01   -2.4076948407e+00    1.0356944271e+04    1.0067038740e+00    9.9477457038e-01
        71   -1.0539454203e+01    1.1144456226e+02   -2.2046804960e+01    1.1507350757e+01   -7.3158181415e+00    7.0416664057e-01   -2.6594860184e+00   -1.2775667440e+01   -2.4187399433e+00    1.0356175621e+04    1.0152941580e+00    9.9499082657e-01
        72   -1.0524615953e+01    1.1111762299e+02   -2.1912133598e+01    1.1387517645e+01   -7.1457949864e+00    6.6375141515e-01   -2.6544225865e+00   -1.2775667440e+01   -2.4088028168e+00    1.0370508028e+04    1.0044028230e+00    9.9511907057e-01
        73   -1.0522270385e+01    1.1109260409e+02   -2.1926834617e+01    1.1404564232e+01   -7.1361218151e+00    6.7288131928e-01   -2.6879266806e+00   -1.2775667440e+01   -2.4511476563e+00    1.0379300840e+04    1.0424711540e+00    9.9503901358e-01
        74   -1.0513514410e+01    1.1089161867e+02   -2.2014707971e+01    1.1501193561e+01   -7.2909433032e+00    7.1519493090e-01   -2.6632921584e+00   -1.2775667440e+01   -2.4232942286e+00    1.0396117126e+04    1.0160808020e+00    9.9448264256e-01
        75   -1.0524110338e+01    1.1114198138e+02   -2.2250701693e+01    1.1726591355e+01   -7.4488421223e+00    6.4276320889e-01   -2.6689553396e+00   -1.2775667440e+01   -2.4278200063e+00    1.0313070707e+04    1.0230908240e+00    9.9480075625e-01
        76   -1.0526583984e+01    1.1118469961e+02   -2.2226878183e+01    1.1700294199e+01   -7.4213155670e+00    6.0279878716e-01   -2.6326939628e+00   -1.2775667440e+01   -2.3870445532e+00    1.0441231873e+04    1.0328360010e+00    9.9413482716e-01
        77   -1.0523621074e+01    1.1110173194e+02   -2.2126742223e+01    1.1603121149e+01   -7.2968250881e+00    6.0974990926e-01   -2.6639996040e+00   -1.2775667440e+01   -2.4233994069e+00    1.0462613711e+04    1.0184227650e+00    9.9493549928e-01
        78   -1.0538072980e+01    1.1144581780e+02   -2.2110310324e+01    1.1572237344e+01   -7.2875835791e+00    6.3245496025e-01   -2.6795142646e+00   -1.2775667440e+01   -2.4482246238e+00    1.0415305099e+04    1.0251799690e+00    9.9493567588e-01
        79   -1.0537016611e+01    1.1141799316e+02   -2.2044712586e+01    1.1507695975e+01   -7.2249746683e+00    5.9742511910e-01   -2.6414955969e+00   -1.2775667440e+01   -2.4034302702e+00    1.0405416804e+04    1.0176550630e+00    9.9520709206e-01
        80   -1.0534394681e+01    1.1132142639e+02   -2.1986986881e+01    1.1452592199e+01   -7.1128640135e+00    6.0857765429e-01   -2.7070330813e+00   -1.2775667440e+01   -2.4720972436e+00    1.0467689610e+04    9.7188876800e-01    9.9509265450e-01
        81   -1.0512611506e+01    1.1087315633e+02   -2.1958969786e+01    1.1446358281e+01   -7.1472343861e+00    6.0310591750e-01   -2.6391738776e+00   -1.2775667440e+01   -2.4069178650e+00    1.0456464106e+04    9.7177524000e-01    9.9467017208e-01
        82   -1.0520116943e+01    1.1107310438e+02   -2.2106564936e+01    1.1586447993e+01   -7.2499534779e+00    5.7263448893e-01   -2.6535785069e+00   -1.2775667440e+01   -2.4175603121e+00    1.0427388397e+04    9.8935079900e-01    9.9461888782e-01
        83   -1.0518176439e+01    1.1101706372e+02   -2.2233810027e+01    1.1715633588e+01   -7.3025963783e+00    5.3424144469e-01   -2.6897876531e+00   -1.2775667440e+01   -2.4569113540e+00    1.0482959033e+04    9.9934759600e-01    9.9451649819e-01
        84   -1.0535072957e+01    1.1134849495e+02   -2.2229784575e+01    1.1694711618e+01   -7.3550487337e+00    5.9077563145e-01   -2.6898440328e+00   -1.2775667440e+01   -2.4581779552e+00    1.0491332012e+04    9.6830190300e-01    9.9467502144e-01
        85   -1.0512575647e+01    1.1085783684e+02   -2.2142821222e+01    1.1630245575e+01   -7.3042740059e+00    6.1820210529e-01   -2.6810818808e+00   -1.2775667440e+01   -2.4395878355e+00    1.0432776725e+04    9.7017914100e-01    9.9463395937e-01
        86   -1.0526754057e+01    1.1122745526e+02   -2.2138231917e+01    1.1611477860e+01   -7.3063236452e+00    6.5275490579e-01   -2.7089957376e+00   -1.2775667440e+01   -2.4705403378e+00    1.0420109413e+04    9.6132231800e-01    9.9453080023e-01
        87   -1.0533399967e+01    1.1143747186e+02   -2.2074907555e+01    1.1541507588e+01   -7.2683102579e+00    6.4259558518e-01   -2.6735254416e+00   -1.2775667440e+01   -2.4382306406e+00    1.0332907396e+04    9.4985727700e-01    9.9443530436e-01
        88   -1.0521876647e+01    1.1107548372e+02   -2.2061983388e+01    1.1540106741e+01   -7.2597713519e+00    6.5334223221e-01   -2.6798868284e+00   -1.2775667440e+01   -2.4356274303e+00    1.0354460917e+04    9.5533939800e-01    9.9495461568e-01
        89   -1.0518009698e+01    1.1098379588e+02   -2.2095550392e+01    1.1577540694e+01   -7.3432172878e+00    7.0304074172e-01   -2.6797064054e+00   -1.2775667440e+01   -2.4332383013e+00    1.0389935656e+04    9.5510060800e-01    9.9492397998e-01
        90   -1.0507456580e+01    1.1075554832e+02   -2.2217775379e+01    1.1710318799e+01   -7.4281054342e+00    6.4004946339e-01   -2.6540519678e+00   -1.2775667440e+01   -2.4075753799e+00    1.0304331155e+04    9.5572668600e-01    9.9488211895e-01
        91   -1.0515774124e+01    1.1096920036e+02   -2.2275534998e+01    1.1759760873e+01   -7.5308387351e+00    6.7730441670e-01   -2.6463332390e+00   -1.2775667440e+01   -2.3969515507e+00    1.0273569563e+04    9.4932291000e-01    9.9473236010e-01
        92   -1.0532224012e+01    1.1130846756e+02   -2.2105294885e+01    1.1573070873e+01   -7.2657841181e+00    6.0161086432e-01   -2.6654541906e+00   -1.2775667440e+01   -2.4166068915e+00    1.0301853757e+04    9.4686221900e-01    9.9473403223e-01
        93   -1.0530684868e+01    1.1127941902e+02   -2.2053597736e+01    1.1522912869e+01   -7.2144395798e+00    5.9351531485e-01   -2.6570060313e+00   -1.2775667440e+01   -2.4105852878e+00    1.0325779216e+04    9.5169803300e-01    9.9510943250e-01
        94   -1.0516381907e+01    1.1096021854e+02   -2.1970919673e+01    1.1454537766e+01   -7.0682476808e+00    5.4644273489e-01   -2.6734472868e+00   -1.2775667440e+01   -2.4334276568e+00    1.0339186576e+04    9.5850931400e-01    9.9465718983e-01
        95   -1.0542467127e+01    1.1150973618e+02   -2.1981515927e+01    1.1439048800e+01   -7.0748918188e+00    6.0486631211e-01   -2.7358229799e+00   -1.2775667440e+01   -2.5069660760e+00    1.0412047604e+04    1.0050951640e+00    9.9452554745e-01
        96   -1.0544729174e+01    1.1153549936e+02   -2.1939329496e+01    1.1394600322e+01   -7.0528701949e+00    6.3679485016e-01   -2.7475867113e+00   -1.2775667440e+01   -2.5169213701e+00    1.0372459666e+04    1.0133143860e+00    9.9468521018e-01
        97   -1.0525717760e+01    1.1113896901e+02   -2.2153406018e+01    1.1627688258e+01   -7.2477745904e+00    5.8503478137e-01   -2.7149987686e+00   -1.2775667440e+01   -2.4805324159e+00    1.0284629450e+04    9.7277839500e-01    9.9473748177e-01
        98   -1.0547939636e+01    1.1164224544e+02   -2.2191800666e+01    1.1643861030e+01   -7.3468947408e+00    6.1080857184e-01   -2.6800470568e+00   -1.2775667440e+01   -2.4441944588e+00    1.0271803351e+04    1.0025002010e+00    9.9463242454e-01
        99   -1.0560913914e+01    1.1188841856e+02   -2.2096185319e+01    1.1535271405e+01   -7.1934029265e+00    5.7862271519e-01   -2.7057376671e+00   -1.2775667440e+01   -2.4749247091e+00    1.0290987608e+04    1.0181536030e+00    9.9488481726e-01
       100   -1.0538412687e+01    1.1143020806e+02   -2.1999057702e+01    1.1460645014e+01   -7.1298427376e+00    6.1873151965e-01   -2.7122790434e+00   -1.2775667440e+01   -2.4753716282e+00    1.0178840930e+04    1.0112276720e+00    9.9466935246e-01
       101   -1.0525413378e+01    1.1116264624e+02   -2.1968659513e+01    1.1443246135e+01   -7.0502724600e+00    5.8528140179e-01   -2.7280010147e+00   -1.2775667440e+01   -2.4919771272e+00    1.0128011894e+04    1.0002133280e+00    9.9418633356e-01
       102   -1.0524705468e+01    1.1113727376e+02   -2.2032684142e+01    1.1507978674e+01   -7.1517651237e+00    6.0509404661e-01   -2.7103456248e+00   -1.2775667440e+01   -2.4736995277e+00    1.0099216623e+04    1.0173414830e+00    9.9459051297e-01
       103   -1.0532395459e+01    1.1130117494e+02   -2.2073335271e+01    1.1540939812e+01   -7.0899432960e+00    5.2985694954e-01   -2.7375814842e+00   -1.2775667440e+01   -2.5012319347e+00    1.0155413312e+04    9.9409026200e-01    9.9482962379e-01
       104   -1.0549549988e+01    1.1167370307e+02   -2.2115426997e+01    1.1565877009e+01   -7.2246136928e+00    5.8912504625e-01   -2.7042709102e+00   -1.2775667440e+01   -2.4678749668e+00    1.0255231541e+04    1.0178690460e+00    9.9468448259e-01
       105   -1.0553554340e+01    1.1176377796e+02   -2.2125093877e+01    1.1571539537e+01   -7.2720327284e+00    5.9747105482e-01   -2.6748647636e+00   -1.2775667440e+01   -2.4347544754e+00    1.0296147980e+04    1.0133933170e+00    9.9441422188e-01
       106   -1.0541473225e+01    1.1173022052e+02   -2.2043450356e+01    1.1501977131e+01   -7.2073464231e+00    5.9894504806e-01   -2.6593815407e+00   -1.2775667440e+01   -2.4179494451e+00    1.0325175609e+04    1.0468616380e+00    9.9469733656e-01
       107   -1.0533677445e+01    1.1136111873e+02   -2.2179617596e+01    1.1645940151e+01   -7.3197479177e+00    6.1914031523e-01   -2.7033425535e+00   -1.2775667440e+01   -2.4644093851e+00    1.0296063804e+04    1.0130145570e+00    9.9402680653e-01
       108   -1.0506448671e+01    1.1074092565e+02   -2.2009716665e+01    1.1503267994e+01   -7.1151151859e+00    6.0869619207e-01   -2.7276302310e+00   -1.2775667440e+01   -2.4896393989e+00    1.0355815330e+04    1.0120747930e+00    9.9490780963e-01
       109   -1.0527620966e+01    1.1117994572e+02   -2.1837618783e+01    1.1309997818e+01   -6.9736691402e+00    6.3149537932e-01   -2.7197775821e+00   -1.2775667440e+01   -2.4755669469e+00    1.0313323416e+04    1.0100807160e+00    9.9447353112e-01
       110   -1.0527446735e+01    1.1120298949e+02   -2.1854875567e+01    1.1327428832e+01   -7.0023476414e+00    6.1316098147e-01   -2.6900214672e+00   -1.2775667440e+01   -2.4461424908e+00    1.0333082380e+04    1.0115187000e+00    9.9481081866e-01
       111   -1.0542434614e+01    1.1149664523e+02   -2.1884030907e+01    1.1341596293e+01   -7.0155164483e+00    5.9936628865e-01   -2.6922133066e+00   -1.2775667440e+01   -2.4521461186e+00    1.0376195123e+04    9.9628371800e-01    9.9485591750e-01
       112   -1.0544531614e+01    1.1157745581e+02   -2.1978052745e+01    1.1433521131e+01   -7.0846794399e+00    5.6518973280e-01   -2.6828955975e+00   -1.2775667440e+01   -2.4447237272e+00    1.0443781833e+04    1.0026020450e+00    9.9447050938e-01
       113   -1.0533280983e+01    1.1130767189e+02   -2.1804640077e+01    1.1271359093e+01   -6.9999419230e+00    6.4445985474e-01   -2.6734905682e+00   -1.2775667440e+01   -2.4356709415e+00    1.0400931439e+04    9.6875985300e-01    9.9440011536e-01
       114   -1.0531576498e+01    1.1127728188e+02   -2.1924266123e+01    1.1392689625e+01   -7.0934997788e+00    6.0664286889e-01   -2.6617417729e+00   -1.2775667440e+01   -2.4245374738e+00    1.0301796353e+04    1.0069358410e+00    9.9421228888e-01
       115   -1.0554694062e+01    1.1179175592e+02   -2.1963129998e+01    1.1408435937e+01   -7.1197491286e+00    6.1504443174e-01   -2.6827578613e+00   -1.2775667440e+01   -2.4493984239e+00    1.0336729885e+04    1.0263805840e+00    9.9479922593e-01
       116   -1.0547913715e+01    1.1165653252e+02   -2.1997280478e+01    1.1449366763e+01   -7.2392483381e+00    6.9471468582e-01   -2.6770793851e+00   -1.2775667440e+01   -2.4415833303e+00    1.0404594838e+04    1.0453789860e+00    9.9466551326e-01
       117   -1.0539658013e+01    1.1144977145e+02   -2.2072088469e+01    1.1532430456e+01   -7.2523578475e+00    6.3715590361e-01   -2.6812190847e+00   -1.2775667440e+01   -2.4454189011e+00    1.0413551526e+04    1.0315962210e+00    9.9506673708e-01
       118   -1.0531493936e+01    1.1128903134e+02   -2.2130199272e+01    1.1598705336e+01   -7.2849740163e+00    6.0916467669e-01   -2.6787224917e+00   -1.2775667440e+01   -2.4481881740e+00    1.0323342758e+04    9.9507323000e-01    9.9472103836e-01
       119   -1.0533143605e+01    1.1132175073e+02   -2.2103355394e+01    1.1570211789e+01   -7.3095580804e+00    6.5851238112e-01   -2.6766422544e+00   -1.2775667440e+01   -2.4422255410e+00    1.0383177947e+04    1.0155659890e+00    9.9463116333e-01
       120   -1.0526303252e+01    1.1119362823e+02   -2.2159025213e+01    1.1632721961e+01   -7.3520056187e+00    6.6375388297e-01   -2.6951060372e+00   -1.2775667440e+01   -2.4595065229e+00    1.0330931050e+04    9.9943139200e-01    9.9488240418e-01
       121   -1.0526236994e+01    1.1125204410e+02   -2.2014385014e+01    1.1488148021e+01   -7.1888048343e+00    6.1066047139e-01   -2.6605732112e+00   -1.2775667440e+01   -2.4272335186e+00    1.0345641217e+04    1.0192070840e+00    9.9475693438e-01
       122   -1.0533118182e+01    1.1132135899e+02   -2.1936605918e+01    1.1403487736e+01   -7.1288582015e+00    6.3545145936e-01   -2.6675317354e+00   -1.2775667440e+01   -2.4268772637e+00    1.0380227132e+04    9.9271868300e-01    9.9501493112e-01
       123   -1.0535507288e+01    1.1137340462e+02   -2.2031761733e+01    1.1496254445e+01   -7.1547717544e+00    5.9497526129e-01   -2.6962978000e+00   -1.2775667440e+01   -2.4654348467e+00    1.0452712237e+04    9.7239842600e-01    9.9515735604e-01
       124   -1.0527464364e+01    1.1120893930e+02   -2.2119315685e+01    1.1591851322e+01   -7.2182023887e+00    5.7123806784e-01   -2.6966839241e+00   -1.2775667440e+01   -2.4647817833e+00    1.0459635449e+04    9.6418469400e-01    9.9445612694e-01
       125   -1.0553622406e+01    1.1173164558e+02   -2.2096131409e+01    1.1542509003e+01   -7.2880556983e+00    6.4198259443e-01   -2.6743908646e+00   -1.2775667440e+01   -2.4425809305e+00    1.0460321809e+04    9.9265991500e-01    9.9467017208e-01
       126   -1.0543481930e+01    1.1155786878e+02   -2.2041578388e+01    1.1498096458e+01   -7.1577722964e+00    5.9948944461e-01   -2.7076280960e+00   -1.2775667440e+01   -2.4759663932e+00    1.0485847668e+04    1.0293324440e+00    9.9449318203e-01
       127   -1.0537531219e+01    1.1138725864e+02   -2.1949265377e+01    1.1411734158e+01   -7.0297148545e+00    5.7073177090e-01   -2.7146148527e+00   -1.2775667440e+01   -2.4749799845e+00    1.0478516723e+04    1.0257478720e+00    9.9477576336e-01
       128   -1.0524014510e+01    1.1111148296e+02   -2.2042270981e+01    1.1518256471e+01   -7.1667844681e+00    5.9827899797e-01   -2.6980980706e+00   -1.2775667440e+01   -2.4516067345e+00    1.0571549540e+04    1.0191663220e+00    9.9486997636e-01
       129   -1.0515185634e+01    1.1091533187e+02   -2.1792860383e+01    1.1277674748e+01   -6.9241163548e+00    5.8582731406e-01   -2.6789039016e+00   -1.2775667440e+01   -2.4362944670e+00    1.0625711381e+04    9.9480372000e-01    9.9468535415e-01
       130   -1.0539976565e+01    1.1146457608e+02   -2.1814475494e+01    1.1274498929e+01   -6.9407345376e+00    6.1924532416e-01   -2.7173188401e+00   -1.2775667440e+01   -2.4791163736e+00    1.0662647780e+04    1.0410092680e+00    9.9474967185e-01
       131   -1.0529978639e+01    1.1125215140e+02   -2.1823055613e+01    1.1293076974e+01   -6.9959619457e+00    6.4036971471e-01   -2.6917959420e+00   -1.2775667440e+01   -2.4542613399e+00    1.0674786126e+04    1.0321060130e+00    9.9488482068e-01
       132   -1.0530390595e+01    1.1123228560e+02   -2.1910840148e+01    1.1380449553e+01   -7.1516454455e+00    7.1651034398e-01   -2.7000376059e+00   -1.2775667440e+01   -2.4594337871e+00    1.0654998999e+04    1.0145937300e+00    9.9540294587e-01
       133   -1.0527248563e+01    1.1117937824e+02   -2.1965815167e+01    1.1438566604e+01   -7.2292645987e+00    6.9609653291e-01   -2.6569796610e+00   -1.2775667440e+01   -2.4119901604e+00    1.0590246694e+04    1.0292128830e+00    9.9437181423e-01
       134   -1.0520930951e+01    1.1109657409e+02   -2.1949451325e+01    1.1428520375e+01   -7.1501352261e+00    6.3326393379e-01   -2.6569125928e+00   -1.2775667440e+01   -2.4087920693e+00    1.0557892607e+04    1.0236508630e+00    9.9512402954e-01
       135   -1.0533259003e+01    1.1130514355e+02   -2.1999902917e+01    1.1466643914e+01   -7.0810101809e+00    6.0796188852e-01   -2.7511871841e+00   -1.2775667440e+01   -2.5106302974e+00    1.0551321457e+04    1.0421510170e+00    9.9534536669e-01
       136   -1.0552013499e+01    1.1170394628e+02   -2.1994610034e+01    1.1442596535e+01   -7.0194528907e+00    5.7036411940e-01   -2.7698538225e+00   -1.2775667440e+01   -2.5340291248e+00    1.0550498199e+04    1.0834390860e+00    9.9436072410e-01
       137   -1.0539256217e+01    1.1143186052e+02   -2.2084529472e+01    1.1545273254e+01   -7.2401230461e+00    6.3337055315e-01   -2.7021095384e+00   -1.2775667440e+01   -2.4633874171e+00    1.0546957180e+04    1.1143810510e+00    9.9490473031e-01
       138   -1.0551647701e+01    1.1174824878e+02   -2.2080991265e+01    1.1529343564e+01   -7.2828950583e+00    6.4036599301e-01   -2.6627947597e+00   -1.2775667440e+01   -2.4201185648e+00    1.0543067903e+04    1.1245452310e+00    9.9473634294e-01
       139   -1.0532801517e+01    1.1129864778e+02   -2.2041804295e+01    1.1509002778e+01   -7.1903456868e+00    6.1542467528e-01   -2.6912158432e+00   -1.2775667440e+01   -2.4532965325e+00    1.0535651711e+04    1.0910713300e+00    9.9463845132e-01
       140   -1.0542376218e+01    1.1155203264e+02   -2.2056556766e+01    1.1514180548e+01   -7.2778019561e+00    6.6889437347e-01   -2.6719817433e+00   -1.2775667440e+01   -2.4393446740e+00    1.0403328794e+04    1.0129577370e+00    9.9488177624e-01
       141   -1.0543828502e+01    1.1157003071e+02   -2.2259964923e+01    1.1716136421e+01   -7.5319629247e+00    7.0630396068e-01   -2.6586385183e+00   -1.2775667440e+01   -2.4231983732e+00    1.0361431932e+04    1.0269911640e+00    9.9431763343e-01
       142   -1.0525263379e+01    1.1115262887e+02   -2.2306928701e+01    1.1781665322e+01   -7.4596660561e+00    5.9513218080e-01   -2.6667273856e+00   -1.2775667440e+01   -2.4263224310e+00    1.0439907778e+04    1.0214722600e+00    9.9467295537e-01
       143   -1.0519522052e+01    1.1116998291e+02   -2.2275099751e+01    1.1755577699e+01   -7.4283530784e+00    5.9965187704e-01   -2.6707311098e+00   -1.2775667440e+01   -2.4263516218e+00    1.0409252017e+04    1.0234574070e+00    9.9463359585e-01
       144   -1.0521639126e+01    1.1108733859e+02   -2.2247265815e+01    1.1725626689e+01   -7.4491238415e+00    6.3901141244e-01   -2.6614859454e+00   -1.2775667440e+01   -2.4175206779e+00    1.0476011860e+04    1.0244894430e+00    9.9423847695e-01
       145   -1.0532789977e+01    1.1133482454e+02   -2.2189445286e+01    1.1656655309e+01   -7.4585474715e+00    6.6959600638e-01   -2.6248263809e+00   -1.2775667440e+01   -2.3800027089e+00    1.0404594046e+04    1.0215691310e+00    9.9457044013e-01
       146   -1.0538169142e+01    1.1143279642e+02   -2.2083222003e+01    1.1545052861e+01   -7.4112696591e+00    7.5213639963e-01   -2.6484213029e+00   -1.2775667440e+01   -2.4020376325e+00    1.0429222285e+04    1.0246330410e+00    9.9453499521e-01
       147   -1.0533401157e+01    1.1145371685e+02   -2.2134702060e+01    1.1601300903e+01   -7.3009276024e+00    6.1538107743e-01   -2.6734880952e+00   -1.2775667440e+01   -2.4322675045e+00    1.0470001129e+04    1.0699295210e+00    9.9449723071e-01
       148   -1.0523474490e+01    1.1111880968e+02   -2.2272459570e+01    1.1748985080e+01   -7.4536799964e+00    5.9549520710e-01   -2.6386073403e+00   -1.2775667440e+01   -2.3948401612e+00    1.0404865637e+04    1.0646190890e+00    9.9487124051e-01
       149   -1.0517858708e+01    1.1097606353e+02   -2.2202332103e+01    1.1684473395e+01   -7.3820369245e+00    6.2622437021e-01   -2.6708521084e+00   -1.2775667440e+01   -2.4334468770e+00    1.0380489340e+04    1.0512268970e+00    9.9464268516e-01
       150   -1.0551166318e+01    1.1169451779e+02   -2.2087935114e+01    1.1536768796e+01   -7.2458519656e+00    6.3976135131e-01   -2.7061770596e+00   -1.2775667440e+01   -2.4675304002e+00    1.0434111804e+04    1.0587044190e+00    9.9472877132e-01
       151   -1.0550444241e+01    1.1168558456e+02   -2.2080727064e+01    1.1530282823e+01   -7.2200911948e+00    6.2801243354e-01   -2.7129808624e+00   -1.2775667440e+01   -2.4759080107e+00    1.0434382860e+04    1.0471632620e+00    9.9480065172e-01
       152   -1.0540774274e+01    1.1151315601e+02   -2.2230073291e+01    1.1689299017e+01   -7.3628169094e+00    6.0080412515e-01   -2.6923930669e+00   -1.2775667440e+01   -2.4538293530e+00    1.0431188105e+04    1.0182143100e+00    9.9459595475e-01
       153   -1.0525704301e+01    1.1116981210e+02   -2.2220632875e+01    1.1694928573e+01   -7.3158215860e+00    5.5682772505e-01   -2.6859715736e+00   -1.2775667440e+01   -2.4386985433e+00    1.0445632272e+04    1.0733402780e+00    9.9462815850e-01
       154   -1.0517497068e+01    1.1099968679e+02   -2.2186577408e+01    1.1669080339e+01   -7.2853901838e+00    5.4670351107e-01   -2.6722232948e+00   -1.2775667440e+01   -2.4286096100e+00    1.0411163126e+04    1.0741359580e+00    9.9475465719e-01
       155   -1.0509693076e+01    1.1084526471e+02   -2.2380948142e+01    1.1871255066e+01   -7.5874730585e+00    6.2525390512e-01   -2.6430615488e+00   -1.2775667440e+01   -2.4026803073e+00    1.0320014156e+04    1.0957626150e+00    9.9462365591e-01
       156   -1.0507862205e+01    1.1081158660e+02   -2.2340706398e+01    1.1832844193e+01   -7.5794620786e+00    6.2254374180e-01   -2.6081206210e+00   -1.2775667440e+01   -2.3597173991e+00    1.0251717310e+04    1.0988835340e+00    9.9463623952e-01
       157   -1.0514108725e+01    1.1095392959e+02   -2.2090828767e+01    1.1576720042e+01   -7.3214784674e+00    6.1963821544e-01   -2.6133210749e+00   -1.2775667440e+01   -2.3634196092e+00    1.0262057417e+04    1.0780631400e+00    9.9507989088e-01
       158   -1.0507903765e+01    1.1085941779e+02   -2.2092831894e+01    1.1584928130e+01   -7.3587467484e+00    6.6860761268e-01   -2.6270253182e+00   -1.2775667440e+01   -2.3846103625e+00    1.0312082707e+04    1.1096412510e+00    9.9509209889e-01
       159   -1.0522002815e+01    1.1109540629e+02   -2.2264443948e+01    1.1742441133e+01   -7.5148012200e+00    6.6879444628e-01   -2.6427697345e+00   -1.2775667440e+01   -2.4039044622e+00    1.0241288996e+04    1.0668467600e+00    9.9472759227e-01
       160   -1.0530251018e+01    1.1124373997e+02   -2.2240676763e+01    1.1710425745e+01   -7.4593238869e+00    6.7224618994e-01   -2.6779316254e+00   -1.2775667440e+01   -2.4370307033e+00    1.0278811617e+04    1.0707124090e+00    9.9453983851e-01
       161   -1.0540485421e+01    1.1143970503e+02   -2.2077211971e+01    1.1536726550e+01   -7.2390023910e+00    6.2405258361e-01   -2.6865947236e+00   -1.2775667440e+01   -2.4455226540e+00    1.0328181836e+04    1.0575285910e+00    9.9478359799e-01
       162   -1.0553013849e+01    1.1174583366e+02   -2.2068163879e+01    1.1515150030e+01   -7.2938169250e+00    6.6158744869e-01   -2.6602669626e+00   -1.2775667440e+01   -2.4228582319e+00    1.0404953745e+04    1.0079766980e+00    9.9486976163e-01
       163   -1.0540162425e+01    1.1149948938e+02   -2.2087212843e+01    1.1547050418e+01   -7.3490026881e+00    6.7430839273e-01   -2.6368511076e+00   -1.2775667440e+01   -2.3998099022e+00    1.0434398574e+04    9.9808858800e-01    9.9490896023e-01
       164   -1.0523749065e+01    1.1114054825e+02   -2.2078525221e+01    1.1554776155e+01   -7.3812897567e+00    6.9588173529e-01   -2.6174497589e+00   -1.2775667440e+01   -2.3820272355e+00    1.0417637396e+04    9.9472269900e-01    9.9448176583e-01
       165   -1.0534752709e+01    1.1136640410e+02   -2.2099501252e+01    1.1564748543e+01   -7.3166988943e+00    6.6042983935e-01   -2.6675647570e+00   -1.2775667440e+01   -2.4340536925e+00    1.0378202028e+04    1.0304391410e+00    9.9485740437e-01
       166   -1.0528121184e+01    1.1124656618e+02   -2.2088515159e+01    1.1560393974e+01   -7.2409162111e+00    6.0172867577e-01   -2.6736601832e+00   -1.2775667440e+01   -2.4384604301e+00    1.0294232058e+04    9.9870855000e-01    9.9481544439e-01
       167   -1.0519976162e+01    1.1107642154e+02   -2.1998047906e+01    1.1478071745e+01   -7.1651119649e+00    6.2431964674e-01   -2.6815881481e+00   -1.2775667440e+01   -2.4484013326e+00    1.0263841096e+04    9.7968260200e-01    9.9486117876e-01
       168   -1.0506393816e+01    1.1076444315e+02   -2.1996141406e+01    1.1489747590e+01   -7.1937585287e+00    6.1765079020e-01   -2.6443662274e+00   -1.2775667440e+01   -2.4075736513e+00    1.0282025111e+04    1.0590413930e+00    9.9484686437e-01
       169   -1.0520706926e+01    1.1101719918e+02   -2.2090056212e+01    1.1569349285e+01   -7.2852009061e+00    6.4547005848e-01   -2.6746579238e+00   -1.2775667440e+01   -2.4371487499e+00    1.0309534186e+04    1.0605050540e+00    9.9513868684e-01
       170   -1.0533386132e+01    1.1137324623e+02   -2.2202047936e+01    1.1668661804e+01   -7.3293509042e+00    5.6465496687e-01   -2.6616845589e+00   -1.2775667440e+01   -2.4229959556e+00    1.0339231173e+04    1.0351855850e+00    9.9418520309e-01
       171   -1.0512074704e+01    1.1086154466e+02   -2.2373511231e+01    1.1861436527e+01   -7.5258701347e+00    5.7300632026e-01   -2.6449799764e+00   -1.2775667440e+01   -2.4034221900e+00    1.0376126583e+04    1.0295368510e+00    9.9478514308e-01
       172   -1.0505184099e+01    1.1078678870e+02   -2.2422415498e+01    1.1917231399e+01   -7.6184932495e+00    5.7996401296e-01   -2.6082188215e+00   -1.2775667440e+01   -2.3666698395e+00    1.0410974425e+04    1.0499748620e+00    9.9473115699e-01
       173   -1.0509081392e+01    1.1084843944e+02   -2.2391453020e+01    1.1882371628e+01   -7.5742992514e+00    5.6886044105e-01   -2.6103467690e+00   -1.2775667440e+01   -2.3728146226e+00    1.0465764959e+04    1.0177896940e+00    9.9447230181e-01
       174   -1.0507762686e+01    1.1076619220e+02   -2.2309223166e+01    1.1801460480e+01   -7.5067706240e+00    6.1652562154e-01   -2.6433107229e+00   -1.2775667440e+01   -2.3989755753e+00    1.0443817020e+04    1.0241899330e+00    9.9533403522e-01
       175   -1.0513674507e+01    1.1093086195e+02   -2.2384669334e+01    1.1870994827e+01   -7.5906901351e+00    5.8723585789e-01   -2.6055476166e+00   -1.2775667440e+01   -2.3581856789e+00    1.0431252701e+04    1.0438986670e+00    9.9468136080e-01
       176   -1.0517131393e+01    1.1096636682e+02   -2.2264616691e+01    1.1747485298e+01   -7.5499925639e+00    6.6206624422e-01   -2.6010229308e+00   -1.2775667440e+01   -2.3589149230e+00    1.0425269986e+04    1.1268418930e+00    9.9455792098e-01
       177   -1.0519058121e+01    1.1100275965e+02   -2.2306719572e+01    1.1787661451e+01   -7.5554376001e+00    6.8510037985e-01   -2.6607149116e+00   -1.2775667440e+01   -2.4202133070e+00    1.0418113664e+04    1.0203391130e+00    9.9453027541e-01
       178   -1.0523282829e+01    1.1110043024e+02   -2.2214239834e+01    1.1690957005e+01   -7.4460130503e+00    6.6385793741e-01   -2.6564172809e+00   -1.2775667440e+01   -2.4090387937e+00    1.0435688845e+04    1.0065817780e+00    9.9449128185e-01
       179   -1.0508882555e+01    1.1084200954e+02   -2.2091075226e+01    1.1582192671e+01   -7.3571840591e+00    6.7744573610e-01   -2.6356694627e+00   -1.2775667440e+01   -2.3847257164e+00    1.0396300460e+04    1.0094778350e+00    9.9468750000e-01
       180   -1.0498062238e+01    1.1057790054e+02   -2.1951989831e+01    1.1453927593e+01   -7.1409861611e+00    6.2980535581e-01   -2.6651415857e+00   -1.2775667440e+01   -2.4216355035e+00    1.0243723900e+04    9.8911716500e-01    9.9487654923e-01
       181   -1.0528789996e+01    1.1124056037e+02   -2.2065520063e+01    1.1536730067e+01   -7.2274797159e+00    5.9288898353e-01   -2.6552618900e+00   -1.2775667440e+01   -2.4124678836e+00    1.0216297585e+04    9.8277839000e-01    9.9460405247e-01
       182   -1.0538155574e+01    1.1145865909e+02   -2.2021872754e+01    1.1483717179e+01   -7.1698747053e+00    5.6857397313e-01   -2.6449045811e+00   -1.2775667440e+01   -2.3972863586e+00    1.0244924962e+04    9.7752407000e-01    9.9438695822e-01
       183   -1.0511780793e+01    1.1087132596e+02   -2.1870699697e+01    1.1358918904e+01   -7.0089942359e+00    5.6691040059e-01   -2.6529484214e+00   -1.2775667440e+01   -2.4060496488e+00    1.0233519707e+04    9.8485344900e-01    9.9512701514e-01
       184   -1.0527940598e+01    1.1123900784e+02   -2.1972653258e+01    1.1444712660e+01   -7.2221012165e+00    6.6990435604e-01   -2.6447889574e+00   -1.2775667440e+01   -2.4013062190e+00    1.0169463654e+04    9.9129235400e-01    9.9459140525e-01
       185   -1.0527887624e+01    1.1118742146e+02   -2.1856599356e+01    1.1328711733e+01   -7.0642076755e+00    6.3506855635e-01   -2.6517927969e+00   -1.2775667440e+01   -2.4096610548e+00    1.0175725049e+04    9.7940051900e-01    9.9474201474e-01
       186   -1.0514748247e+01    1.1093694198e+02   -2.1871137150e+01    1.1356388903e+01   -7.1070055500e+00    6.2474308322e-01   -2.6132072435e+00   -1.2775667440e+01   -2.3701572336e+00    1.0066211869e+04    9.7732080300e-01    9.9452364395e-01
       187   -1.0510505336e+01    1.1084741659e+02   -2.1853603390e+01    1.1343098054e+01   -7.0533855332e+00    6.3461569769e-01   -2.6591661138e+00   -1.2775667440e+01   -2.4169851418e+00    1.0043388722e+04    9.6967843400e-01    9.9490938962e-01
       188   -1.0501385877e+01    1.1064783320e+02   -2.2064001127e+01    1.1562615249e+01   -7.3265395581e+00    6.6927732338e-01   -2.6310714518e+00   -1.2775667440e+01   -2.3842946173e+00    1.0071812455e+04    1.0138392720e+00    9.9476322843e-01
       189   -1.0520947155e+01    1.1105575497e+02   -2.2057822571e+01    1.1536875416e+01   -7.3056454908e+00    6.8051876501e-01   -2.6570284045e+00   -1.2775667440e+01   -2.4084093946e+00    1.0142368941e+04    1.0269173860e+00    9.9440445671e-01
       190   -1.0513409224e+01    1.1093975741e+02   -2.2094604560e+01    1.1581195336e+01   -7.2572062683e+00    5.9809216621e-01   -2.6598230175e+00   -1.2775667440e+01   -2.4159578841e+00    1.0175327635e+04    9.6594959500e-01    9.9493907233e-01
       191   -1.0524174459e+01    1.1114418484e+02   -2.2099262631e+01    1.1575088172e+01   -7.2758472042e+00    6.1669174373e-01   -2.6644397302e+00   -1.2775667440e+01   -2.4231216449e+00    1.0200079516e+04    9.9173287700e-01    9.9436274510e-01
       192   -1.0518751772e+01    1.1103152056e+02   -2.2138407732e+01    1.1619655960e+01   -7.2773883904e+00    5.8292082592e-01   -2.6682727277e+00   -1.2775667440e+01   -2.4256143217e+00    1.0202682296e+04    1.0235523400e+00    9.9484220327e-01
       193   -1.0506755916e+01    1.1082481513e+02   -2.2128490290e+01    1.1621734374e+01   -7.2532957457e+00    5.4447237112e-01   -2.6439994753e+00   -1.2775667440e+01   -2.4043668487e+00    1.0154585096e+04    1.0254240090e+00    9.9414139425e-01
       194   -1.0527963164e+01    1.1120603081e+02   -2.2151994095e+01    1.1624030931e+01   -7.1384458975e+00    5.0257139110e-01   -2.7404521482e+00   -1.2775667440e+01   -2.5031354631e+00    1.0149816818e+04    9.7307579900e-01    9.9486402601e-01
       195   -1.0505906765e+01    1.1075641064e+02   -2.2023423427e+01    1.1517516662e+01   -7.0501221323e+00    5.2854033004e-01   -2.7261741850e+00   -1.2775667440e+01   -2.4855712907e+00    1.0084453423e+04    9.8359287000e-01    9.9499256321e-01
       196   -1.0507828212e+01    1.1078108731e+02   -2.1917278711e+01    1.1409450500e+01   -7.0780073054e+00    6.2660461455e-01   -2.6902085802e+00   -1.2775667440e+01   -2.4510175812e+00    1.0061846483e+04    9.7494444600e-01    9.9455873584e-01
       197   -1.0529761955e+01    1.1123047762e+02   -2.1795037237e+01    1.1265275281e+01   -6.9570393111e+00    6.3764243217e-01   -2.6999729175e+00   -1.2775667440e+01   -2.4663990411e+00    1.0052074309e+04    9.7994718100e-01    9.9486318408e-01
       198   -1.0530961195e+01    1.1124993919e+02   -2.1801483836e+01    1.1270522641e+01   -7.0245289089e+00    6.4763273396e-01   -2.6489202211e+00   -1.2775667440e+01   -2.4131698997e+00    1.0063090133e+04    9.9305530900e-01    9.9480667926e-01
       199   -1.0538420407e+01    1.1146628099e+02   -2.1907347141e+01    1.1368926733e+01   -7.1220293033e+00    6.7322408979e-01   -2.6828744868e+00   -1.2775667440e+01   -2.4438345409e+00    1.0091303488e+04    9.6977431500e-01    9.9469719496e-01
