#   index    LocalEnergy         LocalEnergy_sq      LocalPotential      Kinetic             LocalECP            NonLocalECP         ElecElec            IonIon              BlockWeight         BlockCPU            AcceptRatio         
         0   -1.0462171641e+01    1.0993550406e+02   -2.1939984901e+01    1.1477813261e+01   -7.3377361753e+00    6.3642749815e-01   -2.4630087841e+00   -1.2775667440e+01    5.1600000000e+02    2.2077210083e-02    5.3442344961e-01
         1   -1.0483821428e+01    1.1035905927e+02   -2.2338015321e+01    1.1854193893e+01   -7.4043123634e+00    5.4155414073e-01   -2.6995896582e+00   -1.2775667440e+01    5.1600000000e+02    2.2116710333e-02    5.3638565891e-01
         2   -1.0498264301e+01    1.1063695948e+02   -2.1828474199e+01    1.1330209898e+01   -7.1699137162e+00    6.7498842922e-01   -2.5578814719e+00   -1.2775667440e+01    5.1600000000e+02    2.2192830000e-02    5.3745155039e-01
         3   -1.0500867304e+01    1.1057330257e+02   -2.1961747642e+01    1.1460880338e+01   -7.2000586239e+00    6.6394918945e-01   -2.6499707675e+00   -1.2775667440e+01    5.1600000000e+02    2.2338510000e-02    5.3931686047e-01
         4   -1.0538293269e+01    1.1140338639e+02   -2.1889125013e+01    1.1350831743e+01   -7.0661725389e+00    6.0445272927e-01   -2.6517377627e+00   -1.2775667440e+01    5.1600000000e+02    2.2267743083e-02    5.3892926357e-01
         5   -1.0478228383e+01    1.1016926706e+02   -2.1894844704e+01    1.1416616321e+01   -7.1097193351e+00    5.6053244661e-01   -2.5699903756e+00   -1.2775667440e+01    5.1600000000e+02    2.2439844667e-02    5.3381782946e-01
         6   -1.0503082554e+01    1.1073564736e+02   -2.1987551298e+01    1.1484468745e+01   -7.3394801816e+00    7.3642826954e-01   -2.6088319457e+00   -1.2775667440e+01    5.1600000000e+02    2.2675762417e-02    5.4001937984e-01
         7   -1.0424942438e+01    1.0907980839e+02   -2.2354335251e+01    1.1929392813e+01   -7.5537494625e+00    5.8698453221e-01   -2.6119028804e+00   -1.2775667440e+01    5.1600000000e+02    2.2203323583e-02    5.4130329457e-01
         8   -1.0445702568e+01    1.0953859997e+02   -2.2219943535e+01    1.1774240966e+01   -7.5217046955e+00    6.0220415849e-01   -2.5247755575e+00   -1.2775667440e+01    5.1600000000e+02    2.2281103583e-02    5.3711240310e-01
         9   -1.0461948072e+01    1.0980885885e+02   -2.2599867859e+01    1.2137919787e+01   -7.7765558438e+00    5.6763162921e-01   -2.6152762045e+00   -1.2775667440e+01    5.1600000000e+02    2.2511863917e-02    5.3735465116e-01
        10   -1.0483151419e+01    1.1024375901e+02   -2.2156195680e+01    1.1673044261e+01   -7.2919745845e+00    5.0197656879e-01   -2.5905302243e+00   -1.2775667440e+01    5.1600000000e+02    2.2533780833e-02    5.3754844961e-01
        11   -1.0478668067e+01    1.1015304229e+02   -2.2068297570e+01    1.1589629503e+01   -7.2266511699e+00    5.4170025493e-01   -2.6076792143e+00   -1.2775667440e+01    5.1600000000e+02    2.2485748833e-02    5.3665213178e-01
        12   -1.0492877992e+01    1.1047456282e+02   -2.2111262706e+01    1.1618384714e+01   -7.2420571521e+00    5.2586822444e-01   -2.6194063382e+00   -1.2775667440e+01    5.1600000000e+02    2.2742192750e-02    5.4074612403e-01
        13   -1.0443107624e+01    1.0946466830e+02   -2.1845631885e+01    1.1402524261e+01   -7.1557533206e+00    6.6387965953e-01   -2.5780907839e+00   -1.2775667440e+01    5.1600000000e+02    2.2578568667e-02    5.3832364341e-01
        14   -1.0483045066e+01    1.1024408232e+02   -2.1816833706e+01    1.1333788640e+01   -7.0854455412e+00    6.0759485891e-01   -2.5633155832e+00   -1.2775667440e+01    5.1600000000e+02    2.2592483167e-02    5.3788759690e-01
        15   -1.0413953583e+01    1.0887986366e+02   -2.2278261603e+01    1.1864308021e+01   -7.4278420133e+00    4.9885318641e-01   -2.5736053363e+00   -1.2775667440e+01    5.1600000000e+02    2.4134292000e-02    5.4009205426e-01
        16   -1.0475688896e+01    1.1011515636e+02   -2.2219970385e+01    1.1744281488e+01   -7.5215899907e+00    6.6930025407e-01   -2.5920132078e+00   -1.2775667440e+01    5.1600000000e+02    2.2689277667e-02    5.3779069767e-01
        17   -1.0500479060e+01    1.1062802152e+02   -2.1861811207e+01    1.1361332148e+01   -7.1423583625e+00    7.2408039437e-01   -2.6678657989e+00   -1.2775667440e+01    5.1600000000e+02    2.2841009917e-02    5.3645833333e-01
        18   -1.0477278335e+01    1.1011004940e+02   -2.1966486819e+01    1.1489208484e+01   -7.4030335059e+00    7.7757328370e-01   -2.5653591565e+00   -1.2775667440e+01    5.1600000000e+02    2.2565892583e-02    5.3442344961e-01
        19   -1.0494666634e+01    1.1054592839e+02   -2.1783939148e+01    1.1289272513e+01   -6.9345551070e+00    6.5218053122e-01   -2.7258971315e+00   -1.2775667440e+01    5.1600000000e+02    2.2559827083e-02    5.3856589147e-01
        20   -1.0465036493e+01    1.0985758989e+02   -2.1883951339e+01    1.1418914846e+01   -7.1340258066e+00    6.4675847425e-01   -2.6210165659e+00   -1.2775667440e+01    5.1600000000e+02    2.2571557833e-02    5.3725775194e-01
        21   -1.0510466925e+01    1.1079681740e+02   -2.1921329768e+01    1.1410862842e+01   -7.1999454925e+00    7.4079415071e-01   -2.6865109856e+00   -1.2775667440e+01    5.1600000000e+02    2.2508087500e-02    5.3919573643e-01
        22   -1.0486829978e+01    1.1034138212e+02   -2.1847718372e+01    1.1360888395e+01   -7.0540774511e+00    5.9620681144e-01   -2.6141802925e+00   -1.2775667440e+01    5.1600000000e+02    2.2755509583e-02    5.3398740310e-01
        23   -1.0486715078e+01    1.1037353891e+02   -2.2072179002e+01    1.1585463924e+01   -7.4462608450e+00    6.5743239493e-01   -2.5076831121e+00   -1.2775667440e+01    5.1600000000e+02    2.2708128500e-02    5.3786337209e-01
        24   -1.0473798770e+01    1.1008678214e+02   -2.2250419176e+01    1.1776620406e+01   -7.4433408966e+00    6.3352228527e-01   -2.6649331245e+00   -1.2775667440e+01    5.1600000000e+02    2.2694485583e-02    5.3660368217e-01
        25   -1.0509800700e+01    1.1085793121e+02   -2.2227569692e+01    1.1717768992e+01   -7.3697493943e+00    5.5634718965e-01   -2.6385000474e+00   -1.2775667440e+01    5.1600000000e+02    2.2754208000e-02    5.3294573643e-01
        26   -1.0494297325e+01    1.1047585498e+02   -2.2114584210e+01    1.1620286885e+01   -7.1855344778e+00    4.7721040124e-01   -2.6305926933e+00   -1.2775667440e+01    5.1600000000e+02    2.2756147500e-02    5.4035852713e-01
        27   -1.0450060133e+01    1.0966148768e+02   -2.2054536483e+01    1.1604476350e+01   -7.3292863149e+00    6.3674859434e-01   -2.5863313223e+00   -1.2775667440e+01    5.1600000000e+02    2.2852722417e-02    5.4169089147e-01
        28   -1.0495126995e+01    1.1058209588e+02   -2.2034703992e+01    1.1539576996e+01   -7.2550734468e+00    6.7821372127e-01   -2.6821768259e+00   -1.2775667440e+01    5.1600000000e+02    2.2761605583e-02    5.3796027132e-01
        29   -1.0459646638e+01    1.0982844685e+02   -2.1719274624e+01    1.1259627986e+01   -6.9456774911e+00    5.7324608613e-01   -2.5711757786e+00   -1.2775667440e+01    5.1600000000e+02    2.3024681083e-02    5.3633720930e-01
        30   -1.0502281112e+01    1.1066206419e+02   -2.2220335535e+01    1.1718054423e+01   -7.5232845161e+00    6.9373533601e-01   -2.6151189145e+00   -1.2775667440e+01    5.1600000000e+02    2.2785990917e-02    5.3250968992e-01
        31   -1.0499340333e+01    1.1073063168e+02   -2.1605663014e+01    1.1106322681e+01   -6.7070341569e+00    5.5439971187e-01   -2.6773611290e+00   -1.2775667440e+01    5.1600000000e+02    2.3074749667e-02    5.3793604651e-01
        32   -1.0474008757e+01    1.1004973640e+02   -2.2321030939e+01    1.1847022182e+01   -7.4398604597e+00    6.2136030385e-01   -2.7268633434e+00   -1.2775667440e+01    5.1600000000e+02    2.3615751000e-02    5.4241763566e-01
        33   -1.0462852010e+01    1.0997150669e+02   -2.2251048288e+01    1.1788196278e+01   -7.4747275359e+00    6.4594805840e-01   -2.6466013707e+00   -1.2775667440e+01    5.1600000000e+02    2.2782041583e-02    5.3822674419e-01
        34   -1.0462255229e+01    1.0982679056e+02   -2.2144770348e+01    1.1682515119e+01   -7.4265573303e+00    6.3022041030e-01   -2.5727659878e+00   -1.2775667440e+01    5.1600000000e+02    2.2982854750e-02    5.3631298450e-01
        35   -1.0520620591e+01    1.1111130275e+02   -2.2162223092e+01    1.1641602500e+01   -7.3978953896e+00    6.1681080667e-01   -2.6054710684e+00   -1.2775667440e+01    5.1600000000e+02    2.3083020833e-02    5.4120639535e-01
        36   -1.0479829791e+01    1.1029861824e+02   -2.1713284245e+01    1.1233454454e+01   -7.0506614367e+00    6.0882620730e-01   -2.4957815755e+00   -1.2775667440e+01    5.1600000000e+02    2.2819544000e-02    5.3607073643e-01
        37   -1.0522699276e+01    1.1146280970e+02   -2.1625660052e+01    1.1102960776e+01   -7.0024529492e+00    7.8640936547e-01   -2.6339490279e+00   -1.2775667440e+01    5.1600000000e+02    2.2705708667e-02    5.4057655039e-01
        38   -1.0511485694e+01    1.1093718094e+02   -2.2050185369e+01    1.1538699675e+01   -7.2634828513e+00    6.1661963609e-01   -2.6276547134e+00   -1.2775667440e+01    5.1600000000e+02    2.2398035750e-02    5.3919573643e-01
        39   -1.0508462607e+01    1.1076132198e+02   -2.2017321199e+01    1.1508858592e+01   -7.1442391867e+00    6.1000117956e-01   -2.7074157512e+00   -1.2775667440e+01    5.1600000000e+02    2.2319455500e-02    5.3972868217e-01
        40   -1.0505274876e+01    1.1069235014e+02   -2.2265601429e+01    1.1760326553e+01   -7.2880811821e+00    4.6028694153e-01   -2.6621397480e+00   -1.2775667440e+01    5.1600000000e+02    2.2596814333e-02    5.3810562016e-01
        41   -1.0505697272e+01    1.1074595601e+02   -2.1655859251e+01    1.1150161979e+01   -6.7713314708e+00    5.8466961218e-01   -2.6935299523e+00   -1.2775667440e+01    5.1600000000e+02    2.2799566333e-02    5.3665213178e-01
        42   -1.0489093718e+01    1.1045075021e+02   -2.2132412758e+01    1.1643319040e+01   -7.3356972293e+00    5.5911081011e-01   -2.5801588987e+00   -1.2775667440e+01    5.1600000000e+02    2.2695645333e-02    5.3791182171e-01
        43   -1.0535561989e+01    1.1136660830e+02   -2.2012148705e+01    1.1476586717e+01   -7.0790982832e+00    5.6383859584e-01   -2.7212215778e+00   -1.2775667440e+01    5.1600000000e+02    2.2707517833e-02    5.3781492248e-01
        44   -1.0510979868e+01    1.1084817625e+02   -2.1994150174e+01    1.1483170306e+01   -7.2415855519e+00    6.6923251831e-01   -2.6461297002e+00   -1.2775667440e+01    5.1600000000e+02    2.2604824500e-02    5.3694282946e-01
        45   -1.0456081683e+01    1.0979461487e+02   -2.1800402380e+01    1.1344320697e+01   -7.3257503128e+00    7.6624694596e-01   -2.4652315729e+00   -1.2775667440e+01    5.1600000000e+02    2.2827509917e-02    5.3720930233e-01
        46   -1.0448892816e+01    1.0967881208e+02   -2.2111131281e+01    1.1662238465e+01   -7.4964826477e+00    7.3655734143e-01   -2.5755385341e+00   -1.2775667440e+01    5.1600000000e+02    2.2827992667e-02    5.3706395349e-01
        47   -1.0457843921e+01    1.0972986437e+02   -2.2050630820e+01    1.1592786899e+01   -7.3273226581e+00    5.3778186479e-01   -2.4854225867e+00   -1.2775667440e+01    5.1600000000e+02    2.2856880750e-02    5.3832364341e-01
        48   -1.0478620065e+01    1.1015747187e+02   -2.2287590453e+01    1.1808970388e+01   -7.6560204802e+00    7.4304417436e-01   -2.5989467071e+00   -1.2775667440e+01    5.1600000000e+02    2.2945356750e-02    5.4086724806e-01
        49   -1.0462634458e+01    1.0987905930e+02   -2.2221628431e+01    1.1758993974e+01   -7.2715078980e+00    5.4468878025e-01   -2.7191418732e+00   -1.2775667440e+01    5.1600000000e+02    2.2980883417e-02    5.4064922481e-01
        50   -1.0504023385e+01    1.1074391043e+02   -2.1890437061e+01    1.1386413676e+01   -7.2350120903e+00    6.2794711615e-01   -2.5077046465e+00   -1.2775667440e+01    5.1600000000e+02    2.2717318167e-02    5.3558624031e-01
        51   -1.0499094057e+01    1.1062077229e+02   -2.2017533557e+01    1.1518439500e+01   -7.2912756343e+00    6.8945924490e-01   -2.6400497275e+00   -1.2775667440e+01    5.1600000000e+02    2.2932035833e-02    5.3667635659e-01
        52   -1.0493411037e+01    1.1048734979e+02   -2.2116965017e+01    1.1623553979e+01   -7.2811855864e+00    6.4425904497e-01   -2.7043710349e+00   -1.2775667440e+01    5.1600000000e+02    2.2863535250e-02    5.3750000000e-01
        53   -1.0475908281e+01    1.1023050485e+02   -2.2542186361e+01    1.2066278079e+01   -7.6455278472e+00    5.1877195054e-01   -2.6397630237e+00   -1.2775667440e+01    5.1600000000e+02    2.2773367833e-02    5.4164244186e-01
        54   -1.0494143423e+01    1.1049744061e+02   -2.2120949855e+01    1.1626806433e+01   -7.3336561293e+00    6.5440144865e-01   -2.6660277345e+00   -1.2775667440e+01    5.1600000000e+02    2.2640216250e-02    5.4132751938e-01
        55   -1.0434462201e+01    1.0925334480e+02   -2.2020582416e+01    1.1586120215e+01   -7.2751731608e+00    6.1449690331e-01   -2.5842387188e+00   -1.2775667440e+01    5.1600000000e+02    2.2792988917e-02    5.3401162791e-01
        56   -1.0498927248e+01    1.1058745598e+02   -2.1922482903e+01    1.1423555655e+01   -7.0114677679e+00    4.8547766157e-01   -2.6208253567e+00   -1.2775667440e+01    5.1600000000e+02    2.2565463250e-02    5.3653100775e-01
        57   -1.0453619102e+01    1.0971190641e+02   -2.1763063945e+01    1.1309444844e+01   -7.0882408098e+00    6.4560366617e-01   -2.5447593613e+00   -1.2775667440e+01    5.1600000000e+02    2.2849845333e-02    5.3759689922e-01
        58   -1.0528316742e+01    1.1124228832e+02   -2.2332901205e+01    1.1804584463e+01   -7.8196278486e+00    7.9640288012e-01   -2.5340087963e+00   -1.2775667440e+01    5.1600000000e+02    2.2985808667e-02    5.3553779070e-01
        59   -1.0448055476e+01    1.0950314120e+02   -2.1998114653e+01    1.1550059177e+01   -7.3629641142e+00    7.0194270285e-01   -2.5614258017e+00   -1.2775667440e+01    5.1600000000e+02    2.2835673417e-02    5.3653100775e-01
        60   -1.0455641413e+01    1.0975572804e+02   -2.1869862853e+01    1.1414221440e+01   -7.2185874492e+00    6.9313573614e-01   -2.5687436996e+00   -1.2775667440e+01    5.1600000000e+02    2.2723747083e-02    5.3798449612e-01
        61   -1.0495997990e+01    1.1055395326e+02   -2.1928092698e+01    1.1432094708e+01   -7.1998341487e+00    6.9353503429e-01   -2.6461261435e+00   -1.2775667440e+01    5.1600000000e+02    2.2765156083e-02    5.3924418605e-01
        62   -1.0429489602e+01    1.0918550221e+02   -2.1828023511e+01    1.1398533910e+01   -6.9293998804e+00    5.0519877131e-01   -2.6281549620e+00   -1.2775667440e+01    5.1600000000e+02    2.2638519333e-02    5.4045542636e-01
        63   -1.0471796738e+01    1.1001606533e+02   -2.2065239197e+01    1.1593442460e+01   -7.4031702956e+00    7.1301636510e-01   -2.5994178266e+00   -1.2775667440e+01    5.1600000000e+02    2.3173961417e-02    5.4316860465e-01
        64   -1.0451639513e+01    1.0963615665e+02   -2.1958899820e+01    1.1507260307e+01   -7.1787433696e+00    6.3248687199e-01   -2.6369758824e+00   -1.2775667440e+01    5.1600000000e+02    2.2836752083e-02    5.4006782946e-01
        65   -1.0436239151e+01    1.0932446639e+02   -2.1983873273e+01    1.1547634122e+01   -7.6111867558e+00    9.7364944023e-01   -2.5706685173e+00   -1.2775667440e+01    5.1600000000e+02    2.2838068083e-02    5.3781492248e-01
        66   -1.0447569162e+01    1.0958712073e+02   -2.2061024320e+01    1.1613455158e+01   -7.3041476307e+00    6.1881364143e-01   -2.6000228900e+00   -1.2775667440e+01    5.1600000000e+02    2.3003718167e-02    5.3861434109e-01
        67   -1.0477222687e+01    1.1018691551e+02   -2.1871377649e+01    1.1394154963e+01   -7.0745343164e+00    6.3719602068e-01   -2.6583719133e+00   -1.2775667440e+01    5.1600000000e+02    2.2938997417e-02    5.3994670543e-01
        68   -1.0478284325e+01    1.1014364423e+02   -2.2062555791e+01    1.1584271466e+01   -7.1161587468e+00    5.4570813088e-01   -2.7164377349e+00   -1.2775667440e+01    5.1600000000e+02    2.2994792833e-02    5.4188468992e-01
        69   -1.0501869571e+01    1.1061176106e+02   -2.1799714465e+01    1.1297844894e+01   -6.9637929670e+00    6.4018323911e-01   -2.7004372970e+00   -1.2775667440e+01    5.1600000000e+02    2.3020469667e-02    5.4093992248e-01
        70   -1.0493727130e+01    1.1054303191e+02   -2.2201601814e+01    1.1707874684e+01   -7.4318997241e+00    5.7870609969e-01   -2.5727407495e+00   -1.2775667440e+01    5.1600000000e+02    2.3020811250e-02    5.3679748062e-01
        71   -1.0446634799e+01    1.0954194027e+02   -2.2173475671e+01    1.1726840872e+01   -7.3138180209e+00    5.6024003267e-01   -2.6442302426e+00   -1.2775667440e+01    5.1600000000e+02    2.2999917667e-02    5.3810562016e-01
        72   -1.0464011265e+01    1.0981437219e+02   -2.2156108807e+01    1.1692097542e+01   -7.3876017978e+00    5.9126699779e-01   -2.5841065667e+00   -1.2775667440e+01    5.1600000000e+02    2.2738799500e-02    5.4047965116e-01
        73   -1.0490873603e+01    1.1057384243e+02   -2.2159374573e+01    1.1668500970e+01   -7.3705499970e+00    6.7394934908e-01   -2.6871064854e+00   -1.2775667440e+01    5.1600000000e+02    2.2918743000e-02    5.3892926357e-01
        74   -1.0484434298e+01    1.1031351240e+02   -2.1737275953e+01    1.1252841655e+01   -6.9453208341e+00    6.4379480485e-01   -2.6600824834e+00   -1.2775667440e+01    5.1600000000e+02    2.2781247000e-02    5.4103682171e-01
        75   -1.0439108735e+01    1.0942739246e+02   -2.1751728153e+01    1.1312619418e+01   -6.8663162004e+00    5.0019469287e-01   -2.6099392052e+00   -1.2775667440e+01    5.1600000000e+02    2.2829808500e-02    5.3653100775e-01
        76   -1.0493220792e+01    1.1046602708e+02   -2.1922487057e+01    1.1429266264e+01   -7.2726078498e+00    7.6945849457e-01   -2.6436702611e+00   -1.2775667440e+01    5.1600000000e+02    2.2893264250e-02    5.3578003876e-01
        77   -1.0509982360e+01    1.1084036174e+02   -2.1946108947e+01    1.1436126587e+01   -7.3437591695e+00    7.5384477092e-01   -2.5805271077e+00   -1.2775667440e+01    5.1600000000e+02    2.2973707083e-02    5.3871124031e-01
        78   -1.0508511929e+01    1.1077392862e+02   -2.2038189529e+01    1.1529677600e+01   -7.2713447558e+00    7.0697302791e-01   -2.6981503607e+00   -1.2775667440e+01    5.1600000000e+02    2.2813188500e-02    5.3316375969e-01
        79   -1.0483300576e+01    1.1026116527e+02   -2.2291222516e+01    1.1807921940e+01   -7.6277440327e+00    6.2971525145e-01   -2.5175262949e+00   -1.2775667440e+01    5.1600000000e+02    2.2913677500e-02    5.3817829457e-01
        80   -1.0519351243e+01    1.1100745698e+02   -2.1650773066e+01    1.1131421824e+01   -6.8338624259e+00    6.5009055922e-01   -2.6913337594e+00   -1.2775667440e+01    5.1600000000e+02    2.2834877417e-02    5.3512596899e-01
        81   -1.0487203440e+01    1.1033566053e+02   -2.2212558757e+01    1.1725355317e+01   -7.2972363412e+00    5.3375548089e-01   -2.6734104562e+00   -1.2775667440e+01    5.1600000000e+02    2.2794774083e-02    5.3524709302e-01
        82   -1.0480053682e+01    1.1017865072e+02   -2.1967665033e+01    1.1487611351e+01   -7.2264891470e+00    6.1298870776e-01   -2.5784971533e+00   -1.2775667440e+01    5.1600000000e+02    2.3299010750e-02    5.3747577519e-01
        83   -1.0477998915e+01    1.1016238033e+02   -2.2355665517e+01    1.1877666602e+01   -7.3977496701e+00    4.2742357766e-01   -2.6096719842e+00   -1.2775667440e+01    5.1600000000e+02    2.2765939417e-02    5.3808139535e-01
        84   -1.0498262671e+01    1.1058648329e+02   -2.2438479348e+01    1.1940216677e+01   -7.6992337848e+00    6.3631847371e-01   -2.5998965966e+00   -1.2775667440e+01    5.1600000000e+02    2.3067081000e-02    5.3837209302e-01
        85   -1.0482407338e+01    1.1027541082e+02   -2.2332381946e+01    1.1849974608e+01   -7.5160965830e+00    5.6348045464e-01   -2.6040983775e+00   -1.2775667440e+01    5.1600000000e+02    2.2526276250e-02    5.3621608527e-01
        86   -1.0467984842e+01    1.1000648044e+02   -2.1982413283e+01    1.1514428441e+01   -7.1036320467e+00    5.4375325843e-01   -2.6468670542e+00   -1.2775667440e+01    5.1600000000e+02    2.2575664583e-02    5.4023740310e-01
        87   -1.0517200436e+01    1.1104512365e+02   -2.1870189447e+01    1.1352989011e+01   -7.2256245407e+00    7.1346126283e-01   -2.5823587285e+00   -1.2775667440e+01    5.1600000000e+02    2.2818437000e-02    5.3861434109e-01
        88   -1.0481431851e+01    1.1024198754e+02   -2.2243548547e+01    1.1762116696e+01   -7.4398432082e+00    5.7997271142e-01   -2.6080106103e+00   -1.2775667440e+01    5.1600000000e+02    2.2833006917e-02    5.3808139535e-01
        89   -1.0451427201e+01    1.0957459101e+02   -2.2008533832e+01    1.1557106631e+01   -7.1073162288e+00    5.0814197534e-01   -2.6336921384e+00   -1.2775667440e+01    5.1600000000e+02    2.2483150333e-02    5.3742732558e-01
        90   -1.0507844403e+01    1.1078187117e+02   -2.1896341256e+01    1.1388496852e+01   -7.1834241751e+00    6.6983046660e-01   -2.6070801070e+00   -1.2775667440e+01    5.1600000000e+02    2.2778187833e-02    5.3888081395e-01
        91   -1.0563677853e+01    1.1191642554e+02   -2.2190399027e+01    1.1626721174e+01   -7.3653802616e+00    6.4617206349e-01   -2.6955233890e+00   -1.2775667440e+01    5.1600000000e+02    2.2609510417e-02    5.3725775194e-01
        92   -1.0525451077e+01    1.1108495848e+02   -2.1637384737e+01    1.1111933660e+01   -6.7743393542e+00    5.8920013201e-01   -2.6765780742e+00   -1.2775667440e+01    5.1600000000e+02    2.2711045167e-02    5.3703972868e-01
        93   -1.0498748341e+01    1.1058084965e+02   -2.1971745471e+01    1.1472997130e+01   -7.2991202026e+00    6.4023053877e-01   -2.5371883674e+00   -1.2775667440e+01    5.1600000000e+02    2.2478238167e-02    5.3590116279e-01
        94   -1.0496449535e+01    1.1049527753e+02   -2.1724610161e+01    1.1228160625e+01   -7.0380559969e+00    7.0216584754e-01   -2.6130525712e+00   -1.2775667440e+01    5.1600000000e+02    2.2745045333e-02    5.3674903101e-01
        95   -1.0523825795e+01    1.1107292787e+02   -2.2003051917e+01    1.1479226122e+01   -7.1942099097e+00    5.4529870591e-01   -2.5784732733e+00   -1.2775667440e+01    5.1600000000e+02    2.2409330333e-02    5.3599806202e-01
        96   -1.0453485160e+01    1.0969659558e+02   -2.1837790975e+01    1.1384305815e+01   -7.1479751447e+00    6.4496123819e-01   -2.5591096278e+00   -1.2775667440e+01    5.1600000000e+02    2.2921022500e-02    5.3766957364e-01
        97   -1.0477187587e+01    1.1010979154e+02   -2.2290155644e+01    1.1812968058e+01   -7.5870806821e+00    6.5750565100e-01   -2.5849131731e+00   -1.2775667440e+01    5.1600000000e+02    2.2618762167e-02    5.4130329457e-01
        98   -1.0510548060e+01    1.1084231646e+02   -2.1791377670e+01    1.1280829611e+01   -7.0846022691e+00    6.9832418414e-01   -2.6294321452e+00   -1.2775667440e+01    5.1600000000e+02    2.2889302000e-02    5.3459302326e-01
        99   -1.0514993896e+01    1.1094935899e+02   -2.1626159035e+01    1.1111165139e+01   -7.0509874605e+00    7.4505840450e-01   -2.5445625389e+00   -1.2775667440e+01    5.1600000000e+02    2.2869849833e-02    5.4183624031e-01
