#   index    LocalEnergy         LocalEnergy_sq      LocalPotential      Kinetic             LocalECP            NonLocalECP         ElecElec            IonIon              BlockWeight         BlockCPU            AcceptRatio         
         0   -1.0477945005e+01    1.1019471929e+02   -2.1599259899e+01    1.1121314893e+01   -6.7923503281e+00    6.3481763972e-01   -2.6660597699e+00   -1.2775667440e+01    2.6400000000e+02    2.1144606000e-02    5.3148674242e-01
         1   -1.0522269236e+01    1.1107849117e+02   -2.2505196008e+01    1.1982926772e+01   -7.5308384289e+00    4.9692283603e-01   -2.6956129749e+00   -1.2775667440e+01    2.6400000000e+02    2.0961489000e-02    5.3636363636e-01
         2   -1.0462491080e+01    1.0978317308e+02   -2.2080197057e+01    1.1617705977e+01   -7.3077113204e+00    6.9148532895e-01   -2.6883036255e+00   -1.2775667440e+01    2.6400000000e+02    2.1030312000e-02    5.3626893939e-01
         3   -1.0514571153e+01    1.1088082850e+02   -2.1834449835e+01    1.1319878682e+01   -7.2444002540e+00    7.0425822853e-01   -2.5186403690e+00   -1.2775667440e+01    2.6400000000e+02    2.1048809000e-02    5.3536931818e-01
         4   -1.0413159311e+01    1.0882737088e+02   -2.2096029153e+01    1.1682869842e+01   -7.3790725086e+00    5.3213585052e-01   -2.4734250543e+00   -1.2775667440e+01    2.6400000000e+02    2.0953839000e-02    5.3428030303e-01
         5   -1.0536637716e+01    1.1132047232e+02   -2.1753276135e+01    1.1216638419e+01   -6.8199728044e+00    5.0666863471e-01   -2.6643045254e+00   -1.2775667440e+01    2.6400000000e+02    2.1016449000e-02    5.4251893939e-01
         6   -1.0477285867e+01    1.1015904118e+02   -2.2789452720e+01    1.2312166853e+01   -8.0624364781e+00    6.4531551903e-01   -2.5966643206e+00   -1.2775667440e+01    2.6400000000e+02    2.1025447000e-02    5.3333333333e-01
         7   -1.0447388387e+01    1.0947997221e+02   -2.1594048667e+01    1.1146660280e+01   -6.7160653286e+00    4.7530240721e-01   -2.5776183052e+00   -1.2775667440e+01    2.6400000000e+02    2.1031965000e-02    5.4214015152e-01
         8   -1.0487351451e+01    1.1043349504e+02   -2.2170283370e+01    1.1682931919e+01   -7.3506972065e+00    5.3363793233e-01   -2.5775566557e+00   -1.2775667440e+01    2.6400000000e+02    2.0799995000e-02    5.3660037879e-01
         9   -1.0450830610e+01    1.0956858002e+02   -2.1812504053e+01    1.1361673442e+01   -7.0567172530e+00    6.8875210410e-01   -2.6688714635e+00   -1.2775667440e+01    2.6400000000e+02    2.0978089000e-02    5.3546401515e-01
        10   -1.0418667560e+01    1.0918199029e+02   -2.2324770781e+01    1.1906103221e+01   -7.5622763071e+00    5.4374540411e-01   -2.5305724381e+00   -1.2775667440e+01    2.6400000000e+02    2.0920533000e-02    5.3693181818e-01
        11   -1.0520335747e+01    1.1103418712e+02   -2.2274268294e+01    1.1753932547e+01   -7.6844606439e+00    6.7343244469e-01   -2.4875726544e+00   -1.2775667440e+01    2.6400000000e+02    2.0768754000e-02    5.3697916667e-01
        12   -1.0455179100e+01    1.0964346302e+02   -2.2418600107e+01    1.1963421007e+01   -7.5220227425e+00    4.6696574671e-01   -2.5878756712e+00   -1.2775667440e+01    2.6400000000e+02    2.1167891000e-02    5.3650568182e-01
        13   -1.0544286483e+01    1.1155274782e+02   -2.2580462881e+01    1.2036176398e+01   -7.8045592908e+00    7.1283297081e-01   -2.7130691204e+00   -1.2775667440e+01    2.6400000000e+02    2.0782615000e-02    5.3451704545e-01
        14   -1.0502532398e+01    1.1075633778e+02   -2.2335155487e+01    1.1832623089e+01   -7.4568043634e+00    6.0809305718e-01   -2.7107767407e+00   -1.2775667440e+01    2.6400000000e+02    2.1100197000e-02    5.3366477273e-01
        15   -1.0489424373e+01    1.1033937598e+02   -2.1973633775e+01    1.1484209402e+01   -7.0400056143e+00    5.4909324018e-01   -2.7070539611e+00   -1.2775667440e+01    2.6400000000e+02    2.1116699000e-02    5.4351325758e-01
        16   -1.0485963692e+01    1.1030807830e+02   -2.2296685321e+01    1.1810721628e+01   -7.3627073029e+00    5.7337992984e-01   -2.7316905074e+00   -1.2775667440e+01    2.6400000000e+02    2.0849939000e-02    5.3617424242e-01
        17   -1.0500407812e+01    1.1061510134e+02   -2.1890271727e+01    1.1389863915e+01   -6.9287107153e+00    3.8091642409e-01   -2.5668099957e+00   -1.2775667440e+01    2.6400000000e+02    2.0987762000e-02    5.3636363636e-01
        18   -1.0518385756e+01    1.1091885617e+02   -2.1719387598e+01    1.1201001842e+01   -6.9412373756e+00    6.5355859176e-01   -2.6560413741e+00   -1.2775667440e+01    2.6400000000e+02    2.1040618000e-02    5.3948863636e-01
        19   -1.0503872311e+01    1.1066157020e+02   -2.2095682076e+01    1.1591809765e+01   -7.3475509185e+00    6.6801307892e-01   -2.6404767960e+00   -1.2775667440e+01    2.6400000000e+02    2.0914802000e-02    5.3536931818e-01
        20   -1.0500214693e+01    1.1069695629e+02   -2.1897226059e+01    1.1397011366e+01   -7.2021414161e+00    7.4814755779e-01   -2.6675647610e+00   -1.2775667440e+01    2.6400000000e+02    2.0981412000e-02    5.4199810606e-01
        21   -1.0414333313e+01    1.0889483762e+02   -2.1568986956e+01    1.1154653643e+01   -6.9525392703e+00    7.0022953332e-01   -2.5410097790e+00   -1.2775667440e+01    2.6400000000e+02    2.0877060000e-02    5.3304924242e-01
        22   -1.0463745395e+01    1.0994937312e+02   -2.2294108007e+01    1.1830362612e+01   -7.6007520440e+00    6.0910482334e-01   -2.5267933460e+00   -1.2775667440e+01    2.6400000000e+02    2.1045176000e-02    5.3901515152e-01
        23   -1.0499274030e+01    1.1054042837e+02   -2.1839955004e+01    1.1340680974e+01   -7.0631768920e+00    6.4693971167e-01   -2.6480503835e+00   -1.2775667440e+01    2.6400000000e+02    2.1133669000e-02    5.3579545455e-01
        24   -1.0484215508e+01    1.1035396025e+02   -2.2294012131e+01    1.1809796623e+01   -7.5844785449e+00    7.0319358865e-01   -2.6370597347e+00   -1.2775667440e+01    2.6400000000e+02    2.1242093000e-02    5.3499053030e-01
        25   -1.0474342958e+01    1.1008392796e+02   -2.2086175872e+01    1.1611832914e+01   -7.1454734376e+00    5.5550933742e-01   -2.7205443311e+00   -1.2775667440e+01    2.6400000000e+02    2.1110900000e-02    5.4720643939e-01
        26   -1.0491425982e+01    1.1039533584e+02   -2.2010139572e+01    1.1518713590e+01   -7.2914681004e+00    6.5945476215e-01   -2.6024587934e+00   -1.2775667440e+01    2.6400000000e+02    2.0996999000e-02    5.3423295455e-01
        27   -1.0423650186e+01    1.0907399922e+02   -2.2110219463e+01    1.1686569277e+01   -7.1680241992e+00    5.5852860956e-01   -2.7250564330e+00   -1.2775667440e+01    2.6400000000e+02    2.1034697000e-02    5.3607954545e-01
        28   -1.0511004292e+01    1.1084133840e+02   -2.2132119432e+01    1.1621115140e+01   -7.0869382368e+00    5.0340636762e-01   -2.7729201228e+00   -1.2775667440e+01    2.6400000000e+02    2.0736325000e-02    5.3366477273e-01
        29   -1.0459976101e+01    1.0983653403e+02   -2.2180845220e+01    1.1720869118e+01   -7.2232497862e+00    3.7813795832e-01   -2.5600659516e+00   -1.2775667440e+01    2.6400000000e+02    2.1038427000e-02    5.3745265152e-01
        30   -1.0488197816e+01    1.1031113720e+02   -2.1936608909e+01    1.1448411093e+01   -7.1618804462e+00    6.7840472266e-01   -2.6774657453e+00   -1.2775667440e+01    2.6400000000e+02    2.0997145000e-02    5.3759469697e-01
        31   -1.0494133450e+01    1.1045183076e+02   -2.1833311447e+01    1.1339177997e+01   -6.8148950704e+00    4.7049154967e-01   -2.7132404864e+00   -1.2775667440e+01    2.6400000000e+02    2.1038058000e-02    5.3428030303e-01
        32   -1.0487724248e+01    1.1044518994e+02   -2.1788972279e+01    1.1301248030e+01   -6.6731918957e+00    3.8726121483e-01   -2.7273741576e+00   -1.2775667440e+01    2.6400000000e+02    2.1110923000e-02    5.3854166667e-01
        33   -1.0499667142e+01    1.1059483902e+02   -2.2352383871e+01    1.1852716730e+01   -7.3794220174e+00    5.4265606923e-01   -2.7399504829e+00   -1.2775667440e+01    2.6400000000e+02    2.1051328000e-02    5.3660037879e-01
        34   -1.0508257041e+01    1.1085628259e+02   -2.1854025227e+01    1.1345768186e+01   -7.0630352829e+00    4.7407697714e-01   -2.4893994807e+00   -1.2775667440e+01    2.6400000000e+02    2.1246700000e-02    5.3825757576e-01
        35   -1.0514056025e+01    1.1085118141e+02   -2.1929274058e+01    1.1415218033e+01   -7.1357809963e+00    6.4157924562e-01   -2.6594048674e+00   -1.2775667440e+01    2.6400000000e+02    2.0894972000e-02    5.2982954545e-01
        36   -1.0440101509e+01    1.0947619145e+02   -2.1636268388e+01    1.1196166879e+01   -7.0735818595e+00    6.8964042583e-01   -2.4766595145e+00   -1.2775667440e+01    2.6400000000e+02    2.1032726000e-02    5.3489583333e-01
        37   -1.0522962281e+01    1.1109667940e+02   -2.1805388951e+01    1.1282426670e+01   -6.9879306755e+00    6.1772343215e-01   -2.6595142676e+00   -1.2775667440e+01    2.6400000000e+02    2.0928460000e-02    5.4223484848e-01
        38   -1.0540037511e+01    1.1146822314e+02   -2.1985459313e+01    1.1445421802e+01   -7.0856247867e+00    5.3528967525e-01   -2.6594567614e+00   -1.2775667440e+01    2.6400000000e+02    2.1046949000e-02    5.4133522727e-01
        39   -1.0453621970e+01    1.0964728150e+02   -2.1744935137e+01    1.1291313167e+01   -6.8979669716e+00    6.8376563391e-01   -2.7550663590e+00   -1.2775667440e+01    2.6400000000e+02    2.1077927000e-02    5.3740530303e-01
        40   -1.0527772191e+01    1.1121034137e+02   -2.2344721692e+01    1.1816949501e+01   -7.3670705560e+00    5.1656160229e-01   -2.7185452978e+00   -1.2775667440e+01    2.6400000000e+02    2.0980470000e-02    5.3456439394e-01
        41   -1.0536036704e+01    1.1136421496e+02   -2.2413772382e+01    1.1877735678e+01   -7.6542920850e+00    6.0411405304e-01   -2.5879269098e+00   -1.2775667440e+01    2.6400000000e+02    2.0960897000e-02    5.3868371212e-01
        42   -1.0499394358e+01    1.1055598828e+02   -2.1808156093e+01    1.1308761735e+01   -7.0288533425e+00    6.0365532820e-01   -2.6072906386e+00   -1.2775667440e+01    2.6400000000e+02    2.1183230000e-02    5.4294507576e-01
        43   -1.0442193872e+01    1.0946395819e+02   -2.2075120398e+01    1.1632926526e+01   -7.3946211940e+00    6.6135494839e-01   -2.5661867122e+00   -1.2775667440e+01    2.6400000000e+02    2.1109038000e-02    5.3754734848e-01
        44   -1.0546540256e+01    1.1164786509e+02   -2.1837812163e+01    1.1291271907e+01   -7.0606015867e+00    6.7134039762e-01   -2.6728835335e+00   -1.2775667440e+01    2.6400000000e+02    2.1211904000e-02    5.3948863636e-01
        45   -1.0515607449e+01    1.1090962446e+02   -2.2385825795e+01    1.1870218347e+01   -7.2793535998e+00    4.3276599580e-01   -2.7635707509e+00   -1.2775667440e+01    2.6400000000e+02    2.0993925000e-02    5.3750000000e-01
        46   -1.0485194037e+01    1.1035735717e+02   -2.1987794805e+01    1.1502600767e+01   -7.3138246385e+00    7.8141139835e-01   -2.6797141241e+00   -1.2775667440e+01    2.6400000000e+02    2.1077702000e-02    5.3347537879e-01
        47   -1.0500445312e+01    1.1066163890e+02   -2.2136428367e+01    1.1635983055e+01   -7.3566179975e+00    5.0610122793e-01   -2.5102441570e+00   -1.2775667440e+01    2.6400000000e+02    2.1132027000e-02    5.3622159091e-01
        48   -1.0465484000e+01    1.0996492145e+02   -2.2378232242e+01    1.1912748242e+01   -7.5443194782e+00    6.0523754884e-01   -2.6634828722e+00   -1.2775667440e+01    2.6400000000e+02    2.1275376000e-02    5.3816287879e-01
        49   -1.0446802095e+01    1.0950822992e+02   -2.1941142285e+01    1.1494340190e+01   -6.9999422404e+00    5.2928704920e-01   -2.6948196536e+00   -1.2775667440e+01    2.6400000000e+02    2.0922395000e-02    5.4379734848e-01
        50   -1.0516445960e+01    1.1098996427e+02   -2.1929819629e+01    1.1413373668e+01   -7.4701678379e+00    8.5048582423e-01   -2.5344701749e+00   -1.2775667440e+01    2.6400000000e+02    2.1059110000e-02    5.4559659091e-01
        51   -1.0468535899e+01    1.0988339019e+02   -2.1745641494e+01    1.1277105594e+01   -6.8799692684e+00    5.3664118202e-01   -2.6266459670e+00   -1.2775667440e+01    2.6400000000e+02    2.1261995000e-02    5.3593750000e-01
        52   -1.0485625575e+01    1.1031763460e+02   -2.1574797610e+01    1.1089172035e+01   -7.0204368322e+00    7.4098059081e-01   -2.5196739287e+00   -1.2775667440e+01    2.6400000000e+02    2.0988188000e-02    5.3873106061e-01
        53   -1.0425201499e+01    1.0906280312e+02   -2.2235953836e+01    1.1810752337e+01   -7.3173573167e+00    5.2515102281e-01   -2.6680801018e+00   -1.2775667440e+01    2.6400000000e+02    2.1016041000e-02    5.3432765152e-01
        54   -1.0440883248e+01    1.0936988623e+02   -2.1974757175e+01    1.1533873927e+01   -7.1965581674e+00    6.0129134310e-01   -2.6038229107e+00   -1.2775667440e+01    2.6400000000e+02    2.1116312000e-02    5.3915719697e-01
        55   -1.0494042671e+01    1.1049581348e+02   -2.1951678522e+01    1.1457635850e+01   -7.2861863460e+00    8.2428962381e-01   -2.7141143591e+00   -1.2775667440e+01    2.6400000000e+02    2.0883369000e-02    5.3499053030e-01
        56   -1.0489688454e+01    1.1035173106e+02   -2.1993209269e+01    1.1503520816e+01   -7.2219993841e+00    6.1171759156e-01   -2.6072600365e+00   -1.2775667440e+01    2.6400000000e+02    2.1137140000e-02    5.3778409091e-01
        57   -1.0531726185e+01    1.1130904799e+02   -2.2453180710e+01    1.1921454525e+01   -7.6418522309e+00    5.2682814163e-01   -2.5624891804e+00   -1.2775667440e+01    2.6400000000e+02    2.1203521000e-02    5.4081439394e-01
        58   -1.0578304341e+01    1.1227625824e+02   -2.1981881075e+01    1.1403576734e+01   -7.1732897257e+00    6.4621326199e-01   -2.6791371709e+00   -1.2775667440e+01    2.6400000000e+02    2.0860886000e-02    5.4521780303e-01
        59   -1.0414846358e+01    1.0883468246e+02   -2.2001038633e+01    1.1586192275e+01   -7.3122146462e+00    5.7848633594e-01   -2.4916428822e+00   -1.2775667440e+01    2.6400000000e+02    2.0927143000e-02    5.3688446970e-01
        60   -1.0535041822e+01    1.1131743218e+02   -2.2116770479e+01    1.1581728657e+01   -7.2522366708e+00    4.9484358226e-01   -2.5837099504e+00   -1.2775667440e+01    2.6400000000e+02    2.0987014000e-02    5.3522727273e-01
        61   -1.0429640302e+01    1.0921885812e+02   -2.2204032970e+01    1.1774392668e+01   -7.5512437742e+00    5.8848073796e-01   -2.4656024940e+00   -1.2775667440e+01    2.6400000000e+02    2.1056899000e-02    5.4176136364e-01
        62   -1.0426631724e+01    1.0905051166e+02   -2.1938696401e+01    1.1512064677e+01   -7.1672784969e+00    5.6343852808e-01   -2.5591889923e+00   -1.2775667440e+01    2.6400000000e+02    2.1005846000e-02    5.2722537879e-01
        63   -1.0464082319e+01    1.0990471094e+02   -2.2196587531e+01    1.1732505212e+01   -7.1768049694e+00    4.9704761478e-01   -2.7411627366e+00   -1.2775667440e+01    2.6400000000e+02    2.0898575000e-02    5.3882575758e-01
        64   -1.0496553705e+01    1.1048990998e+02   -2.2021127825e+01    1.1524574120e+01   -7.2236740849e+00    6.7716226729e-01   -2.6989485668e+00   -1.2775667440e+01    2.6400000000e+02    2.1079165000e-02    5.3783143939e-01
        65   -1.0502598582e+01    1.1070117680e+02   -2.2009815785e+01    1.1507217204e+01   -7.2728953553e+00    6.2867548301e-01   -2.5899284728e+00   -1.2775667440e+01    2.6400000000e+02    2.1152005000e-02    5.4450757576e-01
        66   -1.0588963782e+01    1.1255224898e+02   -2.2045190181e+01    1.1456226399e+01   -7.2352297287e+00    6.9217947098e-01   -2.7264724826e+00   -1.2775667440e+01    2.6400000000e+02    2.1165785000e-02    5.3025568182e-01
        67   -1.0464360209e+01    1.0978066720e+02   -2.1651042068e+01    1.1186681859e+01   -6.9274030011e+00    6.7447737679e-01   -2.6224490034e+00   -1.2775667440e+01    2.6400000000e+02    2.1021938000e-02    5.3901515152e-01
        68   -1.0516277657e+01    1.1087519990e+02   -2.2221918688e+01    1.1705641031e+01   -7.4912222675e+00    6.7604409105e-01   -2.6310730717e+00   -1.2775667440e+01    2.6400000000e+02    2.1166932000e-02    5.4427083333e-01
        69   -1.0512316041e+01    1.1087166904e+02   -2.2032264331e+01    1.1519948290e+01   -7.0703569827e+00    5.2797779501e-01   -2.7142177035e+00   -1.2775667440e+01    2.6400000000e+02    2.1190282000e-02    5.3996212121e-01
        70   -1.0518921075e+01    1.1109909264e+02   -2.1667047896e+01    1.1148126821e+01   -7.0833390783e+00    7.7484101178e-01   -2.5828823897e+00   -1.2775667440e+01    2.6400000000e+02    2.1123447000e-02    5.3063446970e-01
        71   -1.0506214236e+01    1.1067288285e+02   -2.2098450160e+01    1.1592235924e+01   -7.2216811471e+00    5.4079172998e-01   -2.6418933030e+00   -1.2775667440e+01    2.6400000000e+02    2.0791002000e-02    5.4318181818e-01
        72   -1.0504045463e+01    1.1068288002e+02   -2.2363093358e+01    1.1859047894e+01   -7.1777351602e+00    4.3042391464e-01   -2.8401146718e+00   -1.2775667440e+01    2.6400000000e+02    2.0840822000e-02    5.3499053030e-01
        73   -1.0533548651e+01    1.1136304138e+02   -2.1690623817e+01    1.1157075166e+01   -6.9729180957e+00    6.4353158909e-01   -2.5855698697e+00   -1.2775667440e+01    2.6400000000e+02    2.1030078000e-02    5.3721590909e-01
        74   -1.0450729683e+01    1.0957989836e+02   -2.2081984933e+01    1.1631255251e+01   -7.2778021551e+00    5.6237585877e-01   -2.5908911969e+00   -1.2775667440e+01    2.6400000000e+02    2.1052459000e-02    5.4010416667e-01
        75   -1.0440764669e+01    1.0941845274e+02   -2.1872054561e+01    1.1431289892e+01   -7.1037102652e+00    5.4453495263e-01   -2.5372118082e+00   -1.2775667440e+01    2.6400000000e+02    2.0999585000e-02    5.4067234848e-01
        76   -1.0425757353e+01    1.0908289232e+02   -2.2166115123e+01    1.1740357771e+01   -7.6291850456e+00    6.5746643239e-01   -2.4187290700e+00   -1.2775667440e+01    2.6400000000e+02    2.1214853000e-02    5.3996212121e-01
        77   -1.0543437021e+01    1.1157027579e+02   -2.1854922071e+01    1.1311485050e+01   -7.0639716984e+00    5.9198222114e-01   -2.6072651537e+00   -1.2775667440e+01    2.6400000000e+02    2.1122457000e-02    5.3835227273e-01
        78   -1.0495720021e+01    1.1048648110e+02   -2.2366664475e+01    1.1870944454e+01   -7.5407472169e+00    6.3464749735e-01   -2.6848973151e+00   -1.2775667440e+01    2.6400000000e+02    2.1011760000e-02    5.3465909091e-01
        79   -1.0485758278e+01    1.1032007313e+02   -2.1973465389e+01    1.1487707111e+01   -7.0829677788e+00    5.5000499867e-01   -2.6648351690e+00   -1.2775667440e+01    2.6400000000e+02    2.1023444000e-02    5.3418560606e-01
        80   -1.0482443697e+01    1.1029954989e+02   -2.1708163991e+01    1.1225720294e+01   -6.9861687853e+00    7.3441621443e-01   -2.6807439795e+00   -1.2775667440e+01    2.6400000000e+02    2.0974500000e-02    5.4076704545e-01
        81   -1.0456093644e+01    1.0982094402e+02   -2.1605417120e+01    1.1149323476e+01   -7.0177627174e+00    6.9165442383e-01   -2.5036413860e+00   -1.2775667440e+01    2.6400000000e+02    2.1221053000e-02    5.3470643939e-01
        82   -1.0460738126e+01    1.0979739672e+02   -2.2126077623e+01    1.1665339497e+01   -7.0979164788e+00    5.1507188143e-01   -2.7675655850e+00   -1.2775667440e+01    2.6400000000e+02    2.1122243000e-02    5.4270833333e-01
        83   -1.0458892178e+01    1.0967523250e+02   -2.1523619893e+01    1.1064727715e+01   -6.5737627283e+00    6.6316857875e-01   -2.8373583030e+00   -1.2775667440e+01    2.6400000000e+02    2.1741786000e-02    5.3977272727e-01
        84   -1.0465465114e+01    1.0992055936e+02   -2.1613577480e+01    1.1148112366e+01   -6.9754089773e+00    7.2061194791e-01   -2.5831130104e+00   -1.2775667440e+01    2.6400000000e+02    2.1781746000e-02    5.3996212121e-01
        85   -1.0521776511e+01    1.1106987550e+02   -2.2248219010e+01    1.1726442499e+01   -7.3712979288e+00    6.8350540993e-01   -2.7847590506e+00   -1.2775667440e+01    2.6400000000e+02    2.1415885000e-02    5.4578598485e-01
        86   -1.0496410182e+01    1.1050431230e+02   -2.1962792735e+01    1.1466382552e+01   -7.2004693869e+00    6.0212199417e-01   -2.5887779018e+00   -1.2775667440e+01    2.6400000000e+02    2.1606422000e-02    5.3328598485e-01
        87   -1.0523798295e+01    1.1106443332e+02   -2.1989413225e+01    1.1465614930e+01   -7.1993955080e+00    6.7625320609e-01   -2.6906034833e+00   -1.2775667440e+01    2.6400000000e+02    2.1477639000e-02    5.3612689394e-01
        88   -1.0425130068e+01    1.0913241626e+02   -2.1929584166e+01    1.1504454099e+01   -7.1111372941e+00    4.6020039008e-01   -2.5029798221e+00   -1.2775667440e+01    2.6400000000e+02    2.1557560000e-02    5.3390151515e-01
        89   -1.0504073179e+01    1.1063429048e+02   -2.2035314067e+01    1.1531240888e+01   -7.3358609556e+00    7.2806474211e-01   -2.6518504136e+00   -1.2775667440e+01    2.6400000000e+02    2.1270295000e-02    5.4393939394e-01
        90   -1.0485749018e+01    1.1031787246e+02   -2.2038700678e+01    1.1552951660e+01   -7.2172123818e+00    5.9332959644e-01   -2.6391504524e+00   -1.2775667440e+01    2.6400000000e+02    2.1551260000e-02    5.3645833333e-01
        91   -1.0550857099e+01    1.1158045794e+02   -2.2095788637e+01    1.1544931538e+01   -7.1769775800e+00    4.7494038283e-01   -2.6180839993e+00   -1.2775667440e+01    2.6400000000e+02    2.1513071000e-02    5.3925189394e-01
        92   -1.0442714577e+01    1.0936192358e+02   -2.2271878321e+01    1.1829163743e+01   -7.5940929486e+00    7.3312985251e-01   -2.6352477844e+00   -1.2775667440e+01    2.6400000000e+02    2.1468307000e-02    5.3248106061e-01
        93   -1.0451792287e+01    1.0960154949e+02   -2.1987197936e+01    1.1535405649e+01   -7.2975252069e+00    6.7374647947e-01   -2.5877517685e+00   -1.2775667440e+01    2.6400000000e+02    2.1475370000e-02    5.3906250000e-01
        94   -1.0476763273e+01    1.1018785083e+02   -2.2056932714e+01    1.1580169441e+01   -7.4939287618e+00    6.4747997606e-01   -2.4348164884e+00   -1.2775667440e+01    2.6400000000e+02    2.1595381000e-02    5.3631628788e-01
        95   -1.0470347792e+01    1.0998997303e+02   -2.2618172054e+01    1.2147824263e+01   -7.8743931782e+00    6.1691962525e-01   -2.5850310610e+00   -1.2775667440e+01    2.6400000000e+02    2.1250804000e-02    5.3863636364e-01
        96   -1.0544173689e+01    1.1149216716e+02   -2.2256886785e+01    1.1712713096e+01   -7.5436220868e+00    7.0307496868e-01   -2.6406722267e+00   -1.2775667440e+01    2.6400000000e+02    2.1411766000e-02    5.4114583333e-01
        97   -1.0415640825e+01    1.0886554423e+02   -2.2279861708e+01    1.1864220884e+01   -7.5094848045e+00    5.6893712766e-01   -2.5636465913e+00   -1.2775667440e+01    2.6400000000e+02    2.1397863000e-02    5.3868371212e-01
        98   -1.0438016975e+01    1.0928557194e+02   -2.1282741521e+01    1.0844724546e+01   -6.3891887332e+00    5.6651853712e-01   -2.6844038843e+00   -1.2775667440e+01    2.6400000000e+02    2.1157573000e-02    5.3532196970e-01
        99   -1.0531168720e+01    1.1123642670e+02   -2.1606180311e+01    1.1075011592e+01   -6.7635305102e+00    5.0980849627e-01   -2.5767908572e+00   -1.2775667440e+01    2.6400000000e+02    2.1299076000e-02    5.3470643939e-01
       100   -1.0438153478e+01    1.0933992005e+02   -2.2462234070e+01    1.2024080593e+01   -7.5312055019e+00    3.9087439578e-01   -2.5462355241e+00   -1.2775667440e+01    2.6400000000e+02    2.1513882000e-02    5.3607954545e-01
       101   -1.0471880881e+01    1.0999722326e+02   -2.1627214497e+01    1.1155333616e+01   -6.6600105476e+00    5.0034276052e-01   -2.6918792693e+00   -1.2775667440e+01    2.6400000000e+02    2.1228478000e-02    5.4105113636e-01
       102   -1.0435845778e+01    1.0926974359e+02   -2.1982163151e+01    1.1546317373e+01   -7.1305261074e+00    5.6146579210e-01   -2.6374353952e+00   -1.2775667440e+01    2.6400000000e+02    2.1372628000e-02    5.3285984848e-01
       103   -1.0475299456e+01    1.1010287801e+02   -2.1232890547e+01    1.0757591091e+01   -6.4550058324e+00    6.1573503749e-01   -2.6179523121e+00   -1.2775667440e+01    2.6400000000e+02    2.1459700000e-02    5.4294507576e-01
       104   -1.0531780538e+01    1.1124401638e+02   -2.1894610583e+01    1.1362830044e+01   -7.1219225672e+00    7.0486824362e-01   -2.7018888187e+00   -1.2775667440e+01    2.6400000000e+02    2.1496636000e-02    5.3678977273e-01
       105   -1.0460402502e+01    1.0975442414e+02   -2.2047134532e+01    1.1586732030e+01   -7.1497245311e+00    4.9441553131e-01   -2.6161580918e+00   -1.2775667440e+01    2.6400000000e+02    2.1579478000e-02    5.3134469697e-01
       106   -1.0481940894e+01    1.1024779870e+02   -2.2346925461e+01    1.1864984567e+01   -7.7035963554e+00    6.7775792947e-01   -2.5454195951e+00   -1.2775667440e+01    2.6400000000e+02    2.1471741000e-02    5.3958333333e-01
       107   -1.0469413096e+01    1.0993149315e+02   -2.1773088204e+01    1.1303675108e+01   -6.9012805024e+00    4.4067972914e-01   -2.5368199901e+00   -1.2775667440e+01    2.6400000000e+02    2.1374485000e-02    5.3669507576e-01
       108   -1.0458441783e+01    1.0988555048e+02   -2.2512094932e+01    1.2053653149e+01   -7.5874178301e+00    5.9664966006e-01   -2.7456593220e+00   -1.2775667440e+01    2.6400000000e+02    2.1309539000e-02    5.3783143939e-01
       109   -1.0495933420e+01    1.1050325392e+02   -2.1819105827e+01    1.1323172408e+01   -7.1098757919e+00    6.4569713557e-01   -2.5792597306e+00   -1.2775667440e+01    2.6400000000e+02    2.1430841000e-02    5.3726325758e-01
       110   -1.0427389014e+01    1.0917795368e+02   -2.2176659466e+01    1.1749270452e+01   -7.4897201825e+00    6.6264470446e-01   -2.5739165478e+00   -1.2775667440e+01    2.6400000000e+02    2.1489904000e-02    5.3617424242e-01
       111   -1.0470585462e+01    1.1003638944e+02   -2.1550027348e+01    1.1079441886e+01   -6.6933115174e+00    5.4036979524e-01   -2.6214181854e+00   -1.2775667440e+01    2.6400000000e+02    2.1374348000e-02    5.4081439394e-01
       112   -1.0485647663e+01    1.1026592978e+02   -2.1867710139e+01    1.1382062475e+01   -7.2219699524e+00    7.1439824518e-01   -2.5844709910e+00   -1.2775667440e+01    2.6400000000e+02    2.1525451000e-02    5.4180871212e-01
       113   -1.0457140212e+01    1.0970175542e+02   -2.1951679923e+01    1.1494539710e+01   -7.3341770676e+00    6.8360980997e-01   -2.5254452248e+00   -1.2775667440e+01    2.6400000000e+02    2.1437907000e-02    5.4000946970e-01
       114   -1.0526515139e+01    1.1111315135e+02   -2.2804538277e+01    1.2278023138e+01   -7.9532842875e+00    5.1024093623e-01   -2.5858274854e+00   -1.2775667440e+01    2.6400000000e+02    2.1408704000e-02    5.3442234848e-01
       115   -1.0507791724e+01    1.1086221873e+02   -2.1712981068e+01    1.1205189344e+01   -7.3230620096e+00    8.6589995723e-01   -2.4801515757e+00   -1.2775667440e+01    2.6400000000e+02    2.1513585000e-02    5.3792613636e-01
       116   -1.0453217398e+01    1.0960945725e+02   -2.1285214386e+01    1.0831996988e+01   -6.7578418871e+00    8.5215006883e-01   -2.6038551278e+00   -1.2775667440e+01    2.6400000000e+02    2.1329241000e-02    5.3849431818e-01
       117   -1.0444883653e+01    1.0948278406e+02   -2.1914022532e+01    1.1469138879e+01   -7.3791011224e+00    7.3375421992e-01   -2.4930081894e+00   -1.2775667440e+01    2.6400000000e+02    2.1373861000e-02    5.3892045455e-01
       118   -1.0480943386e+01    1.1015629681e+02   -2.1678563330e+01    1.1197619944e+01   -6.7484578941e+00    5.3815625187e-01   -2.6925942471e+00   -1.2775667440e+01    2.6400000000e+02    2.1309555000e-02    5.3953598485e-01
       119   -1.0521735605e+01    1.1109563999e+02   -2.1729596774e+01    1.1207861170e+01   -6.8799088134e+00    5.6525147687e-01   -2.6392719977e+00   -1.2775667440e+01    2.6400000000e+02    2.1504508000e-02    5.3778409091e-01
       120   -1.0556379309e+01    1.1190656205e+02   -2.2088437909e+01    1.1532058601e+01   -7.3214870504e+00    6.7368472183e-01   -2.6649681402e+00   -1.2775667440e+01    2.6400000000e+02    2.1352770000e-02    5.3371212121e-01
       121   -1.0471963265e+01    1.1005538421e+02   -2.2375274160e+01    1.1903310895e+01   -7.7342934009e+00    6.4585549683e-01   -2.5111688158e+00   -1.2775667440e+01    2.6400000000e+02    2.1433768000e-02    5.2864583333e-01
       122   -1.0458635352e+01    1.0969832407e+02   -2.2177310273e+01    1.1718674921e+01   -7.2818013003e+00    5.5534265354e-01   -2.6751841857e+00   -1.2775667440e+01    2.6400000000e+02    2.1439906000e-02    5.4067234848e-01
       123   -1.0463671203e+01    1.0980874651e+02   -2.1922077564e+01    1.1458406361e+01   -7.0061058206e+00    5.8612586935e-01   -2.7264301728e+00   -1.2775667440e+01    2.6400000000e+02    2.1539765000e-02    5.4062500000e-01
       124   -1.0501230872e+01    1.1063237813e+02   -2.2269251086e+01    1.1768020214e+01   -7.4937220172e+00    5.7996466600e-01   -2.5798262946e+00   -1.2775667440e+01    2.6400000000e+02    2.1527171000e-02    5.3428030303e-01
       125   -1.0539877070e+01    1.1155760505e+02   -2.1583755873e+01    1.1043878804e+01   -6.7817432762e+00    6.8817360567e-01   -2.7145187625e+00   -1.2775667440e+01    2.6400000000e+02    2.1451824000e-02    5.4048295455e-01
       126   -1.0435814214e+01    1.0933712428e+02   -2.1801707146e+01    1.1365892932e+01   -7.2469817974e+00    8.0078895982e-01   -2.5798468684e+00   -1.2775667440e+01    2.6400000000e+02    2.1293508000e-02    5.4057765152e-01
       127   -1.0481633124e+01    1.1030975214e+02   -2.1876752074e+01    1.1395118950e+01   -7.0685465079e+00    6.4378896638e-01   -2.6763270918e+00   -1.2775667440e+01    2.6400000000e+02    2.1529383000e-02    5.4834280303e-01
       128   -1.0544513682e+01    1.1174797588e+02   -2.2704747612e+01    1.2160233930e+01   -7.8310018660e+00    5.2612442886e-01   -2.6242027341e+00   -1.2775667440e+01    2.6400000000e+02    2.1466504000e-02    5.3816287879e-01
       129   -1.0474609757e+01    1.1012194265e+02   -2.1632648483e+01    1.1158038726e+01   -6.7760637405e+00    6.5592169315e-01   -2.7368389952e+00   -1.2775667440e+01    2.6400000000e+02    2.1490916000e-02    5.3944128788e-01
       130   -1.0528392210e+01    1.1120839243e+02   -2.1849858984e+01    1.1321466773e+01   -6.9753186012e+00    6.5740699476e-01   -2.7562799369e+00   -1.2775667440e+01    2.6400000000e+02    2.1446195000e-02    5.3669507576e-01
       131   -1.0440699076e+01    1.0936954517e+02   -2.2533881109e+01    1.2093182034e+01   -7.8237260977e+00    6.0305786451e-01   -2.5375454357e+00   -1.2775667440e+01    2.6400000000e+02    2.1521184000e-02    5.4441287879e-01
       132   -1.0462839862e+01    1.0984676869e+02   -2.2283543120e+01    1.1820703258e+01   -7.5345636574e+00    4.9751229174e-01   -2.4708243137e+00   -1.2775667440e+01    2.6400000000e+02    2.1569428000e-02    5.3754734848e-01
       133   -1.0458523517e+01    1.0999432528e+02   -2.1826005304e+01    1.1367481787e+01   -7.1659857955e+00    6.9031421485e-01   -2.5746662833e+00   -1.2775667440e+01    2.6400000000e+02    2.1383271000e-02    5.4318181818e-01
       134   -1.0573632791e+01    1.1221311398e+02   -2.2106157923e+01    1.1532525132e+01   -7.5925303067e+00    8.2091768958e-01   -2.5588778652e+00   -1.2775667440e+01    2.6400000000e+02    2.1497151000e-02    5.3735795455e-01
       135   -1.0469763046e+01    1.1007309182e+02   -2.2090549758e+01    1.1620786711e+01   -7.6810956264e+00    8.8453617484e-01   -2.5183228658e+00   -1.2775667440e+01    2.6400000000e+02    2.1591483000e-02    5.4152462121e-01
       136   -1.0497987480e+01    1.1048239889e+02   -2.1515696544e+01    1.1017709065e+01   -6.8547052967e+00    7.6212985063e-01   -2.6474536581e+00   -1.2775667440e+01    2.6400000000e+02    2.1652751000e-02    5.3551136364e-01
       137   -1.0470376823e+01    1.0993902887e+02   -2.1688098481e+01    1.1217721658e+01   -6.8383919136e+00    5.6700415620e-01   -2.6410432837e+00   -1.2775667440e+01    2.6400000000e+02    2.1614755000e-02    5.4157196970e-01
       138   -1.0435148663e+01    1.0949916929e+02   -2.2250453844e+01    1.1815305181e+01   -7.4295596546e+00    5.7607285258e-01   -2.6212996020e+00   -1.2775667440e+01    2.6400000000e+02    2.1478458000e-02    5.3688446970e-01
       139   -1.0456739054e+01    1.0970114589e+02   -2.1292054581e+01    1.0835315527e+01   -6.4422515425e+00    5.4674250895e-01   -2.6208781067e+00   -1.2775667440e+01    2.6400000000e+02    2.1499506000e-02    5.4147727273e-01
       140   -1.0587594396e+01    1.1248725949e+02   -2.1937298661e+01    1.1349704264e+01   -7.1771445378e+00    7.0846042194e-01   -2.6929471047e+00   -1.2775667440e+01    2.6400000000e+02    2.1446931000e-02    5.4067234848e-01
       141   -1.0501059385e+01    1.1057324759e+02   -2.1858187831e+01    1.1357128447e+01   -7.1355782735e+00    7.4092968101e-01   -2.6878717988e+00   -1.2775667440e+01    2.6400000000e+02    2.1210056000e-02    5.3712121212e-01
       142   -1.0429438893e+01    1.0926444454e+02   -2.1748657534e+01    1.1319218640e+01   -6.9634329385e+00    6.3335318549e-01   -2.6429103404e+00   -1.2775667440e+01    2.6400000000e+02    2.1468715000e-02    5.3636363636e-01
       143   -1.0486436132e+01    1.1039530371e+02   -2.2237696499e+01    1.1751260367e+01   -7.3783859163e+00    6.3437206582e-01   -2.7180152082e+00   -1.2775667440e+01    2.6400000000e+02    2.1317542000e-02    5.3660037879e-01
       144   -1.0503509886e+01    1.1073274491e+02   -2.1846033777e+01    1.1342523891e+01   -6.9114183151e+00    5.4243581328e-01   -2.7013838353e+00   -1.2775667440e+01    2.6400000000e+02    2.1497177000e-02    5.3802083333e-01
       145   -1.0468321816e+01    1.1014110343e+02   -2.2063696219e+01    1.1595374403e+01   -7.7408534353e+00    8.0334215536e-01   -2.3505174990e+00   -1.2775667440e+01    2.6400000000e+02    2.1467267000e-02    5.3125000000e-01
       146   -1.0496393238e+01    1.1061476417e+02   -2.1972772217e+01    1.1476378979e+01   -7.2531470041e+00    6.4874050496e-01   -2.5926982778e+00   -1.2775667440e+01    2.6400000000e+02    2.1296809000e-02    5.3603219697e-01
       147   -1.0468636781e+01    1.0995234054e+02   -2.1891718578e+01    1.1423081797e+01   -7.1033911870e+00    5.3592286145e-01   -2.5485828118e+00   -1.2775667440e+01    2.6400000000e+02    2.1502535000e-02    5.4081439394e-01
       148   -1.0438057856e+01    1.0929889132e+02   -2.1869151761e+01    1.1431093904e+01   -7.1933011978e+00    6.8184548544e-01   -2.5820286079e+00   -1.2775667440e+01    2.6400000000e+02    2.1432643000e-02    5.3508522727e-01
       149   -1.0473859706e+01    1.1024855566e+02   -2.1552953641e+01    1.1079093935e+01   -6.6761848362e+00    5.4402521534e-01   -2.6451265799e+00   -1.2775667440e+01    2.6400000000e+02    2.1463328000e-02    5.4034090909e-01
       150   -1.0471701541e+01    1.0999305209e+02   -2.2034948040e+01    1.1563246499e+01   -7.3557761931e+00    6.2169486431e-01   -2.5251992704e+00   -1.2775667440e+01    2.6400000000e+02    2.1470346000e-02    5.3745265152e-01
       151   -1.0471443634e+01    1.1003701211e+02   -2.1939552027e+01    1.1468108393e+01   -7.1301586631e+00    7.0146285251e-01   -2.7351887761e+00   -1.2775667440e+01    2.6400000000e+02    2.1514094000e-02    5.4237689394e-01
       152   -1.0498102445e+01    1.1060877211e+02   -2.2076387726e+01    1.1578285281e+01   -7.4162481608e+00    7.6152995364e-01   -2.6460020789e+00   -1.2775667440e+01    2.6400000000e+02    2.1332935000e-02    5.3892045455e-01
       153   -1.0487222402e+01    1.1045399937e+02   -2.2083650336e+01    1.1596427933e+01   -7.2716424940e+00    5.7499955525e-01   -2.6113399569e+00   -1.2775667440e+01    2.6400000000e+02    2.1389183000e-02    5.3238636364e-01
       154   -1.0429790190e+01    1.0913387953e+02   -2.2140753894e+01    1.1710963704e+01   -7.2384922424e+00    5.5457506196e-01   -2.6811692736e+00   -1.2775667440e+01    2.6400000000e+02    2.1341884000e-02    5.3115530303e-01
       155   -1.0451804375e+01    1.0957039735e+02   -2.1734432266e+01    1.1282627891e+01   -6.9911264310e+00    6.0523202627e-01   -2.5728704213e+00   -1.2775667440e+01    2.6400000000e+02    2.1426944000e-02    5.3792613636e-01
       156   -1.0520024723e+01    1.1096865973e+02   -2.1922471807e+01    1.1402447084e+01   -7.2333451012e+00    6.5911626376e-01   -2.5725755298e+00   -1.2775667440e+01    2.6400000000e+02    2.1495294000e-02    5.4119318182e-01
       157   -1.0492427899e+01    1.1041163247e+02   -2.1968863137e+01    1.1476435238e+01   -6.9987862705e+00    4.8396848724e-01   -2.6783779135e+00   -1.2775667440e+01    2.6400000000e+02    2.1436945000e-02    5.4133522727e-01
       158   -1.0475074602e+01    1.1007882041e+02   -2.1358122835e+01    1.0883048234e+01   -6.4469731357e+00    5.5068819742e-01   -2.6861704570e+00   -1.2775667440e+01    2.6400000000e+02    2.1538231000e-02    5.3896780303e-01
       159   -1.0520131444e+01    1.1101168416e+02   -2.2355876166e+01    1.1835744721e+01   -7.8115521406e+00    7.2693138439e-01   -2.4955879692e+00   -1.2775667440e+01    2.6400000000e+02    2.1541032000e-02    5.3693181818e-01
       160   -1.0549820192e+01    1.1167814262e+02   -2.2145198689e+01    1.1595378497e+01   -7.3994372681e+00    5.9260256538e-01   -2.5626965457e+00   -1.2775667440e+01    2.6400000000e+02    2.1645361000e-02    5.4034090909e-01
       161   -1.0526888019e+01    1.1124037697e+02   -2.2279335126e+01    1.1752447107e+01   -7.6197357472e+00    7.3165969529e-01   -2.6155916343e+00   -1.2775667440e+01    2.6400000000e+02    2.1592148000e-02    5.3915719697e-01
       162   -1.0480165885e+01    1.1021310051e+02   -2.1759981292e+01    1.1279815407e+01   -6.8682759511e+00    6.2495646188e-01   -2.7409943622e+00   -1.2775667440e+01    2.6400000000e+02    2.1426016000e-02    5.4294507576e-01
       163   -1.0541987889e+01    1.1147226042e+02   -2.1958398849e+01    1.1416410960e+01   -7.3911576317e+00    7.1930386178e-01   -2.5108776386e+00   -1.2775667440e+01    2.6400000000e+02    2.1804935000e-02    5.3896780303e-01
       164   -1.0539941153e+01    1.1140724247e+02   -2.2095468228e+01    1.1555527075e+01   -7.2018717150e+00    5.0817374167e-01   -2.6261028147e+00   -1.2775667440e+01    2.6400000000e+02    2.1679136000e-02    5.3664772727e-01
       165   -1.0511760133e+01    1.1088477345e+02   -2.2490677882e+01    1.1978917750e+01   -7.6756674662e+00    6.4825715849e-01   -2.6876001345e+00   -1.2775667440e+01    2.6400000000e+02    2.1660134000e-02    5.4408143939e-01
       166   -1.0442544426e+01    1.0947027537e+02   -2.2229797595e+01    1.1787253169e+01   -7.3961179695e+00    5.6961872000e-01   -2.6276309052e+00   -1.2775667440e+01    2.6400000000e+02    2.2228325000e-02    5.3688446970e-01
       167   -1.0522397661e+01    1.1110572889e+02   -2.1573123097e+01    1.1050725435e+01   -6.8964430591e+00    7.9123661436e-01   -2.6922492116e+00   -1.2775667440e+01    2.6400000000e+02    2.2230152000e-02    5.3541666667e-01
       168   -1.0469064912e+01    1.1000963339e+02   -2.2208228350e+01    1.1739163438e+01   -7.2621178556e+00    4.8853841354e-01   -2.6589814677e+00   -1.2775667440e+01    2.6400000000e+02    2.1641857000e-02    5.4076704545e-01
       169   -1.0513168687e+01    1.1090052081e+02   -2.1913299174e+01    1.1400130487e+01   -7.2350242949e+00    6.9904943434e-01   -2.6016568733e+00   -1.2775667440e+01    2.6400000000e+02    2.1632012000e-02    5.4114583333e-01
       170   -1.0517547858e+01    1.1093148726e+02   -2.1867699251e+01    1.1350151394e+01   -6.7609464151e+00    3.9763978651e-01   -2.7287251826e+00   -1.2775667440e+01    2.6400000000e+02    2.1579644000e-02    5.4464962121e-01
       171   -1.0475778617e+01    1.1010677969e+02   -2.1694541276e+01    1.1218762658e+01   -6.8805937626e+00    5.4108672465e-01   -2.5793667974e+00   -1.2775667440e+01    2.6400000000e+02    2.1384441000e-02    5.3830492424e-01
       172   -1.0501477178e+01    1.1074006824e+02   -2.2372837807e+01    1.1871360630e+01   -7.5987158019e+00    6.5029481544e-01   -2.6487493806e+00   -1.2775667440e+01    2.6400000000e+02    2.1494954000e-02    5.4275568182e-01
       173   -1.0511688855e+01    1.1084102937e+02   -2.2082506247e+01    1.1570817392e+01   -7.4462599372e+00    6.1546318785e-01   -2.4760420578e+00   -1.2775667440e+01    2.6400000000e+02    2.1380139000e-02    5.3461174242e-01
       174   -1.0439234804e+01    1.0938298792e+02   -2.1829005453e+01    1.1389770649e+01   -6.8782053068e+00    4.1905451733e-01   -2.5941872233e+00   -1.2775667440e+01    2.6400000000e+02    2.1342040000e-02    5.3309659091e-01
       175   -1.0602485816e+01    1.1269839760e+02   -2.2125101374e+01    1.1522615558e+01   -7.4713759821e+00    7.1458211521e-01   -2.5926400667e+00   -1.2775667440e+01    2.6400000000e+02    2.1211002000e-02    5.3816287879e-01
       176   -1.0545517111e+01    1.1154548159e+02   -2.2246766936e+01    1.1701249824e+01   -7.4328682174e+00    6.1232465617e-01   -2.6505559342e+00   -1.2775667440e+01    2.6400000000e+02    2.1248212000e-02    5.3551136364e-01
       177   -1.0493313732e+01    1.1044185204e+02   -2.1756182956e+01    1.1262869224e+01   -6.9397390493e+00    6.5112249702e-01   -2.6918989636e+00   -1.2775667440e+01    2.6400000000e+02    2.1373832000e-02    5.4114583333e-01
       178   -1.0460616030e+01    1.1005415104e+02   -2.2242475134e+01    1.1781859104e+01   -7.8073682786e+00    9.8950490856e-01   -2.6489443236e+00   -1.2775667440e+01    2.6400000000e+02    2.1220195000e-02    5.3991477273e-01
       179   -1.0507573362e+01    1.1065015238e+02   -2.2282151133e+01    1.1774577771e+01   -7.2045204351e+00    4.3387845307e-01   -2.7358417109e+00   -1.2775667440e+01    2.6400000000e+02    2.1378347000e-02    5.3560606061e-01
       180   -1.0449670393e+01    1.0956462566e+02   -2.2274113330e+01    1.1824442936e+01   -7.2404173195e+00    4.1055399706e-01   -2.6685825670e+00   -1.2775667440e+01    2.6400000000e+02    2.1254782000e-02    5.3816287879e-01
       181   -1.0520564848e+01    1.1121264187e+02   -2.2292653499e+01    1.1772088650e+01   -7.7440654356e+00    7.2804703929e-01   -2.5009676623e+00   -1.2775667440e+01    2.6400000000e+02    2.1539927000e-02    5.3787878788e-01
       182   -1.0492673679e+01    1.1043971461e+02   -2.2166030161e+01    1.1673356482e+01   -7.4558793563e+00    6.6116432485e-01   -2.5956476894e+00   -1.2775667440e+01    2.6400000000e+02    2.1471492000e-02    5.4015151515e-01
       183   -1.0564507661e+01    1.1200940351e+02   -2.1702806202e+01    1.1138298541e+01   -6.9304966861e+00    6.9963857494e-01   -2.6962806506e+00   -1.2775667440e+01    2.6400000000e+02    2.1455115000e-02    5.4005681818e-01
       184   -1.0471905645e+01    1.0997823666e+02   -2.2399711926e+01    1.1927806281e+01   -7.7608521855e+00    6.5866150775e-01   -2.5218538084e+00   -1.2775667440e+01    2.6400000000e+02    2.1414562000e-02    5.3693181818e-01
       185   -1.0524876897e+01    1.1114337786e+02   -2.1947776384e+01    1.1422899487e+01   -7.0469834828e+00    5.7334357485e-01   -2.6984690356e+00   -1.2775667440e+01    2.6400000000e+02    2.1406836000e-02    5.3134469697e-01
       186   -1.0493968965e+01    1.1048460720e+02   -2.2167528005e+01    1.1673559040e+01   -7.4490089383e+00    7.1804765192e-01   -2.6608992781e+00   -1.2775667440e+01    2.6400000000e+02    2.1277667000e-02    5.3342803030e-01
       187   -1.0515604693e+01    1.1107364946e+02   -2.1910341212e+01    1.1394736519e+01   -7.2810989172e+00    7.0626958372e-01   -2.5598444383e+00   -1.2775667440e+01    2.6400000000e+02    2.1354871000e-02    5.4147727273e-01
       188   -1.0482885351e+01    1.1024975166e+02   -2.2000041915e+01    1.1517156564e+01   -7.2694319232e+00    6.1138069372e-01   -2.5663232457e+00   -1.2775667440e+01    2.6400000000e+02    2.1606329000e-02    5.3986742424e-01
       189   -1.0392293743e+01    1.0834041018e+02   -2.1919940037e+01    1.1527646294e+01   -7.2317920388e+00    6.9277763570e-01   -2.6052581936e+00   -1.2775667440e+01    2.6400000000e+02    2.1366092000e-02    5.3641098485e-01
       190   -1.0520893556e+01    1.1122968519e+02   -2.2387547821e+01    1.1866654265e+01   -7.4078202289e+00    5.4436852101e-01   -2.7484286726e+00   -1.2775667440e+01    2.6400000000e+02    2.1508122000e-02    5.3664772727e-01
       191   -1.0490009471e+01    1.1038124442e+02   -2.2450380873e+01    1.1960371402e+01   -7.7008342601e+00    6.0323527360e-01   -2.5771144460e+00   -1.2775667440e+01    2.6400000000e+02    2.1433823000e-02    5.3295454545e-01
       192   -1.0484705364e+01    1.1024474894e+02   -2.1939257102e+01    1.1454551738e+01   -7.0591914147e+00    5.7341296294e-01   -2.6778112098e+00   -1.2775667440e+01    2.6400000000e+02    2.1373689000e-02    5.3423295455e-01
       193   -1.0492623443e+01    1.1049323048e+02   -2.2142642704e+01    1.1650019261e+01   -7.2279957649e+00    5.7608002039e-01   -2.7150595191e+00   -1.2775667440e+01    2.6400000000e+02    2.1491150000e-02    5.3802083333e-01
       194   -1.0483043844e+01    1.1027329816e+02   -2.2098174029e+01    1.1615130185e+01   -7.5603425035e+00    7.5684066697e-01   -2.5190047519e+00   -1.2775667440e+01    2.6400000000e+02    2.1436864000e-02    5.3143939394e-01
       195   -1.0496096142e+01    1.1064881894e+02   -2.2096166250e+01    1.1600070108e+01   -7.2347815166e+00    5.1674649257e-01   -2.6024637857e+00   -1.2775667440e+01    2.6400000000e+02    2.1468772000e-02    5.3276515152e-01
       196   -1.0475047155e+01    1.1009106172e+02   -2.1930811667e+01    1.1455764512e+01   -6.9860405831e+00    4.9876534189e-01   -2.6678689852e+00   -1.2775667440e+01    2.6400000000e+02    2.1570898000e-02    5.4502840909e-01
       197   -1.0468291424e+01    1.1001844764e+02   -2.1680513507e+01    1.1212222083e+01   -7.0687702245e+00    7.2338556553e-01   -2.5594614078e+00   -1.2775667440e+01    2.6400000000e+02    2.1621090000e-02    5.3693181818e-01
       198   -1.0478977259e+01    1.1019872267e+02   -2.2139244731e+01    1.1660267473e+01   -7.3448313896e+00    6.0771835973e-01   -2.6264642613e+00   -1.2775667440e+01    2.6400000000e+02    2.1518746000e-02    5.4592803030e-01
       199   -1.0521986290e+01    1.1101761383e+02   -2.1990809062e+01    1.1468822772e+01   -7.1177458582e+00    5.0904188910e-01   -2.6064376525e+00   -1.2775667440e+01    2.6400000000e+02    2.1438354000e-02    5.4057765152e-01
