#   index    LocalEnergy         LocalEnergy_sq      LocalPotential      Kinetic             LocalECP            NonLocalECP         ElecElec            IonIon              BlockWeight         BlockCPU            AcceptRatio         
         0   -1.0408751764e+01    1.0919223361e+02   -2.2149531694e+01    1.1740779930e+01   -7.2483556660e+00    4.7541711510e-01   -2.6009257029e+00   -1.2775667440e+01    2.6400000000e+02    1.7808850000e-02    5.3712121212e-01
         1   -1.0521516451e+01    1.1107593700e+02   -2.2157750436e+01    1.1636233986e+01   -7.3632420579e+00    5.2317754451e-01   -2.5420184827e+00   -1.2775667440e+01    2.6400000000e+02    1.9273134000e-02    5.4502840909e-01
         2   -1.0556448977e+01    1.1176978328e+02   -2.2010621476e+01    1.1454172500e+01   -7.1799175574e+00    6.7497162311e-01   -2.7300081019e+00   -1.2775667440e+01    2.6400000000e+02    1.9390527000e-02    5.4810606061e-01
         3   -1.0483916436e+01    1.1045204421e+02   -2.1763514717e+01    1.1279598281e+01   -6.9950493931e+00    6.7954803686e-01   -2.6723459202e+00   -1.2775667440e+01    2.6400000000e+02    1.9220890000e-02    5.4138257576e-01
         4   -1.0524410005e+01    1.1108589219e+02   -2.1897428889e+01    1.1373018884e+01   -7.2741145818e+00    6.1927028772e-01   -2.4669171549e+00   -1.2775667440e+01    2.6400000000e+02    1.9189365000e-02    5.3536931818e-01
         5   -1.0376813674e+01    1.0812594620e+02   -2.1954126861e+01    1.1577313188e+01   -6.9457179811e+00    3.1637697433e-01   -2.5491184144e+00   -1.2775667440e+01    2.6400000000e+02    1.9118476000e-02    5.3745265152e-01
         6   -1.0507425037e+01    1.1087950952e+02   -2.1848475989e+01    1.1341050953e+01   -7.1704273137e+00    7.1304154508e-01   -2.6154227806e+00   -1.2775667440e+01    2.6400000000e+02    1.9059804000e-02    5.3385416667e-01
         7   -1.0474062688e+01    1.1014816337e+02   -2.2091439775e+01    1.1617377087e+01   -7.1890684424e+00    5.7051479647e-01   -2.6972186890e+00   -1.2775667440e+01    2.6400000000e+02    1.9073168000e-02    5.4029356061e-01
         8   -1.0454202252e+01    1.0968399318e+02   -2.1722324883e+01    1.1268122632e+01   -7.1910477708e+00    8.8833165991e-01   -2.6439413321e+00   -1.2775667440e+01    2.6400000000e+02    1.9351741000e-02    5.4161931818e-01
         9   -1.0484647460e+01    1.1035742519e+02   -2.2453609923e+01    1.1968962463e+01   -7.7397278300e+00    7.1215212190e-01   -2.6503667744e+00   -1.2775667440e+01    2.6400000000e+02    1.9168414000e-02    5.3688446970e-01
        10   -1.0545673183e+01    1.1153366316e+02   -2.1601884971e+01    1.1056211787e+01   -6.7264562535e+00    5.2658946231e-01   -2.6263507392e+00   -1.2775667440e+01    2.6400000000e+02    1.9319403000e-02    5.4015151515e-01
        11   -1.0522628695e+01    1.1139619782e+02   -2.2057224952e+01    1.1534596257e+01   -7.3499675200e+00    6.2725536305e-01   -2.5588453548e+00   -1.2775667440e+01    2.6400000000e+02    1.9382546000e-02    5.3811553030e-01
        12   -1.0568497127e+01    1.1204004080e+02   -2.1818690946e+01    1.1250193819e+01   -7.1213991295e+00    7.0548525390e-01   -2.6271096302e+00   -1.2775667440e+01    2.6400000000e+02    1.9307023000e-02    5.4161931818e-01
        13   -1.0505463438e+01    1.1075106815e+02   -2.2176803844e+01    1.1671340406e+01   -7.6034878690e+00    7.0932281238e-01   -2.5069713467e+00   -1.2775667440e+01    2.6400000000e+02    1.9162226000e-02    5.3868371212e-01
        14   -1.0432000588e+01    1.0950879938e+02   -2.2069735196e+01    1.1637734608e+01   -7.0046140574e+00    3.3926203740e-01   -2.6287157357e+00   -1.2775667440e+01    2.6400000000e+02    1.9041504000e-02    5.3285984848e-01
        15   -1.0522418023e+01    1.1103981472e+02   -2.2176406986e+01    1.1653988963e+01   -7.3797423880e+00    5.8637552230e-01   -2.6073726803e+00   -1.2775667440e+01    2.6400000000e+02    1.9377222000e-02    5.4891098485e-01
        16   -1.0443813913e+01    1.0947391256e+02   -2.2370725349e+01    1.1926911436e+01   -7.5854581702e+00    6.2492572592e-01   -2.6345254644e+00   -1.2775667440e+01    2.6400000000e+02    1.9421370000e-02    5.4176136364e-01
        17   -1.0500552698e+01    1.1060734985e+02   -2.2073533701e+01    1.1572981003e+01   -7.1169716354e+00    5.5197573154e-01   -2.7328703573e+00   -1.2775667440e+01    2.6400000000e+02    1.9431130000e-02    5.3745265152e-01
        18   -1.0423520957e+01    1.0905131142e+02   -2.2211556916e+01    1.1788035959e+01   -7.4242973458e+00    6.1401095534e-01   -2.6256030850e+00   -1.2775667440e+01    2.6400000000e+02    1.9322882000e-02    5.3863636364e-01
        19   -1.0433057848e+01    1.0920654221e+02   -2.1931622339e+01    1.1498564491e+01   -6.9806986469e+00    4.7133963858e-01   -2.6465958906e+00   -1.2775667440e+01    2.6400000000e+02    1.9709761000e-02    5.3754734848e-01
        20   -1.0489426273e+01    1.1044926893e+02   -2.2160391950e+01    1.1670965678e+01   -7.5675839742e+00    6.8888840023e-01   -2.5060289363e+00   -1.2775667440e+01    2.6400000000e+02    1.9694384000e-02    5.4124053030e-01
        21   -1.0471906841e+01    1.0998396208e+02   -2.1684641099e+01    1.1212734258e+01   -6.7403853295e+00    5.9437617742e-01   -2.7629645065e+00   -1.2775667440e+01    2.6400000000e+02    1.9556750000e-02    5.3522727273e-01
        22   -1.0552057671e+01    1.1170064379e+02   -2.1992059044e+01    1.1440001374e+01   -7.3468517899e+00    7.0750922193e-01   -2.5770490362e+00   -1.2775667440e+01    2.6400000000e+02    1.9996855000e-02    5.3229166667e-01
        23   -1.0443825460e+01    1.0933853520e+02   -2.2222116602e+01    1.1778291142e+01   -7.2695340291e+00    5.7045149445e-01   -2.7473666268e+00   -1.2775667440e+01    2.6400000000e+02    1.9672930000e-02    5.3626893939e-01
        24   -1.0485030986e+01    1.1031017921e+02   -2.2057566267e+01    1.1572535281e+01   -7.2684832605e+00    5.6842844238e-01   -2.5818440088e+00   -1.2775667440e+01    2.6400000000e+02    1.9250075000e-02    5.3830492424e-01
        25   -1.0450883906e+01    1.0966017504e+02   -2.2184194660e+01    1.1733310754e+01   -7.1826573499e+00    3.9774889718e-01   -2.6236187674e+00   -1.2775667440e+01    2.6400000000e+02    2.0958511000e-02    5.4270833333e-01
        26   -1.0430298023e+01    1.0913340200e+02   -2.1954719932e+01    1.1524421909e+01   -7.1480441399e+00    5.8490152217e-01   -2.6159098741e+00   -1.2775667440e+01    2.6400000000e+02    1.9110648000e-02    5.3664772727e-01
        27   -1.0505591910e+01    1.1077583122e+02   -2.2417928773e+01    1.1912336863e+01   -7.5832638211e+00    5.6352995917e-01   -2.6225274711e+00   -1.2775667440e+01    2.6400000000e+02    1.9027696000e-02    5.3693181818e-01
        28   -1.0489691567e+01    1.1046546526e+02   -2.2165828109e+01    1.1676136542e+01   -7.4733712106e+00    7.2601960740e-01   -2.6428090658e+00   -1.2775667440e+01    2.6400000000e+02    1.9423069000e-02    5.3892045455e-01
        29   -1.0532640975e+01    1.1124170255e+02   -2.1448608121e+01    1.0915967146e+01   -6.9785381286e+00    8.9221312571e-01   -2.5866156774e+00   -1.2775667440e+01    2.6400000000e+02    1.9402204000e-02    5.2746212121e-01
        30   -1.0480316984e+01    1.1027853029e+02   -2.2549614445e+01    1.2069297461e+01   -7.9905788934e+00    7.0517525282e-01   -2.4885433642e+00   -1.2775667440e+01    2.6400000000e+02    1.9244214000e-02    5.3196022727e-01
        31   -1.0460768247e+01    1.0979420141e+02   -2.2004751827e+01    1.1543983580e+01   -7.0639083159e+00    4.6207242382e-01   -2.6272484947e+00   -1.2775667440e+01    2.6400000000e+02    1.9452039000e-02    5.3399621212e-01
        32   -1.0553347603e+01    1.1185948060e+02   -2.1897134714e+01    1.1343787111e+01   -7.0144103005e+00    5.6096411727e-01   -2.6680210907e+00   -1.2775667440e+01    2.6400000000e+02    1.9187740000e-02    5.3660037879e-01
        33   -1.0465304932e+01    1.0988510633e+02   -2.2014979262e+01    1.1549674330e+01   -7.3692229415e+00    6.7869495631e-01   -2.5487838369e+00   -1.2775667440e+01    2.6400000000e+02    1.9399584000e-02    5.3977272727e-01
        34   -1.0405747699e+01    1.0870645044e+02   -2.1905315156e+01    1.1499567457e+01   -7.1861110905e+00    5.7956632954e-01   -2.5231029549e+00   -1.2775667440e+01    2.6400000000e+02    1.9592883000e-02    5.3915719697e-01
        35   -1.0438832339e+01    1.0928454820e+02   -2.2003902993e+01    1.1565070654e+01   -7.3220538816e+00    6.5202948519e-01   -2.5582111565e+00   -1.2775667440e+01    2.6400000000e+02    1.9460862000e-02    5.3830492424e-01
        36   -1.0494995350e+01    1.1046232160e+02   -2.2311870753e+01    1.1816875403e+01   -7.4804447946e+00    4.9618344115e-01   -2.5519419595e+00   -1.2775667440e+01    2.6400000000e+02    1.9570659000e-02    5.3768939394e-01
        37   -1.0485290805e+01    1.1023576691e+02   -2.1472925712e+01    1.0987634907e+01   -6.5705676799e+00    5.6008307195e-01   -2.6867736642e+00   -1.2775667440e+01    2.6400000000e+02    1.9363198000e-02    5.3285984848e-01
        38   -1.0488339057e+01    1.1041528598e+02   -2.2223473513e+01    1.1735134457e+01   -7.3092992477e+00    4.5125684017e-01   -2.5897636656e+00   -1.2775667440e+01    2.6400000000e+02    1.9562036000e-02    5.3982007576e-01
        39   -1.0505639672e+01    1.1070312937e+02   -2.1943265380e+01    1.1437625708e+01   -7.0999762317e+00    6.5369334732e-01   -2.7213150557e+00   -1.2775667440e+01    2.6400000000e+02    1.9381835000e-02    5.3920454545e-01
        40   -1.0492590042e+01    1.1053915596e+02   -2.2223583135e+01    1.1730993092e+01   -7.3823974456e+00    5.0174383797e-01   -2.5672620869e+00   -1.2775667440e+01    2.6400000000e+02    1.9300114000e-02    5.4043560606e-01
        41   -1.0470260562e+01    1.0999955213e+02   -2.2097992625e+01    1.1627732063e+01   -7.2502709818e+00    5.5825203894e-01   -2.6303062423e+00   -1.2775667440e+01    2.6400000000e+02    1.9068075000e-02    5.3603219697e-01
        42   -1.0465373030e+01    1.0995927829e+02   -2.1873191344e+01    1.1407818314e+01   -7.1580137218e+00    6.3757440968e-01   -2.5770845913e+00   -1.2775667440e+01    2.6400000000e+02    1.9052067000e-02    5.3868371212e-01
        43   -1.0486015477e+01    1.1032478075e+02   -2.2110403289e+01    1.1624387813e+01   -7.3180963743e+00    5.7452298301e-01   -2.5911624579e+00   -1.2775667440e+01    2.6400000000e+02    1.9101545000e-02    5.3702651515e-01
        44   -1.0439746399e+01    1.0934035018e+02   -2.2204180115e+01    1.1764433716e+01   -7.2989281513e+00    5.2037339894e-01   -2.6499579220e+00   -1.2775667440e+01    2.6400000000e+02    1.9157931000e-02    5.3664772727e-01
        45   -1.0421900061e+01    1.0901041713e+02   -2.1451157036e+01    1.1029256974e+01   -6.5511322041e+00    4.9689245321e-01   -2.6212498444e+00   -1.2775667440e+01    2.6400000000e+02    1.9238064000e-02    5.3825757576e-01
        46   -1.0490099848e+01    1.1041777443e+02   -2.1734871441e+01    1.1244771593e+01   -6.7612589825e+00    3.9774637367e-01   -2.5956913917e+00   -1.2775667440e+01    2.6400000000e+02    1.9536955000e-02    5.4360795455e-01
        47   -1.0446469162e+01    1.0955129095e+02   -2.2250117919e+01    1.1803648757e+01   -7.4364761820e+00    5.1860568340e-01   -2.5565799800e+00   -1.2775667440e+01    2.6400000000e+02    1.9213482000e-02    5.3139204545e-01
        48   -1.0508422147e+01    1.1077267390e+02   -2.2380785317e+01    1.1872363169e+01   -7.6949628964e+00    6.9136354571e-01   -2.6015185256e+00   -1.2775667440e+01    2.6400000000e+02    1.9370993000e-02    5.4005681818e-01
        49   -1.0491147973e+01    1.1043090879e+02   -2.2151929871e+01    1.1660781898e+01   -7.4895921940e+00    7.5345617274e-01   -2.6401264094e+00   -1.2775667440e+01    2.6400000000e+02    1.9100696000e-02    5.3584280303e-01
        50   -1.0475126529e+01    1.1016567658e+02   -2.1775599406e+01    1.1300472877e+01   -7.0296374810e+00    6.6133275095e-01   -2.6316272354e+00   -1.2775667440e+01    2.6400000000e+02    1.9016927000e-02    5.4090909091e-01
        51   -1.0511402188e+01    1.1085641098e+02   -2.1826963711e+01    1.1315561524e+01   -6.9040153679e+00    4.8911036403e-01   -2.6363912671e+00   -1.2775667440e+01    2.6400000000e+02    1.9226908000e-02    5.3712121212e-01
        52   -1.0459706080e+01    1.0981128624e+02   -2.1829508150e+01    1.1369802070e+01   -7.1741779858e+00    6.8268870543e-01   -2.5623514294e+00   -1.2775667440e+01    2.6400000000e+02    1.9239457000e-02    5.3290719697e-01
        53   -1.0522885087e+01    1.1108870100e+02   -2.2399129053e+01    1.1876243966e+01   -7.8233288841e+00    6.7557605874e-01   -2.4757087877e+00   -1.2775667440e+01    2.6400000000e+02    1.8964380000e-02    5.3347537879e-01
        54   -1.0487442993e+01    1.1038376418e+02   -2.2600203251e+01    1.2112760258e+01   -7.8947147920e+00    6.1360233088e-01   -2.5434233499e+00   -1.2775667440e+01    2.6400000000e+02    1.9246785000e-02    5.3721590909e-01
        55   -1.0489182345e+01    1.1033149574e+02   -2.2088731912e+01    1.1599549567e+01   -7.2766810923e+00    6.2362892033e-01   -2.6600122999e+00   -1.2775667440e+01    2.6400000000e+02    1.9192650000e-02    5.3456439394e-01
        56   -1.0429160613e+01    1.0918199549e+02   -2.2023032913e+01    1.1593872301e+01   -7.1700534753e+00    6.0994544338e-01   -2.6872574412e+00   -1.2775667440e+01    2.6400000000e+02    1.9089381000e-02    5.3366477273e-01
        57   -1.0422085595e+01    1.0907761304e+02   -2.1518966397e+01    1.1096880802e+01   -6.8822574162e+00    6.9849023806e-01   -2.5595317783e+00   -1.2775667440e+01    2.6400000000e+02    1.9404307000e-02    5.4071969697e-01
        58   -1.0535467048e+01    1.1136333220e+02   -2.2274507304e+01    1.1739040256e+01   -7.4302648289e+00    6.3760773172e-01   -2.7061827669e+00   -1.2775667440e+01    2.6400000000e+02    1.9333508000e-02    5.3906250000e-01
        59   -1.0479905584e+01    1.1022334697e+02   -2.1645292480e+01    1.1165386896e+01   -6.8979680802e+00    5.9831014264e-01   -2.5699671022e+00   -1.2775667440e+01    2.6400000000e+02    1.9620936000e-02    5.4502840909e-01
        60   -1.0470056297e+01    1.1001989960e+02   -2.2361053462e+01    1.1890997165e+01   -7.3755771243e+00    3.3292688101e-01   -2.5427357788e+00   -1.2775667440e+01    2.6400000000e+02    1.9684251000e-02    5.3655303030e-01
        61   -1.0524573621e+01    1.1110592815e+02   -2.2335354086e+01    1.1810780465e+01   -7.3411977146e+00    4.8019351280e-01   -2.6986824439e+00   -1.2775667440e+01    2.6400000000e+02    1.9447785000e-02    5.3371212121e-01
        62   -1.0487112951e+01    1.1047594242e+02   -2.2048327477e+01    1.1561214526e+01   -7.2648065848e+00    5.6915466787e-01   -2.5770081201e+00   -1.2775667440e+01    2.6400000000e+02    1.9872354000e-02    5.3972537879e-01
        63   -1.0492545633e+01    1.1050322435e+02   -2.1769815588e+01    1.1277269955e+01   -7.2601299295e+00    6.6536910887e-01   -2.3993873268e+00   -1.2775667440e+01    2.6400000000e+02    1.9597202000e-02    5.3792613636e-01
        64   -1.0472467414e+01    1.0998371870e+02   -2.2020586601e+01    1.1548119188e+01   -7.1687258697e+00    6.4590111439e-01   -2.7220944057e+00   -1.2775667440e+01    2.6400000000e+02    1.9706675000e-02    5.3702651515e-01
        65   -1.0534548879e+01    1.1145227640e+02   -2.1974405349e+01    1.1439856470e+01   -7.1014160212e+00    5.3943251047e-01   -2.6367543979e+00   -1.2775667440e+01    2.6400000000e+02    1.9423269000e-02    5.3740530303e-01
        66   -1.0460059467e+01    1.0983688486e+02   -2.1892522107e+01    1.1432462640e+01   -7.1074528373e+00    5.7401541351e-01   -2.5834172426e+00   -1.2775667440e+01    2.6400000000e+02    1.9752020000e-02    5.4185606061e-01
        67   -1.0475643470e+01    1.1017161602e+02   -2.1632971829e+01    1.1157328359e+01   -6.5921373121e+00    4.6217917385e-01   -2.7273462501e+00   -1.2775667440e+01    2.6400000000e+02    1.9552222000e-02    5.5009469697e-01
        68   -1.0453268677e+01    1.0976399662e+02   -2.1905572199e+01    1.1452303522e+01   -7.0438109709e+00    4.7285602872e-01   -2.5589498162e+00   -1.2775667440e+01    2.6400000000e+02    1.9486459000e-02    5.4256628788e-01
        69   -1.0484241823e+01    1.1024579536e+02   -2.1772352932e+01    1.1288111109e+01   -7.2455377465e+00    7.7992939320e-01   -2.5310771388e+00   -1.2775667440e+01    2.6400000000e+02    1.9529362000e-02    5.3484848485e-01
        70   -1.0518584420e+01    1.1106005034e+02   -2.2505002590e+01    1.1986418169e+01   -7.6310706663e+00    4.9513908948e-01   -2.5934035725e+00   -1.2775667440e+01    2.6400000000e+02    1.9605427000e-02    5.4218750000e-01
        71   -1.0513174362e+01    1.1093652878e+02   -2.1867872472e+01    1.1354698111e+01   -7.1135212230e+00    6.3172494885e-01   -2.6104087581e+00   -1.2775667440e+01    2.6400000000e+02    1.9665174000e-02    5.4398674242e-01
        72   -1.0513750568e+01    1.1095769416e+02   -2.1916456227e+01    1.1402705659e+01   -7.0608001597e+00    5.1355952158e-01   -2.5935481484e+00   -1.2775667440e+01    2.6400000000e+02    1.9230149000e-02    5.3442234848e-01
        73   -1.0532276252e+01    1.1153951342e+02   -2.1755865719e+01    1.1223589467e+01   -7.1942782190e+00    8.3946270381e-01   -2.6253827637e+00   -1.2775667440e+01    2.6400000000e+02    1.9479354000e-02    5.3660037879e-01
        74   -1.0481001254e+01    1.1018186557e+02   -2.1973181068e+01    1.1492179815e+01   -7.2079000805e+00    6.8108425872e-01   -2.6706978064e+00   -1.2775667440e+01    2.6400000000e+02    1.9431869000e-02    5.4005681818e-01
        75   -1.0426735280e+01    1.0899066131e+02   -2.2375474218e+01    1.1948738938e+01   -7.4298123784e+00    4.7813832994e-01   -2.6481327289e+00   -1.2775667440e+01    2.6400000000e+02    1.9842903000e-02    5.4360795455e-01
        76   -1.0547148908e+01    1.1156870651e+02   -2.1698648190e+01    1.1151499282e+01   -6.8626157036e+00    6.4134545845e-01   -2.7017105049e+00   -1.2775667440e+01    2.6400000000e+02    1.9866896000e-02    5.3963068182e-01
        77   -1.0393176008e+01    1.0840933686e+02   -2.1830533608e+01    1.1437357601e+01   -6.9705750464e+00    5.2653119110e-01   -2.6108223129e+00   -1.2775667440e+01    2.6400000000e+02    2.2149146000e-02    5.3839962121e-01
        78   -1.0442811448e+01    1.0942643396e+02   -2.2182889603e+01    1.1740078155e+01   -7.6375951621e+00    7.6194730888e-01   -2.5315743101e+00   -1.2775667440e+01    2.6400000000e+02    2.1927548000e-02    5.3641098485e-01
        79   -1.0484226165e+01    1.1025094546e+02   -2.1433387137e+01    1.0949160972e+01   -6.6455042499e+00    7.3557070522e-01   -2.7477861519e+00   -1.2775667440e+01    2.6400000000e+02    1.9358318000e-02    5.4360795455e-01
        80   -1.0507264170e+01    1.1071034198e+02   -2.1880550975e+01    1.1373286805e+01   -7.1850255560e+00    7.5036651604e-01   -2.6702244948e+00   -1.2775667440e+01    2.6400000000e+02    1.9483471000e-02    5.4005681818e-01
        81   -1.0530841343e+01    1.1125094880e+02   -2.2503794257e+01    1.1972952913e+01   -7.7014816609e+00    5.3683093167e-01   -2.5634760873e+00   -1.2775667440e+01    2.6400000000e+02    1.9465455000e-02    5.3944128788e-01
        82   -1.0472571014e+01    1.1004531092e+02   -2.1726038286e+01    1.1253467272e+01   -6.9812634882e+00    6.7916517087e-01   -2.6482725286e+00   -1.2775667440e+01    2.6400000000e+02    2.0775728000e-02    5.3366477273e-01
        83   -1.0536888804e+01    1.1131925072e+02   -2.2243641676e+01    1.1706752872e+01   -7.5047722585e+00    5.7749954438e-01   -2.5407015213e+00   -1.2775667440e+01    2.6400000000e+02    1.9767921000e-02    5.3484848485e-01
        84   -1.0487132369e+01    1.1046616130e+02   -2.2152219325e+01    1.1665086955e+01   -7.7235139641e+00    9.1284453342e-01   -2.5658824536e+00   -1.2775667440e+01    2.6400000000e+02    1.9750542000e-02    5.4114583333e-01
        85   -1.0479537418e+01    1.1018657250e+02   -2.2012332000e+01    1.1532794582e+01   -7.4594993485e+00    6.8178479594e-01   -2.4589500072e+00   -1.2775667440e+01    2.6400000000e+02    1.9769279000e-02    5.2987689394e-01
        86   -1.0504729211e+01    1.1071696805e+02   -2.2213891968e+01    1.1709162757e+01   -7.4402685562e+00    6.3921121758e-01   -2.6371671890e+00   -1.2775667440e+01    2.6400000000e+02    2.0102801000e-02    5.4275568182e-01
        87   -1.0464495196e+01    1.0996425388e+02   -2.2296351708e+01    1.1831856512e+01   -7.7384143213e+00    7.8937030452e-01   -2.5716402512e+00   -1.2775667440e+01    2.6400000000e+02    2.0237283000e-02    5.3683712121e-01
        88   -1.0365779546e+01    1.0786093006e+02   -2.2315456751e+01    1.1949677205e+01   -7.6925259522e+00    6.2939182922e-01   -2.4766551880e+00   -1.2775667440e+01    2.6400000000e+02    1.9549679000e-02    5.3470643939e-01
        89   -1.0538520330e+01    1.1135110044e+02   -2.2318746698e+01    1.1780226368e+01   -7.5334497100e+00    5.4624036745e-01   -2.5558699154e+00   -1.2775667440e+01    2.6400000000e+02    1.9916200000e-02    5.3626893939e-01
        90   -1.0526382170e+01    1.1111831907e+02   -2.1825784431e+01    1.1299402262e+01   -6.9674279370e+00    5.6867960653e-01   -2.6513686607e+00   -1.2775667440e+01    2.6400000000e+02    1.9507720000e-02    5.3787878788e-01
        91   -1.0430003351e+01    1.0910667760e+02   -2.2075234060e+01    1.1645230709e+01   -7.3854709638e+00    6.6175107052e-01   -2.5758467265e+00   -1.2775667440e+01    2.6400000000e+02    1.9125965000e-02    5.3915719697e-01
        92   -1.0501205589e+01    1.1066054831e+02   -2.2347008102e+01    1.1845802513e+01   -7.6423290761e+00    6.5765023522e-01   -2.5866618207e+00   -1.2775667440e+01    2.6400000000e+02    1.9367113000e-02    5.3802083333e-01
        93   -1.0530180783e+01    1.1121201135e+02   -2.2354482819e+01    1.1824302036e+01   -7.3973388526e+00    5.1491410463e-01   -2.6963906307e+00   -1.2775667440e+01    2.6400000000e+02    1.9849259000e-02    5.4190340909e-01
        94   -1.0465421227e+01    1.0989737087e+02   -2.2069342240e+01    1.1603921013e+01   -7.3310934158e+00    5.7750112001e-01   -2.5400825037e+00   -1.2775667440e+01    2.6400000000e+02    1.9784142000e-02    5.3461174242e-01
        95   -1.0486425179e+01    1.1042769896e+02   -2.2483619393e+01    1.1997194214e+01   -7.5012711572e+00    4.8761083764e-01   -2.6942916336e+00   -1.2775667440e+01    2.6400000000e+02    1.9769425000e-02    5.3825757576e-01
        96   -1.0537232864e+01    1.1135912248e+02   -2.1852885161e+01    1.1315652298e+01   -6.9162863954e+00    5.2848833396e-01   -2.6894196596e+00   -1.2775667440e+01    2.6400000000e+02    1.9543129000e-02    5.3437500000e-01
        97   -1.0416087523e+01    1.0936544510e+02   -2.1654473374e+01    1.1238385851e+01   -7.2572133182e+00    1.0467757086e+00   -2.6683683245e+00   -1.2775667440e+01    2.6400000000e+02    1.9982220000e-02    5.3650568182e-01
        98   -1.0488654528e+01    1.1062746269e+02   -2.2206652267e+01    1.1717997739e+01   -7.4077339679e+00    7.0274598299e-01   -2.7259968418e+00   -1.2775667440e+01    2.6400000000e+02    1.9847068000e-02    5.3792613636e-01
        99   -1.0512717279e+01    1.1101824537e+02   -2.1900993546e+01    1.1388276268e+01   -7.0755042683e+00    5.4603135321e-01   -2.5958531911e+00   -1.2775667440e+01    2.6400000000e+02    1.9534293000e-02    5.3390151515e-01
       100   -1.0575360835e+01    1.1255342101e+02   -2.1827174260e+01    1.1251813425e+01   -7.0517367966e+00    8.3339588584e-01   -2.8331659090e+00   -1.2775667440e+01    2.6400000000e+02    1.9335409000e-02    5.4228219697e-01
       101   -1.0504525851e+01    1.1068792111e+02   -2.1899035441e+01    1.1394509591e+01   -6.9900068508e+00    6.0857404709e-01   -2.7419351975e+00   -1.2775667440e+01    2.6400000000e+02    1.9316838000e-02    5.4464962121e-01
       102   -1.0484108598e+01    1.1030728513e+02   -2.1949915619e+01    1.1465807021e+01   -7.0795549032e+00    5.9290124188e-01   -2.6875945174e+00   -1.2775667440e+01    2.6400000000e+02    1.9491757000e-02    5.4038825758e-01
       103   -1.0501358027e+01    1.1059685163e+02   -2.2141874055e+01    1.1640516028e+01   -7.1913650667e+00    5.7644691152e-01   -2.7512884591e+00   -1.2775667440e+01    2.6400000000e+02    1.9658672000e-02    5.3617424242e-01
       104   -1.0471494050e+01    1.1012935302e+02   -2.1938165241e+01    1.1466671191e+01   -7.1001538252e+00    6.1095780703e-01   -2.6733017828e+00   -1.2775667440e+01    2.6400000000e+02    1.9298973000e-02    5.4341856061e-01
       105   -1.0458084016e+01    1.0979607483e+02   -2.1835653671e+01    1.1377569656e+01   -7.3714143270e+00    7.7211570988e-01   -2.4606876140e+00   -1.2775667440e+01    2.6400000000e+02    1.9550087000e-02    5.3674242424e-01
       106   -1.0520751149e+01    1.1111130404e+02   -2.2088622405e+01    1.1567871256e+01   -7.3555528171e+00    6.8311990938e-01   -2.6405220570e+00   -1.2775667440e+01    2.6400000000e+02    1.9383317000e-02    5.2978219697e-01
       107   -1.0470187328e+01    1.0995799149e+02   -2.2090658695e+01    1.1620471367e+01   -7.3981427311e+00    6.7791727661e-01   -2.5947658002e+00   -1.2775667440e+01    2.6400000000e+02    2.0039175000e-02    5.3484848485e-01
       108   -1.0538150610e+01    1.1140400784e+02   -2.1861546326e+01    1.1323395716e+01   -7.2521944593e+00    7.4937355609e-01   -2.5830579828e+00   -1.2775667440e+01    2.6400000000e+02    1.9958297000e-02    5.3754734848e-01
       109   -1.0492063728e+01    1.1047274068e+02   -2.1916361711e+01    1.1424297983e+01   -7.0848936286e+00    6.7114397504e-01   -2.7269446172e+00   -1.2775667440e+01    2.6400000000e+02    1.9526270000e-02    5.3560606061e-01
       110   -1.0476139135e+01    1.1014133600e+02   -2.2372567863e+01    1.1896428728e+01   -7.2608575849e+00    3.2224728039e-01   -2.6582901180e+00   -1.2775667440e+01    2.6400000000e+02    2.0124499000e-02    5.3825757576e-01
       111   -1.0491077613e+01    1.1071526068e+02   -2.2122785587e+01    1.1631707973e+01   -7.4605253187e+00    7.0087542111e-01   -2.5874682488e+00   -1.2775667440e+01    2.6400000000e+02    2.0197314000e-02    5.3963068182e-01
       112   -1.0468184566e+01    1.0987832923e+02   -2.1845250471e+01    1.1377065905e+01   -7.0006391724e+00    5.8644513273e-01   -2.6553889908e+00   -1.2775667440e+01    2.6400000000e+02    1.9817996000e-02    5.4071969697e-01
       113   -1.0467601627e+01    1.0999146295e+02   -2.1328292255e+01    1.0860690628e+01   -6.5115213177e+00    5.5519469818e-01   -2.5962981949e+00   -1.2775667440e+01    2.6400000000e+02    1.9617056000e-02    5.3712121212e-01
       114   -1.0429070380e+01    1.0908986866e+02   -2.1597195321e+01    1.1168124941e+01   -6.7597404527e+00    6.6810507175e-01   -2.7298924999e+00   -1.2775667440e+01    2.6400000000e+02    1.9909940000e-02    5.3873106061e-01
       115   -1.0472901971e+01    1.1001717753e+02   -2.2083857660e+01    1.1610955688e+01   -7.2866267283e+00    5.7565972047e-01   -2.5972232117e+00   -1.2775667440e+01    2.6400000000e+02    2.0398480000e-02    5.3910984848e-01
       116   -1.0453839526e+01    1.0959612864e+02   -2.2006504758e+01    1.1552665232e+01   -7.3035502078e+00    6.0824040177e-01   -2.5355275120e+00   -1.2775667440e+01    2.6400000000e+02    1.9700560000e-02    5.3125000000e-01
       117   -1.0464467556e+01    1.0979747763e+02   -2.1736089640e+01    1.1271622083e+01   -6.9257135093e+00    6.4143537867e-01   -2.6761440690e+00   -1.2775667440e+01    2.6400000000e+02    2.0988326000e-02    5.4090909091e-01
       118   -1.0587156144e+01    1.1248891968e+02   -2.2022675879e+01    1.1435519735e+01   -7.1573726693e+00    6.2778143372e-01   -2.7174172032e+00   -1.2775667440e+01    2.6400000000e+02    2.0003685000e-02    5.4185606061e-01
       119   -1.0450206029e+01    1.0998315544e+02   -2.2245160231e+01    1.1794954203e+01   -7.3631059825e+00    4.6755832669e-01   -2.5739451353e+00   -1.2775667440e+01    2.6400000000e+02    1.9520515000e-02    5.3678977273e-01
       120   -1.0537522620e+01    1.1143297561e+02   -2.1743386259e+01    1.1205863639e+01   -6.9787651022e+00    6.8917760061e-01   -2.6781313170e+00   -1.2775667440e+01    2.6400000000e+02    1.9732407000e-02    5.3934659091e-01
       121   -1.0543137186e+01    1.1148657469e+02   -2.1854099816e+01    1.1310962630e+01   -7.1946684225e+00    6.4334288309e-01   -2.5271068363e+00   -1.2775667440e+01    2.6400000000e+02    1.9463966000e-02    5.3522727273e-01
       122   -1.0475290046e+01    1.1006708281e+02   -2.2198286305e+01    1.1722996259e+01   -7.1861058641e+00    4.8941403621e-01   -2.7259270370e+00   -1.2775667440e+01    2.6400000000e+02    1.9621463000e-02    5.3148674242e-01
       123   -1.0481805254e+01    1.1040138423e+02   -2.1864173084e+01    1.1382367829e+01   -6.7596106816e+00    3.5774173516e-01   -2.6866366971e+00   -1.2775667440e+01    2.6400000000e+02    2.0545316000e-02    5.3451704545e-01
       124   -1.0461390249e+01    1.0977561673e+02   -2.2067050320e+01    1.1605660071e+01   -7.5318977112e+00    8.4539703052e-01   -2.6048821991e+00   -1.2775667440e+01    2.6400000000e+02    2.1957827000e-02    5.3972537879e-01
       125   -1.0434503856e+01    1.0931185335e+02   -2.2132458691e+01    1.1697954835e+01   -7.5321112709e+00    7.1306273805e-01   -2.5377427180e+00   -1.2775667440e+01    2.6400000000e+02    2.2424421000e-02    5.3555871212e-01
       126   -1.0546993822e+01    1.1156599373e+02   -2.2225080282e+01    1.1678086460e+01   -7.3178035128e+00    6.3932855050e-01   -2.7709378795e+00   -1.2775667440e+01    2.6400000000e+02    2.2801605000e-02    5.3929924242e-01
       127   -1.0384868542e+01    1.0824650416e+02   -2.1743597713e+01    1.1358729171e+01   -6.7847886216e+00    3.9499419250e-01   -2.5781358437e+00   -1.2775667440e+01    2.6400000000e+02    2.1998053000e-02    5.3494318182e-01
       128   -1.0459589368e+01    1.0976653162e+02   -2.2316169406e+01    1.1856580038e+01   -7.4328009545e+00    4.9039365971e-01   -2.5980946711e+00   -1.2775667440e+01    2.6400000000e+02    1.9675082000e-02    5.3565340909e-01
       129   -1.0464527610e+01    1.0983056430e+02   -2.1996702508e+01    1.1532174898e+01   -7.1343518365e+00    5.0031080370e-01   -2.5869940352e+00   -1.2775667440e+01    2.6400000000e+02    1.9952057000e-02    5.3394886364e-01
       130   -1.0464714036e+01    1.0987997550e+02   -2.2256220924e+01    1.1791506888e+01   -7.4043837201e+00    5.8940892704e-01   -2.6655786902e+00   -1.2775667440e+01    2.6400000000e+02    2.0627384000e-02    5.3669507576e-01
       131   -1.0441985525e+01    1.0938412518e+02   -2.2218738629e+01    1.1776753104e+01   -7.4146994907e+00    4.9994147301e-01   -2.5283131706e+00   -1.2775667440e+01    2.6400000000e+02    1.9968276000e-02    5.3745265152e-01
       132   -1.0498362426e+01    1.1065564919e+02   -2.2087422602e+01    1.1589060176e+01   -7.4680100689e+00    7.5520492303e-01   -2.5989500159e+00   -1.2775667440e+01    2.6400000000e+02    1.9846531000e-02    5.3394886364e-01
       133   -1.0541922211e+01    1.1144892445e+02   -2.2145500305e+01    1.1603578094e+01   -7.5529622787e+00    8.2775814169e-01   -2.6446287281e+00   -1.2775667440e+01    2.6400000000e+02    1.9988708000e-02    5.3688446970e-01
       134   -1.0426918371e+01    1.0911959595e+02   -2.1580417967e+01    1.1153499596e+01   -6.5909603627e+00    3.7498642608e-01   -2.5887765901e+00   -1.2775667440e+01    2.6400000000e+02    2.0076152000e-02    5.3626893939e-01
       135   -1.0513841220e+01    1.1092195753e+02   -2.2120008669e+01    1.1606167449e+01   -7.2923786782e+00    5.4788415460e-01   -2.5998467049e+00   -1.2775667440e+01    2.6400000000e+02    1.9721728000e-02    5.3143939394e-01
       136   -1.0498889200e+01    1.1063306706e+02   -2.1726886880e+01    1.1227997680e+01   -7.1132421669e+00    6.9941947715e-01   -2.5373967498e+00   -1.2775667440e+01    2.6400000000e+02    1.9643856000e-02    5.3551136364e-01
       137   -1.0447075038e+01    1.0954167084e+02   -2.2113149241e+01    1.1666074202e+01   -7.3350244403e+00    6.6199037645e-01   -2.6644477366e+00   -1.2775667440e+01    2.6400000000e+02    1.9811138000e-02    5.3598484848e-01
       138   -1.0449804245e+01    1.0971946660e+02   -2.2092463471e+01    1.1642659227e+01   -7.0976710187e+00    4.2817018450e-01   -2.6472951970e+00   -1.2775667440e+01    2.6400000000e+02    1.9760882000e-02    5.4100378788e-01
       139   -1.0503075256e+01    1.1062847874e+02   -2.1971062600e+01    1.1467987344e+01   -7.0361842931e+00    5.4616420185e-01   -2.7053750685e+00   -1.2775667440e+01    2.6400000000e+02    1.9840929000e-02    5.5189393939e-01
       140   -1.0505332473e+01    1.1068053215e+02   -2.1731088956e+01    1.1225756484e+01   -7.0128806036e+00    6.6814562526e-01   -2.6106865376e+00   -1.2775667440e+01    2.6400000000e+02    1.9630742000e-02    5.4048295455e-01
       141   -1.0533654133e+01    1.1124163058e+02   -2.2022009081e+01    1.1488354948e+01   -7.2681553816e+00    5.6613892770e-01   -2.5443251865e+00   -1.2775667440e+01    2.6400000000e+02    1.9787854000e-02    5.3480113636e-01
       142   -1.0455781262e+01    1.0966881475e+02   -2.1697489087e+01    1.1241707826e+01   -7.1344460989e+00    8.0827903624e-01   -2.5956545846e+00   -1.2775667440e+01    2.6400000000e+02    1.9584329000e-02    5.3873106061e-01
       143   -1.0477440078e+01    1.1013736920e+02   -2.2445588923e+01    1.1968148846e+01   -7.5668869040e+00    5.0808270132e-01   -2.6111172804e+00   -1.2775667440e+01    2.6400000000e+02    2.0116791000e-02    5.3778409091e-01
       144   -1.0492107532e+01    1.1051331316e+02   -2.2145464089e+01    1.1653356557e+01   -7.2416573583e+00    4.8194664557e-01   -2.6100859356e+00   -1.2775667440e+01    2.6400000000e+02    1.9439856000e-02    5.4199810606e-01
       145   -1.0534381805e+01    1.1145475312e+02   -2.2100301011e+01    1.1565919206e+01   -7.4686651052e+00    8.6700072582e-01   -2.7229691915e+00   -1.2775667440e+01    2.6400000000e+02    1.9835184000e-02    5.4322916667e-01
       146   -1.0491279467e+01    1.1040727022e+02   -2.2162935768e+01    1.1671656301e+01   -7.3925678825e+00    6.1403257064e-01   -2.6087330160e+00   -1.2775667440e+01    2.6400000000e+02    1.9508755000e-02    5.4010416667e-01
       147   -1.0460012239e+01    1.0979441744e+02   -2.2031600714e+01    1.1571588474e+01   -7.4158655122e+00    7.0067829277e-01   -2.5407460540e+00   -1.2775667440e+01    2.6400000000e+02    1.9213917000e-02    5.4957386364e-01
       148   -1.0491852278e+01    1.1046371268e+02   -2.2090483341e+01    1.1598631064e+01   -7.4603733864e+00    6.6438617626e-01   -2.5188286908e+00   -1.2775667440e+01    2.6400000000e+02    1.9921506000e-02    5.3532196970e-01
       149   -1.0570943545e+01    1.1214282151e+02   -2.2225354362e+01    1.1654410817e+01   -7.7276941549e+00    8.9342629664e-01   -2.6154190632e+00   -1.2775667440e+01    2.6400000000e+02    1.9801292000e-02    5.3413825758e-01
       150   -1.0436355193e+01    1.0931622199e+02   -2.1838323200e+01    1.1401968007e+01   -7.2234753808e+00    6.8736339587e-01   -2.5265437751e+00   -1.2775667440e+01    2.6400000000e+02    1.9754742000e-02    5.4218750000e-01
       151   -1.0478707139e+01    1.1018786735e+02   -2.1950688986e+01    1.1471981847e+01   -7.3687912387e+00    8.3383001837e-01   -2.6400603252e+00   -1.2775667440e+01    2.6400000000e+02    1.9601208000e-02    5.3513257576e-01
       152   -1.0483306005e+01    1.1026026058e+02   -2.1597302541e+01    1.1113996537e+01   -6.9462339122e+00    7.4912831857e-01   -2.6245295075e+00   -1.2775667440e+01    2.6400000000e+02    1.9607316000e-02    5.3442234848e-01
       153   -1.0438383262e+01    1.0957252107e+02   -2.1786939869e+01    1.1348556607e+01   -7.1815707109e+00    7.4424450281e-01   -2.5739462207e+00   -1.2775667440e+01    2.6400000000e+02    1.9639725000e-02    5.3712121212e-01
       154   -1.0488067272e+01    1.1034840796e+02   -2.2039594278e+01    1.1551527005e+01   -6.8522724024e+00    3.8689140310e-01   -2.7985458381e+00   -1.2775667440e+01    2.6400000000e+02    1.9638390000e-02    5.4464962121e-01
       155   -1.0517851854e+01    1.1098329638e+02   -2.2102389046e+01    1.1584537193e+01   -7.4122323167e+00    6.7543821400e-01   -2.5899275035e+00   -1.2775667440e+01    2.6400000000e+02    1.9912607000e-02    5.3863636364e-01
       156   -1.0484641756e+01    1.1032435201e+02   -2.2184855154e+01    1.1700213398e+01   -7.7473456804e+00    7.0113866587e-01   -2.3629806993e+00   -1.2775667440e+01    2.6400000000e+02    1.9610012000e-02    5.3390151515e-01
       157   -1.0525425539e+01    1.1118898829e+02   -2.2026949991e+01    1.1501524452e+01   -7.0589209995e+00    5.2555051836e-01   -2.7179120699e+00   -1.2775667440e+01    2.6400000000e+02    1.9909184000e-02    5.4379734848e-01
       158   -1.0495054006e+01    1.1058840849e+02   -2.2088345470e+01    1.1593291463e+01   -7.3870951224e+00    6.7998766054e-01   -2.6055705676e+00   -1.2775667440e+01    2.6400000000e+02    1.9929509000e-02    5.3702651515e-01
       159   -1.0447043266e+01    1.0968555655e+02   -2.1790787404e+01    1.1343744138e+01   -6.7511669437e+00    4.3114666839e-01   -2.6950996880e+00   -1.2775667440e+01    2.6400000000e+02    2.0040910000e-02    5.4053030303e-01
       160   -1.0520610866e+01    1.1110123800e+02   -2.1909963123e+01    1.1389352257e+01   -7.1010589691e+00    6.0178140580e-01   -2.6350181194e+00   -1.2775667440e+01    2.6400000000e+02    1.9790645000e-02    5.4275568182e-01
       161   -1.0460525497e+01    1.0970092308e+02   -2.2218571773e+01    1.1758046276e+01   -7.6203351933e+00    7.5978763255e-01   -2.5823567721e+00   -1.2775667440e+01    2.6400000000e+02    1.9503269000e-02    5.4142992424e-01
       162   -1.0470974210e+01    1.0997445534e+02   -2.1716947019e+01    1.1245972810e+01   -6.6508713913e+00    5.0240046098e-01   -2.7928086487e+00   -1.2775667440e+01    2.6400000000e+02    1.9781248000e-02    5.3929924242e-01
       163   -1.0540233198e+01    1.1149092095e+02   -2.2307376332e+01    1.1767143134e+01   -7.3933386856e+00    5.0740804647e-01   -2.6457782526e+00   -1.2775667440e+01    2.6400000000e+02    2.0236035000e-02    5.3986742424e-01
       164   -1.0462475981e+01    1.0982902755e+02   -2.1831090271e+01    1.1368614290e+01   -7.0061233385e+00    5.6204399631e-01   -2.6113434882e+00   -1.2775667440e+01    2.6400000000e+02    1.9712213000e-02    5.4176136364e-01
       165   -1.0502974726e+01    1.1061200250e+02   -2.2446451490e+01    1.1943476764e+01   -7.7278408567e+00    7.6763659721e-01   -2.7105797899e+00   -1.2775667440e+01    2.6400000000e+02    2.0258634000e-02    5.3101325758e-01
       166   -1.0513539410e+01    1.1091038088e+02   -2.1813407613e+01    1.1299868203e+01   -6.8651309358e+00    4.7752775901e-01   -2.6501369960e+00   -1.2775667440e+01    2.6400000000e+02    1.9917492000e-02    5.3319128788e-01
       167   -1.0488331898e+01    1.1033495406e+02   -2.1955667496e+01    1.1467335597e+01   -7.1500119515e+00    6.6166773578e-01   -2.6916558397e+00   -1.2775667440e+01    2.6400000000e+02    2.2155815000e-02    5.4588068182e-01
       168   -1.0458428514e+01    1.0985615382e+02   -2.2226358283e+01    1.1767929770e+01   -7.3642992748e+00    4.2714701669e-01   -2.5135385851e+00   -1.2775667440e+01    2.6400000000e+02    2.3225036000e-02    5.3480113636e-01
       169   -1.0516237725e+01    1.1090977375e+02   -2.2351943734e+01    1.1835706009e+01   -7.6412778267e+00    6.3837926647e-01   -2.5733777336e+00   -1.2775667440e+01    2.6400000000e+02    2.2954325000e-02    5.3499053030e-01
       170   -1.0516064344e+01    1.1098598243e+02   -2.1537787894e+01    1.1021723550e+01   -6.7801183268e+00    6.6156584466e-01   -2.6435679713e+00   -1.2775667440e+01    2.6400000000e+02    1.9585977000e-02    5.4247159091e-01
       171   -1.0520889070e+01    1.1125301128e+02   -2.2401305139e+01    1.1880416069e+01   -7.5822041252e+00    5.6276208264e-01   -2.6061956565e+00   -1.2775667440e+01    2.6400000000e+02    1.9073648000e-02    5.3541666667e-01
       172   -1.0508681822e+01    1.1083802329e+02   -2.1894284281e+01    1.1385602459e+01   -7.0346645300e+00    5.9821095263e-01   -2.6821632634e+00   -1.2775667440e+01    2.6400000000e+02    1.9672961000e-02    5.3650568182e-01
       173   -1.0505207059e+01    1.1080904142e+02   -2.1774107787e+01    1.1268900728e+01   -7.1998148648e+00    7.9014173519e-01   -2.5887672174e+00   -1.2775667440e+01    2.6400000000e+02    1.9674852000e-02    5.3830492424e-01
       174   -1.0486905261e+01    1.1030074555e+02   -2.1566614501e+01    1.1079709240e+01   -6.6550324024e+00    5.6918078873e-01   -2.7050954467e+00   -1.2775667440e+01    2.6400000000e+02    2.0092035000e-02    5.3806818182e-01
       175   -1.0456751940e+01    1.0969853877e+02   -2.2497826229e+01    1.2041074288e+01   -7.5804936331e+00    4.7147109996e-01   -2.6131362553e+00   -1.2775667440e+01    2.6400000000e+02    1.9586251000e-02    5.3409090909e-01
       176   -1.0395826946e+01    1.0846087149e+02   -2.2093720608e+01    1.1697893661e+01   -7.5232359565e+00    7.2193344308e-01   -2.5167506542e+00   -1.2775667440e+01    2.6400000000e+02    1.9679974000e-02    5.3551136364e-01
       177   -1.0464971108e+01    1.0988580848e+02   -2.1993998493e+01    1.1529027385e+01   -7.1309614806e+00    6.5110440984e-01   -2.7384739824e+00   -1.2775667440e+01    2.6400000000e+02    1.9954732000e-02    5.3702651515e-01
       178   -1.0480197588e+01    1.1024911573e+02   -2.2027786419e+01    1.1547588831e+01   -7.3290952146e+00    5.8734283491e-01   -2.5103665991e+00   -1.2775667440e+01    2.6400000000e+02    2.0029549000e-02    5.3806818182e-01
       179   -1.0483082358e+01    1.1025796877e+02   -2.1812082933e+01    1.1329000575e+01   -6.9633711855e+00    6.0866275272e-01   -2.6817070601e+00   -1.2775667440e+01    2.6400000000e+02    2.0135992000e-02    5.3925189394e-01
       180   -1.0483896690e+01    1.1024649443e+02   -2.1905754485e+01    1.1421857795e+01   -6.9054326527e+00    4.6115153351e-01   -2.6858059257e+00   -1.2775667440e+01    2.6400000000e+02    1.9444195000e-02    5.3309659091e-01
       181   -1.0443402618e+01    1.0942471765e+02   -2.2010169807e+01    1.1566767189e+01   -7.2103484123e+00    5.2304640769e-01   -2.5472003619e+00   -1.2775667440e+01    2.6400000000e+02    1.9986336000e-02    5.4228219697e-01
       182   -1.0467574725e+01    1.1008808573e+02   -2.2549718270e+01    1.2082143544e+01   -7.6352084859e+00    4.1300274578e-01   -2.5518450893e+00   -1.2775667440e+01    2.6400000000e+02    2.0107751000e-02    5.3593750000e-01
       183   -1.0455358835e+01    1.0971534566e+02   -2.2265335069e+01    1.1809976234e+01   -7.3743361083e+00    5.8641058303e-01   -2.7017421034e+00   -1.2775667440e+01    2.6400000000e+02    2.0147465000e-02    5.3939393939e-01
       184   -1.0475615936e+01    1.1013215650e+02   -2.2038134043e+01    1.1562518107e+01   -7.3192878880e+00    6.1603362169e-01   -2.5592123366e+00   -1.2775667440e+01    2.6400000000e+02    1.9917803000e-02    5.3456439394e-01
       185   -1.0472275018e+01    1.1018898189e+02   -2.1935949032e+01    1.1463674013e+01   -6.8630917014e+00    3.7774555054e-01   -2.6749354405e+00   -1.2775667440e+01    2.6400000000e+02    2.0884882000e-02    5.3901515152e-01
       186   -1.0505637171e+01    1.1068135903e+02   -2.1724513898e+01    1.1218876728e+01   -6.9694254718e+00    6.2808324602e-01   -2.6075042324e+00   -1.2775667440e+01    2.6400000000e+02    2.0398737000e-02    5.3726325758e-01
       187   -1.0461600880e+01    1.0974415007e+02   -2.2436711570e+01    1.1975110690e+01   -7.6787508659e+00    6.6962474922e-01   -2.6519180132e+00   -1.2775667440e+01    2.6400000000e+02    1.9960261000e-02    5.3944128788e-01
       188   -1.0471780135e+01    1.1000968864e+02   -2.2304531257e+01    1.1832751121e+01   -7.4327754515e+00    6.0474415647e-01   -2.7008325213e+00   -1.2775667440e+01    2.6400000000e+02    1.9706010000e-02    5.3087121212e-01
       189   -1.0476159090e+01    1.1012100681e+02   -2.1815214878e+01    1.1339055788e+01   -7.1148182803e+00    6.4469352310e-01   -2.5694226805e+00   -1.2775667440e+01    2.6400000000e+02    1.9643917000e-02    5.3953598485e-01
       190   -1.0555092397e+01    1.1176824912e+02   -2.1822321161e+01    1.1267228764e+01   -7.0959138348e+00    7.3465335749e-01   -2.6853932431e+00   -1.2775667440e+01    2.6400000000e+02    1.9455721000e-02    5.3750000000e-01
       191   -1.0535459310e+01    1.1135367548e+02   -2.1769423668e+01    1.1233964358e+01   -7.1695205591e+00    8.3792114678e-01   -2.6621568154e+00   -1.2775667440e+01    2.6400000000e+02    1.9447000000e-02    5.3589015152e-01
       192   -1.0501570123e+01    1.1073103088e+02   -2.1794313931e+01    1.1292743808e+01   -6.8753736621e+00    5.8719539600e-01   -2.7304682247e+00   -1.2775667440e+01    2.6400000000e+02    1.9754664000e-02    5.4389204545e-01
       193   -1.0523245570e+01    1.1118561664e+02   -2.1403013450e+01    1.0879767880e+01   -6.5523820999e+00    5.5418951576e-01   -2.6291534258e+00   -1.2775667440e+01    2.6400000000e+02    1.9753748000e-02    5.4124053030e-01
       194   -1.0469850652e+01    1.0996809706e+02   -2.1788397275e+01    1.1318546623e+01   -6.8332004453e+00    4.3400830842e-01   -2.6135376983e+00   -1.2775667440e+01    2.6400000000e+02    1.9721533000e-02    5.3925189394e-01
       195   -1.0478602686e+01    1.1024304337e+02   -2.1852615250e+01    1.1374012564e+01   -7.1995403241e+00    6.4598369468e-01   -2.5233911802e+00   -1.2775667440e+01    2.6400000000e+02    1.9737515000e-02    5.3309659091e-01
       196   -1.0464932208e+01    1.0990778273e+02   -2.1546347792e+01    1.1081415583e+01   -6.8007632043e+00    6.0344549324e-01   -2.5733626405e+00   -1.2775667440e+01    2.6400000000e+02    1.9642512000e-02    5.4346590909e-01
       197   -1.0558543804e+01    1.1215563056e+02   -2.1440554256e+01    1.0882010452e+01   -6.7738224799e+00    7.4645187150e-01   -2.6375162077e+00   -1.2775667440e+01    2.6400000000e+02    1.9050174000e-02    5.3816287879e-01
       198   -1.0512053620e+01    1.1083537962e+02   -2.2054293362e+01    1.1542239743e+01   -7.1420922862e+00    5.8642824611e-01   -2.7229618819e+00   -1.2775667440e+01    2.6400000000e+02    1.9418566000e-02    5.3546401515e-01
       199   -1.0451487464e+01    1.0957538391e+02   -2.1639113505e+01    1.1187626041e+01   -6.8532461522e+00    5.6427408179e-01   -2.5744739948e+00   -1.2775667440e+01    2.6400000000e+02    1.9541771000e-02    5.4133522727e-01
