#   index    LocalEnergy         LocalEnergy_sq      LocalPotential      Kinetic             LocalECP            NonLocalECP         ElecElec            IonIon              BlockWeight         BlockCPU            AcceptRatio         
         0   -1.0484834661e+01    1.1048672052e+02   -2.2037469274e+01    1.1552634613e+01   -7.3713258454e+00    6.9888564200e-01   -2.5893616302e+00   -1.2775667440e+01    2.6400000000e+02    1.9180024000e-02    5.3319128788e-01
         1   -1.0440087102e+01    1.0932203215e+02   -2.1830696322e+01    1.1390609219e+01   -7.0797567137e+00    5.7238190154e-01   -2.5476540694e+00   -1.2775667440e+01    2.6400000000e+02    1.8793883000e-02    5.3641098485e-01
         2   -1.0456578946e+01    1.0966846805e+02   -2.2310246024e+01    1.1853667078e+01   -7.3126973325e+00    4.9770637326e-01   -2.7195876242e+00   -1.2775667440e+01    2.6400000000e+02    1.9113996000e-02    5.3977272727e-01
         3   -1.0521887375e+01    1.1106218959e+02   -2.1751404616e+01    1.1229517241e+01   -7.0462419121e+00    7.1073016805e-01   -2.6402254316e+00   -1.2775667440e+01    2.6400000000e+02    1.8980556000e-02    5.4521780303e-01
         4   -1.0527794195e+01    1.1114404227e+02   -2.2249600386e+01    1.1721806192e+01   -7.6443161469e+00    7.8164075005e-01   -2.6112575491e+00   -1.2775667440e+01    2.6400000000e+02    1.8792384000e-02    5.3683712121e-01
         5   -1.0447973555e+01    1.0959751387e+02   -2.1828369733e+01    1.1380396178e+01   -7.4102998922e+00    8.0533572191e-01   -2.4477381227e+00   -1.2775667440e+01    2.6400000000e+02    1.9148607000e-02    5.3532196970e-01
         6   -1.0440981791e+01    1.0941448322e+02   -2.2389276518e+01    1.1948294727e+01   -7.7495177423e+00    6.6219014662e-01   -2.5262814820e+00   -1.2775667440e+01    2.6400000000e+02    1.9108795000e-02    5.3446969697e-01
         7   -1.0499440742e+01    1.1055794452e+02   -2.2028400442e+01    1.1528959700e+01   -7.0848352993e+00    6.1289281695e-01   -2.7807905198e+00   -1.2775667440e+01    2.6400000000e+02    1.9209017000e-02    5.3660037879e-01
         8   -1.0457926001e+01    1.0974563555e+02   -2.2400553890e+01    1.1942627888e+01   -7.6470674706e+00    6.8594504060e-01   -2.6637640193e+00   -1.2775667440e+01    2.6400000000e+02    1.8986927000e-02    5.3465909091e-01
         9   -1.0489158259e+01    1.1045056732e+02   -2.2162199746e+01    1.1673041488e+01   -7.5347555920e+00    7.5054580483e-01   -2.6023225190e+00   -1.2775667440e+01    2.6400000000e+02    1.9123234000e-02    5.3839962121e-01
        10   -1.0459854701e+01    1.0986751500e+02   -2.2069339656e+01    1.1609484955e+01   -7.1795541505e+00    6.6071387638e-01   -2.7748319420e+00   -1.2775667440e+01    2.6400000000e+02    1.9308391000e-02    5.3210227273e-01
        11   -1.0419775491e+01    1.0899634266e+02   -2.1516315627e+01    1.1096540136e+01   -6.5272414252e+00    3.6828565829e-01   -2.5816924194e+00   -1.2775667440e+01    2.6400000000e+02    1.9045405000e-02    5.4067234848e-01
        12   -1.0466767836e+01    1.0992955926e+02   -2.1254799402e+01    1.0788031566e+01   -6.2842196645e+00    4.1750707468e-01   -2.6124193719e+00   -1.2775667440e+01    2.6400000000e+02    1.9054511000e-02    5.4071969697e-01
        13   -1.0515584969e+01    1.1087978342e+02   -2.1628766741e+01    1.1113181772e+01   -6.6119584666e+00    5.0271767064e-01   -2.7438585049e+00   -1.2775667440e+01    2.6400000000e+02    1.9176252000e-02    5.4285037879e-01
        14   -1.0476951111e+01    1.1011483213e+02   -2.1897329585e+01    1.1420378474e+01   -7.0656937110e+00    5.8753276866e-01   -2.6435012024e+00   -1.2775667440e+01    2.6400000000e+02    1.9109873000e-02    5.3764204545e-01
        15   -1.0417067587e+01    1.0887010605e+02   -2.1483327706e+01    1.1066260118e+01   -6.7061219111e+00    5.1929798048e-01   -2.5208363349e+00   -1.2775667440e+01    2.6400000000e+02    1.9212237000e-02    5.3991477273e-01
        16   -1.0506382331e+01    1.1068452641e+02   -2.1379871849e+01    1.0873489518e+01   -6.5058032633e+00    5.9974801431e-01   -2.6981491595e+00   -1.2775667440e+01    2.6400000000e+02    1.8843420000e-02    5.3754734848e-01
        17   -1.0472344901e+01    1.0995929985e+02   -2.2136503632e+01    1.1664158730e+01   -7.3968526126e+00    6.2408840653e-01   -2.5880719854e+00   -1.2775667440e+01    2.6400000000e+02    1.9049122000e-02    5.3839962121e-01
        18   -1.0534261546e+01    1.1129218883e+02   -2.1590350654e+01    1.1056089107e+01   -6.7416638692e+00    6.1944218844e-01   -2.6924615326e+00   -1.2775667440e+01    2.6400000000e+02    1.8886715000e-02    5.4303977273e-01
        19   -1.0547329053e+01    1.1162505568e+02   -2.2221164583e+01    1.1673835530e+01   -7.5185304980e+00    7.0997017201e-01   -2.6369368167e+00   -1.2775667440e+01    2.6400000000e+02    1.9161238000e-02    5.4157196970e-01
        20   -1.0460812385e+01    1.0984812985e+02   -2.1894728070e+01    1.1433915684e+01   -6.9625823522e+00    4.9759694718e-01   -2.6540752246e+00   -1.2775667440e+01    2.6400000000e+02    1.9186559000e-02    5.4190340909e-01
        21   -1.0405935707e+01    1.0869174584e+02   -2.2137393092e+01    1.1731457385e+01   -7.1862591724e+00    4.2581845672e-01   -2.6012849364e+00   -1.2775667440e+01    2.6400000000e+02    1.8815647000e-02    5.3863636364e-01
        22   -1.0523757274e+01    1.1115938191e+02   -2.2108173715e+01    1.1584416441e+01   -7.4110739526e+00    5.8436112616e-01   -2.5057934488e+00   -1.2775667440e+01    2.6400000000e+02    1.9209571000e-02    5.3371212121e-01
        23   -1.0463662882e+01    1.0994336371e+02   -2.1756059007e+01    1.1292396125e+01   -7.0399029868e+00    5.8659787982e-01   -2.5270864600e+00   -1.2775667440e+01    2.6400000000e+02    1.9385966000e-02    5.3281250000e-01
        24   -1.0443075781e+01    1.0944153622e+02   -2.1874330372e+01    1.1431254591e+01   -6.9899761273e+00    5.8248027837e-01   -2.6911670827e+00   -1.2775667440e+01    2.6400000000e+02    1.9241398000e-02    5.4053030303e-01
        25   -1.0481121891e+01    1.1020259269e+02   -2.1953586445e+01    1.1472464554e+01   -7.1718715064e+00    6.2663052976e-01   -2.6326780279e+00   -1.2775667440e+01    2.6400000000e+02    1.9367911000e-02    5.3910984848e-01
        26   -1.0506800162e+01    1.1071406801e+02   -2.1311607648e+01    1.0804807486e+01   -6.4744045405e+00    6.1998336718e-01   -2.6815190340e+00   -1.2775667440e+01    2.6400000000e+02    2.0595904000e-02    5.3863636364e-01
        27   -1.0497836865e+01    1.1067211895e+02   -2.2096566485e+01    1.1598729620e+01   -7.5383789269e+00    6.9712588048e-01   -2.4796459984e+00   -1.2775667440e+01    2.6400000000e+02    1.9967017000e-02    5.3499053030e-01
        28   -1.0457530882e+01    1.0973290568e+02   -2.2225088429e+01    1.1767557547e+01   -7.3313947369e+00    4.6684989949e-01   -2.5848761510e+00   -1.2775667440e+01    2.6400000000e+02    1.9523590000e-02    5.4199810606e-01
        29   -1.0430788370e+01    1.0915711657e+02   -2.2041586009e+01    1.1610797639e+01   -7.0838207542e+00    3.7359950445e-01   -2.5556973188e+00   -1.2775667440e+01    2.6400000000e+02    1.8863096000e-02    5.3825757576e-01
        30   -1.0472903598e+01    1.1012532468e+02   -2.2001221508e+01    1.1528317910e+01   -7.1634043034e+00    5.3602894079e-01   -2.5981787052e+00   -1.2775667440e+01    2.6400000000e+02    1.9042049000e-02    5.3096590909e-01
        31   -1.0503223001e+01    1.1072211117e+02   -2.2088571824e+01    1.1585348823e+01   -7.5239235129e+00    7.1277541286e-01   -2.5017562833e+00   -1.2775667440e+01    2.6400000000e+02    1.9123753000e-02    5.3726325758e-01
        32   -1.0470355431e+01    1.1004122638e+02   -2.1778000594e+01    1.1307645163e+01   -6.9886940471e+00    6.9310125129e-01   -2.7067403576e+00   -1.2775667440e+01    2.6400000000e+02    1.8956866000e-02    5.4280303030e-01
        33   -1.0482725311e+01    1.1030412529e+02   -2.1948544688e+01    1.1465819377e+01   -7.1073839406e+00    5.0385786438e-01   -2.5693511716e+00   -1.2775667440e+01    2.6400000000e+02    1.9198195000e-02    5.3560606061e-01
        34   -1.0476164531e+01    1.1022633840e+02   -2.1496320086e+01    1.1020155554e+01   -6.4676074153e+00    4.0008660295e-01   -2.6531318333e+00   -1.2775667440e+01    2.6400000000e+02    1.8925225000e-02    5.3660037879e-01
        35   -1.0502209868e+01    1.1068631816e+02   -2.1903267326e+01    1.1401057458e+01   -7.0611234780e+00    6.3105155757e-01   -2.6975279656e+00   -1.2775667440e+01    2.6400000000e+02    1.9279506000e-02    5.3764204545e-01
        36   -1.0443096875e+01    1.0945621140e+02   -2.1882586583e+01    1.1439489708e+01   -7.1058333514e+00    6.1151992213e-01   -2.6126057139e+00   -1.2775667440e+01    2.6400000000e+02    1.9012882000e-02    5.3622159091e-01
        37   -1.0589176066e+01    1.1281568012e+02   -2.2019979070e+01    1.1430803004e+01   -7.4131934246e+00    8.5260536783e-01   -2.6837235726e+00   -1.2775667440e+01    2.6400000000e+02    1.9067650000e-02    5.3418560606e-01
        38   -1.0444812066e+01    1.0947834954e+02   -2.1957664012e+01    1.1512851946e+01   -6.9687698574e+00    5.4025720502e-01   -2.7534839192e+00   -1.2775667440e+01    2.6400000000e+02    1.9491732000e-02    5.4142992424e-01
        39   -1.0518777460e+01    1.1108455250e+02   -2.1773664469e+01    1.1254887009e+01   -6.8880036721e+00    4.4017817650e-01   -2.5501715334e+00   -1.2775667440e+01    2.6400000000e+02    1.9621263000e-02    5.3579545455e-01
        40   -1.0556371858e+01    1.1176131117e+02   -2.1905161059e+01    1.1348789200e+01   -7.0686317535e+00    6.1680548353e-01   -2.6776673484e+00   -1.2775667440e+01    2.6400000000e+02    1.9200755000e-02    5.4157196970e-01
        41   -1.0436319345e+01    1.0932067373e+02   -2.2227727577e+01    1.1791408233e+01   -7.5044046094e+00    6.0377653791e-01   -2.5514320657e+00   -1.2775667440e+01    2.6400000000e+02    1.9200550000e-02    5.4015151515e-01
        42   -1.0494234112e+01    1.1046367553e+02   -2.1990755039e+01    1.1496520927e+01   -6.9875092236e+00    4.9218993256e-01   -2.7197683080e+00   -1.2775667440e+01    2.6400000000e+02    1.9434445000e-02    5.3267045455e-01
        43   -1.0493731963e+01    1.1044421819e+02   -2.1829960100e+01    1.1336228138e+01   -7.1275171581e+00    6.3860566960e-01   -2.5653811718e+00   -1.2775667440e+01    2.6400000000e+02    1.9463111000e-02    5.4147727273e-01
        44   -1.0481712134e+01    1.1022652409e+02   -2.2438419742e+01    1.1956707608e+01   -7.6079329628e+00    4.5084483313e-01   -2.5056641722e+00   -1.2775667440e+01    2.6400000000e+02    1.9383374000e-02    5.3456439394e-01
        45   -1.0507374887e+01    1.1080498036e+02   -2.1747638045e+01    1.1240263159e+01   -6.9342946369e+00    5.6698353316e-01   -2.6046595013e+00   -1.2775667440e+01    2.6400000000e+02    1.9404871000e-02    5.3996212121e-01
        46   -1.0458372202e+01    1.0981579397e+02   -2.2017386030e+01    1.1559013828e+01   -7.1484554088e+00    4.5316286629e-01   -2.5464260468e+00   -1.2775667440e+01    2.6400000000e+02    1.9294983000e-02    5.4095643939e-01
        47   -1.0480957249e+01    1.1017305841e+02   -2.2075910321e+01    1.1594953072e+01   -7.4646008203e+00    7.6508163904e-01   -2.6007236994e+00   -1.2775667440e+01    2.6400000000e+02    1.9862904000e-02    5.3380681818e-01
        48   -1.0464574680e+01    1.0985412068e+02   -2.2081651013e+01    1.1617076333e+01   -7.2765954398e+00    6.1785893974e-01   -2.6472470723e+00   -1.2775667440e+01    2.6400000000e+02    1.9434016000e-02    5.3967803030e-01
        49   -1.0475680514e+01    1.1010071091e+02   -2.1733144030e+01    1.1257463516e+01   -7.0142380756e+00    6.3475899509e-01   -2.5779975092e+00   -1.2775667440e+01    2.6400000000e+02    1.9125097000e-02    5.3925189394e-01
        50   -1.0453036992e+01    1.0964189131e+02   -2.2502175905e+01    1.2049138913e+01   -7.8127076832e+00    6.1035978929e-01   -2.5241605711e+00   -1.2775667440e+01    2.6400000000e+02    1.9481320000e-02    5.4412878788e-01
        51   -1.0526435670e+01    1.1110468296e+02   -2.2212587650e+01    1.1686151979e+01   -7.6482956339e+00    7.5046588351e-01   -2.5390904591e+00   -1.2775667440e+01    2.6400000000e+02    1.9330438000e-02    5.3901515152e-01
        52   -1.0432206516e+01    1.0944523078e+02   -2.2024920104e+01    1.1592713588e+01   -7.3088163583e+00    6.4804696033e-01   -2.5884832654e+00   -1.2775667440e+01    2.6400000000e+02    1.9324791000e-02    5.4062500000e-01
        53   -1.0445765567e+01    1.0953656029e+02   -2.1644507745e+01    1.1198742179e+01   -6.7280112156e+00    4.6748660904e-01   -2.6083156986e+00   -1.2775667440e+01    2.6400000000e+02    1.9207362000e-02    5.3844696970e-01
        54   -1.0491020498e+01    1.1037742566e+02   -2.2088812411e+01    1.1597791914e+01   -7.3253445263e+00    6.5300911813e-01   -2.6408095630e+00   -1.2775667440e+01    2.6400000000e+02    1.9448237000e-02    5.3745265152e-01
        55   -1.0508430735e+01    1.1084140393e+02   -2.1939020731e+01    1.1430589995e+01   -7.2326921715e+00    6.6843223576e-01   -2.5990933546e+00   -1.2775667440e+01    2.6400000000e+02    1.9426662000e-02    5.3806818182e-01
        56   -1.0457896755e+01    1.0967125882e+02   -2.1016896826e+01    1.0559000071e+01   -6.1112400481e+00    4.4804668148e-01   -2.5780360191e+00   -1.2775667440e+01    2.6400000000e+02    1.9375281000e-02    5.3693181818e-01
        57   -1.0452325866e+01    1.0964884816e+02   -2.1762141460e+01    1.1309815594e+01   -6.9662470287e+00    5.7122897936e-01   -2.5914559701e+00   -1.2775667440e+01    2.6400000000e+02    1.9277370000e-02    5.3844696970e-01
        58   -1.0465500087e+01    1.0994263040e+02   -2.1764398546e+01    1.1298898459e+01   -7.2193483349e+00    6.8645799211e-01   -2.4558407633e+00   -1.2775667440e+01    2.6400000000e+02    1.9323614000e-02    5.4086174242e-01
        59   -1.0469551649e+01    1.0993611132e+02   -2.2069292844e+01    1.1599741195e+01   -7.3065267821e+00    6.0171774263e-01   -2.5888163641e+00   -1.2775667440e+01    2.6400000000e+02    1.9293161000e-02    5.3835227273e-01
        60   -1.0507854242e+01    1.1075746647e+02   -2.1890465348e+01    1.1382611106e+01   -6.8300417102e+00    4.6266792163e-01   -2.7474241192e+00   -1.2775667440e+01    2.6400000000e+02    1.9237191000e-02    5.3536931818e-01
        61   -1.0489453635e+01    1.1037127471e+02   -2.2213539893e+01    1.1724086258e+01   -7.5205088894e+00    6.8289636404e-01   -2.6002599270e+00   -1.2775667440e+01    2.6400000000e+02    1.9299210000e-02    5.3650568182e-01
        62   -1.0422295117e+01    1.0904520351e+02   -2.2120743304e+01    1.1698448187e+01   -7.1623804744e+00    4.2983449916e-01   -2.6125298888e+00   -1.2775667440e+01    2.6400000000e+02    1.9369930000e-02    5.4090909091e-01
        63   -1.0474582269e+01    1.1006373270e+02   -2.1887620197e+01    1.1413037928e+01   -7.0891941337e+00    6.2578783927e-01   -2.6485464624e+00   -1.2775667440e+01    2.6400000000e+02    1.9904952000e-02    5.3200757576e-01
        64   -1.0477869084e+01    1.1013562840e+02   -2.2257345268e+01    1.1779476183e+01   -7.4377990830e+00    6.0150020313e-01   -2.6453789475e+00   -1.2775667440e+01    2.6400000000e+02    1.9340056000e-02    5.4285037879e-01
        65   -1.0474167862e+01    1.1010140354e+02   -2.1435440621e+01    1.0961272759e+01   -6.8046996388e+00    7.5489124605e-01   -2.6099647884e+00   -1.2775667440e+01    2.6400000000e+02    1.9215127000e-02    5.3371212121e-01
        66   -1.0485872779e+01    1.1023868896e+02   -2.1875993102e+01    1.1390120323e+01   -7.1065309254e+00    6.3337377654e-01   -2.6271685134e+00   -1.2775667440e+01    2.6400000000e+02    1.9252368000e-02    5.3825757576e-01
        67   -1.0424332622e+01    1.0909720900e+02   -2.2189332861e+01    1.1765000239e+01   -7.1331139470e+00    4.2273423779e-01   -2.7032857112e+00   -1.2775667440e+01    2.6400000000e+02    1.9625650000e-02    5.3783143939e-01
        68   -1.0492566033e+01    1.1055636765e+02   -2.1649797946e+01    1.1157231913e+01   -6.9753246193e+00    7.0671136370e-01   -2.6055172500e+00   -1.2775667440e+01    2.6400000000e+02    1.9133281000e-02    5.3267045455e-01
        69   -1.0525368221e+01    1.1116121589e+02   -2.1939089550e+01    1.1413721329e+01   -7.2270296679e+00    6.8746227765e-01   -2.6238547192e+00   -1.2775667440e+01    2.6400000000e+02    1.9666862000e-02    5.3489583333e-01
        70   -1.0491156996e+01    1.1043665653e+02   -2.1844236591e+01    1.1353079595e+01   -6.8638772663e+00    5.0104168621e-01   -2.7057335708e+00   -1.2775667440e+01    2.6400000000e+02    1.9104496000e-02    5.3821022727e-01
        71   -1.0543473412e+01    1.1150313473e+02   -2.1676370765e+01    1.1132897353e+01   -6.8282193454e+00    5.7012304182e-01   -2.6426070212e+00   -1.2775667440e+01    2.6400000000e+02    1.9398119000e-02    5.3655303030e-01
        72   -1.0433444950e+01    1.0934338776e+02   -2.1843818063e+01    1.1410373113e+01   -7.1424506097e+00    7.4100309410e-01   -2.6667031073e+00   -1.2775667440e+01    2.6400000000e+02    1.9408132000e-02    5.4019886364e-01
        73   -1.0546387323e+01    1.1160373671e+02   -2.2286868277e+01    1.1740480953e+01   -7.7650335916e+00    8.2980334587e-01   -2.5759705906e+00   -1.2775667440e+01    2.6400000000e+02    1.9186241000e-02    5.3167613636e-01
        74   -1.0530566341e+01    1.1126087209e+02   -2.2091219625e+01    1.1560653284e+01   -7.2658434127e+00    6.6027298024e-01   -2.7099817518e+00   -1.2775667440e+01    2.6400000000e+02    1.9072050000e-02    5.3939393939e-01
        75   -1.0501489287e+01    1.1056114894e+02   -2.2096563100e+01    1.1595073813e+01   -7.1353498134e+00    6.1447437817e-01   -2.8000202248e+00   -1.2775667440e+01    2.6400000000e+02    1.9396346000e-02    5.3816287879e-01
        76   -1.0466727690e+01    1.0994323861e+02   -2.2354181263e+01    1.1887453574e+01   -7.6878226185e+00    6.7289096611e-01   -2.5635821709e+00   -1.2775667440e+01    2.6400000000e+02    1.9302947000e-02    5.3877840909e-01
        77   -1.0525921784e+01    1.1134535167e+02   -2.2291334644e+01    1.1765412861e+01   -7.6971459625e+00    7.2564369938e-01   -2.5441649410e+00   -1.2775667440e+01    2.6400000000e+02    1.9216059000e-02    5.4095643939e-01
        78   -1.0501461674e+01    1.1069072419e+02   -2.2032858168e+01    1.1531396493e+01   -7.3236767241e+00    6.5600467436e-01   -2.5895186777e+00   -1.2775667440e+01    2.6400000000e+02    1.9360807000e-02    5.3740530303e-01
        79   -1.0498594873e+01    1.1117780483e+02   -2.2168445036e+01    1.1669850163e+01   -7.2627604745e+00    4.7922032611e-01   -2.6092374469e+00   -1.2775667440e+01    2.6400000000e+02    1.9637115000e-02    5.3574810606e-01
        80   -1.0464001181e+01    1.0994120097e+02   -2.1683056745e+01    1.1219055565e+01   -7.0761344713e+00    7.1321968049e-01   -2.5444745142e+00   -1.2775667440e+01    2.6400000000e+02    1.9414297000e-02    5.4133522727e-01
        81   -1.0512010113e+01    1.1082395316e+02   -2.2655658017e+01    1.2143647904e+01   -7.8241041313e+00    5.7950867814e-01   -2.6353951235e+00   -1.2775667440e+01    2.6400000000e+02    2.2599424000e-02    5.3669507576e-01
        82   -1.0489648456e+01    1.1041907972e+02   -2.1744295836e+01    1.1254647380e+01   -7.1311353399e+00    6.9568784682e-01   -2.5331809028e+00   -1.2775667440e+01    2.6400000000e+02    2.2495597000e-02    5.3513257576e-01
        83   -1.0476881573e+01    1.1012268976e+02   -2.2257437876e+01    1.1780556302e+01   -7.5324384134e+00    7.3089714535e-01   -2.6802291672e+00   -1.2775667440e+01    2.6400000000e+02    2.0818603000e-02    5.4303977273e-01
        84   -1.0528712132e+01    1.1121196288e+02   -2.2051085610e+01    1.1522373478e+01   -7.4593753076e+00    7.4868765108e-01   -2.5647305136e+00   -1.2775667440e+01    2.6400000000e+02    1.9216465000e-02    5.3825757576e-01
        85   -1.0475787591e+01    1.1017119006e+02   -2.2201328917e+01    1.1725541326e+01   -7.6436813647e+00    6.7292166304e-01   -2.4549017746e+00   -1.2775667440e+01    2.6400000000e+02    1.9124195000e-02    5.3783143939e-01
        86   -1.0472376949e+01    1.1000207791e+02   -2.2279071755e+01    1.1806694806e+01   -7.3583759281e+00    5.2434230227e-01   -2.6693706886e+00   -1.2775667440e+01    2.6400000000e+02    1.9464792000e-02    5.3839962121e-01
        87   -1.0462207357e+01    1.0983324165e+02   -2.1810069005e+01    1.1347861648e+01   -6.9561582092e+00    5.4354716943e-01   -2.6217905251e+00   -1.2775667440e+01    2.6400000000e+02    1.9091100000e-02    5.3371212121e-01
        88   -1.0467577173e+01    1.0990856268e+02   -2.1984246939e+01    1.1516669766e+01   -7.3172571846e+00    7.2186891130e-01   -2.6131912251e+00   -1.2775667440e+01    2.6400000000e+02    1.9231789000e-02    5.3626893939e-01
        89   -1.0475075833e+01    1.1018855433e+02   -2.1441158796e+01    1.0966082964e+01   -6.6756866182e+00    6.8826977182e-01   -2.6780745095e+00   -1.2775667440e+01    2.6400000000e+02    1.9176532000e-02    5.4502840909e-01
        90   -1.0523028061e+01    1.1122513963e+02   -2.2114382041e+01    1.1591353980e+01   -7.7466084492e+00    8.1949655915e-01   -2.4116027107e+00   -1.2775667440e+01    2.6400000000e+02    1.9448281000e-02    5.3678977273e-01
        91   -1.0458141641e+01    1.0976925458e+02   -2.1918257089e+01    1.1460115448e+01   -7.1849206300e+00    5.8861655752e-01   -2.5462855765e+00   -1.2775667440e+01    2.6400000000e+02    1.9350304000e-02    5.4034090909e-01
        92   -1.0493866162e+01    1.1064868695e+02   -2.1932680759e+01    1.1438814598e+01   -7.0742237987e+00    4.7921748249e-01   -2.5620070029e+00   -1.2775667440e+01    2.6400000000e+02    1.9024784000e-02    5.3650568182e-01
        93   -1.0483151341e+01    1.1028725378e+02   -2.1722843431e+01    1.1239692090e+01   -7.0113573724e+00    6.9439670163e-01   -2.6302153199e+00   -1.2775667440e+01    2.6400000000e+02    1.9502515000e-02    5.3925189394e-01
        94   -1.0563383285e+01    1.1203794295e+02   -2.1223449622e+01    1.0660066337e+01   -6.5738561016e+00    8.3817594602e-01   -2.7121020265e+00   -1.2775667440e+01    2.6400000000e+02    1.9165789000e-02    5.3238636364e-01
        95   -1.0448194512e+01    1.0951773943e+02   -2.1878573326e+01    1.1430378814e+01   -7.1001629070e+00    5.3971803607e-01   -2.5424610150e+00   -1.2775667440e+01    2.6400000000e+02    1.9171050000e-02    5.3915719697e-01
        96   -1.0504263445e+01    1.1066926605e+02   -2.2043164319e+01    1.1538900874e+01   -7.1259942871e+00    5.3077123454e-01   -2.6722738260e+00   -1.2775667440e+01    2.6400000000e+02    1.9309905000e-02    5.3896780303e-01
        97   -1.0507269926e+01    1.1075791301e+02   -2.1932936383e+01    1.1425666457e+01   -7.0735659883e+00    6.6258055451e-01   -2.7462835087e+00   -1.2775667440e+01    2.6400000000e+02    1.9288943000e-02    5.3304924242e-01
        98   -1.0461645584e+01    1.0985393489e+02   -2.2027182755e+01    1.1565537170e+01   -7.3304499579e+00    6.9284298991e-01   -2.6139083465e+00   -1.2775667440e+01    2.6400000000e+02    1.9555648000e-02    5.4564393939e-01
        99   -1.0478529779e+01    1.1019409176e+02   -2.1866682095e+01    1.1388152316e+01   -7.5344728018e+00    9.2625539573e-01   -2.4827972483e+00   -1.2775667440e+01    2.6400000000e+02    1.9459659000e-02    5.3712121212e-01
       100   -1.0459916246e+01    1.0985903795e+02   -2.2054491337e+01    1.1594575091e+01   -7.3323759916e+00    5.4343255484e-01   -2.4898804601e+00   -1.2775667440e+01    2.6400000000e+02    2.0681286000e-02    5.3806818182e-01
       101   -1.0473521720e+01    1.1004022968e+02   -2.2183734735e+01    1.1710213015e+01   -7.3687583534e+00    6.7066246257e-01   -2.7099714041e+00   -1.2775667440e+01    2.6400000000e+02    1.9837438000e-02    5.3342803030e-01
       102   -1.0490961316e+01    1.1042493230e+02   -2.2004836572e+01    1.1513875257e+01   -7.3200334644e+00    7.5482364505e-01   -2.6639593129e+00   -1.2775667440e+01    2.6400000000e+02    1.9826656000e-02    5.3825757576e-01
       103   -1.0505573765e+01    1.1075005891e+02   -2.1512347023e+01    1.1006773258e+01   -6.7997685512e+00    7.2090092299e-01   -2.6578119541e+00   -1.2775667440e+01    2.6400000000e+02    2.0178701000e-02    5.3854166667e-01
       104   -1.0482569540e+01    1.1041233117e+02   -2.2123334777e+01    1.1640765237e+01   -7.2979022776e+00    6.1475363019e-01   -2.6645186895e+00   -1.2775667440e+01    2.6400000000e+02    1.9881785000e-02    5.4086174242e-01
       105   -1.0474644267e+01    1.1008977137e+02   -2.1978083772e+01    1.1503439504e+01   -7.2984655902e+00    7.4302227640e-01   -2.6469730176e+00   -1.2775667440e+01    2.6400000000e+02    1.9525296000e-02    5.3541666667e-01
       106   -1.0471780658e+01    1.1017606027e+02   -2.2255369420e+01    1.1783588763e+01   -7.4392228491e+00    4.1792775711e-01   -2.4584068882e+00   -1.2775667440e+01    2.6400000000e+02    2.0020827000e-02    5.3688446970e-01
       107   -1.0501299238e+01    1.1063942021e+02   -2.2246673123e+01    1.1745373885e+01   -7.6287014546e+00    8.0834103000e-01   -2.6506452586e+00   -1.2775667440e+01    2.6400000000e+02    2.0211771000e-02    5.3214962121e-01
       108   -1.0421968218e+01    1.0919452268e+02   -2.2335117481e+01    1.1913149263e+01   -7.4062800570e+00    4.4894290389e-01   -2.6021128880e+00   -1.2775667440e+01    2.6400000000e+02    1.9894982000e-02    5.4109848485e-01
       109   -1.0437711952e+01    1.0937551900e+02   -2.2425474044e+01    1.1987762091e+01   -7.7231840132e+00    6.1003485716e-01   -2.5366574475e+00   -1.2775667440e+01    2.6400000000e+02    1.9817554000e-02    5.3413825758e-01
       110   -1.0441051186e+01    1.0964600423e+02   -2.2535364753e+01    1.2094313567e+01   -7.5940109462e+00    4.7433956926e-01   -2.6400259356e+00   -1.2775667440e+01    2.6400000000e+02    1.9588093000e-02    5.3858901515e-01
       111   -1.0426810937e+01    1.0901994219e+02   -2.1725961721e+01    1.1299150784e+01   -6.9447657197e+00    5.6792692408e-01   -2.5734554851e+00   -1.2775667440e+01    2.6400000000e+02    1.9975487000e-02    5.3764204545e-01
       112   -1.0414617389e+01    1.0882689871e+02   -2.2360379638e+01    1.1945762249e+01   -7.6085097446e+00    5.8621392635e-01   -2.5624163798e+00   -1.2775667440e+01    2.6400000000e+02    1.9899920000e-02    5.3489583333e-01
       113   -1.0507084795e+01    1.1071096419e+02   -2.2148673314e+01    1.1641588519e+01   -7.3280651720e+00    5.1551404349e-01   -2.5604547453e+00   -1.2775667440e+01    2.6400000000e+02    2.0037649000e-02    5.3598484848e-01
       114   -1.0508720601e+01    1.1086276874e+02   -2.1812294368e+01    1.1303573767e+01   -7.0439571487e+00    5.5931330361e-01   -2.5519830828e+00   -1.2775667440e+01    2.6400000000e+02    2.0777828000e-02    5.3660037879e-01
       115   -1.0464912021e+01    1.0993525004e+02   -2.1880779494e+01    1.1415867473e+01   -7.1414308079e+00    6.5890833866e-01   -2.6225895845e+00   -1.2775667440e+01    2.6400000000e+02    1.9813694000e-02    5.3792613636e-01
       116   -1.0461173555e+01    1.0991599734e+02   -2.2191469239e+01    1.1730295685e+01   -7.5074338475e+00    6.3091669687e-01   -2.5392846487e+00   -1.2775667440e+01    2.6400000000e+02    1.9813068000e-02    5.4753787879e-01
       117   -1.0442396123e+01    1.0954943514e+02   -2.2450507882e+01    1.2008111759e+01   -7.6733992796e+00    5.5666505979e-01   -2.5581062219e+00   -1.2775667440e+01    2.6400000000e+02    2.0120773000e-02    5.4057765152e-01
       118   -1.0411202162e+01    1.0875632261e+02   -2.1750452158e+01    1.1339249996e+01   -7.1116420209e+00    6.8899117393e-01   -2.5521338708e+00   -1.2775667440e+01    2.6400000000e+02    2.0227604000e-02    5.3153409091e-01
       119   -1.0489901881e+01    1.1044994259e+02   -2.1718051045e+01    1.1228149164e+01   -7.0286066874e+00    6.0396232862e-01   -2.5177392460e+00   -1.2775667440e+01    2.6400000000e+02    2.1187078000e-02    5.4242424242e-01
       120   -1.0468294043e+01    1.0996592462e+02   -2.2285647977e+01    1.1817353934e+01   -7.3154634367e+00    5.1190285902e-01   -2.7064199587e+00   -1.2775667440e+01    2.6400000000e+02    2.0060960000e-02    5.3726325758e-01
       121   -1.0429648436e+01    1.0922377489e+02   -2.1841700054e+01    1.1412051618e+01   -7.1476611327e+00    5.6959621110e-01   -2.4879676920e+00   -1.2775667440e+01    2.6400000000e+02    1.9773399000e-02    5.3702651515e-01
       122   -1.0560624595e+01    1.1186401485e+02   -2.2422519594e+01    1.1861894999e+01   -7.6150211565e+00    6.0117868759e-01   -2.6330096846e+00   -1.2775667440e+01    2.6400000000e+02    2.0201558000e-02    5.3925189394e-01
       123   -1.0486520824e+01    1.1033287542e+02   -2.2546284183e+01    1.2059763358e+01   -7.8360716541e+00    6.8482669818e-01   -2.6193717866e+00   -1.2775667440e+01    2.6400000000e+02    1.9943311000e-02    5.3423295455e-01
       124   -1.0413282079e+01    1.0883463788e+02   -2.1733001045e+01    1.1319718966e+01   -6.9278420611e+00    5.2282221925e-01   -2.5523137630e+00   -1.2775667440e+01    2.6400000000e+02    1.9604370000e-02    5.4147727273e-01
       125   -1.0472166214e+01    1.0999344057e+02   -2.1826628526e+01    1.1354462312e+01   -7.2434059458e+00    8.0392707846e-01   -2.6114822184e+00   -1.2775667440e+01    2.6400000000e+02    1.9853110000e-02    5.3475378788e-01
       126   -1.0498247256e+01    1.1055849427e+02   -2.1858113330e+01    1.1359866074e+01   -6.9067226964e+00    5.3785768566e-01   -2.7135808790e+00   -1.2775667440e+01    2.6400000000e+02    2.0017714000e-02    5.3664772727e-01
       127   -1.0553836435e+01    1.1179690614e+02   -2.1980814433e+01    1.1426977997e+01   -7.2270636083e+00    6.4818595779e-01   -2.6262693419e+00   -1.2775667440e+01    2.6400000000e+02    1.9776960000e-02    5.3631628788e-01
       128   -1.0515618720e+01    1.1090831395e+02   -2.1855133424e+01    1.1339514704e+01   -6.8798728853e+00    6.0554189389e-01   -2.8051349921e+00   -1.2775667440e+01    2.6400000000e+02    1.9748887000e-02    5.3517992424e-01
       129   -1.0422664206e+01    1.0898429899e+02   -2.1753422362e+01    1.1330758156e+01   -7.0937768074e+00    6.8902292616e-01   -2.5730010404e+00   -1.2775667440e+01    2.6400000000e+02    1.9865811000e-02    5.4048295455e-01
       130   -1.0476656267e+01    1.1005587311e+02   -2.1715970704e+01    1.1239314437e+01   -6.8476804298e+00    6.1760035297e-01   -2.7102231871e+00   -1.2775667440e+01    2.6400000000e+02    1.9713465000e-02    5.4133522727e-01
       131   -1.0418647125e+01    1.0902579286e+02   -2.1377592052e+01    1.0958944927e+01   -6.6219444560e+00    6.4790902893e-01   -2.6278891850e+00   -1.2775667440e+01    2.6400000000e+02    1.9895678000e-02    5.3745265152e-01
       132   -1.0556375569e+01    1.1176093421e+02   -2.1741355130e+01    1.1184979561e+01   -7.0431361436e+00    7.8541057367e-01   -2.7079621199e+00   -1.2775667440e+01    2.6400000000e+02    1.8929085000e-02    5.3925189394e-01
       133   -1.0427890057e+01    1.0910961539e+02   -2.1768581317e+01    1.1340691261e+01   -7.0763824446e+00    7.0188977608e-01   -2.6184212086e+00   -1.2775667440e+01    2.6400000000e+02    1.9191195000e-02    5.3716856061e-01
       134   -1.0494437013e+01    1.1050909334e+02   -2.2742351313e+01    1.2247914300e+01   -7.9430480791e+00    6.1783201175e-01   -2.6414678049e+00   -1.2775667440e+01    2.6400000000e+02    1.9344150000e-02    5.4232954545e-01
       135   -1.0470138491e+01    1.1000128142e+02   -2.1995551627e+01    1.1525413136e+01   -7.2596114745e+00    5.4240758969e-01   -2.5026803020e+00   -1.2775667440e+01    2.6400000000e+02    1.9472516000e-02    5.3797348485e-01
       136   -1.0501125486e+01    1.1061373398e+02   -2.1626352575e+01    1.1125227089e+01   -6.6179722206e+00    5.5457897659e-01   -2.7872918905e+00   -1.2775667440e+01    2.6400000000e+02    1.9445502000e-02    5.3418560606e-01
       137   -1.0485529163e+01    1.1037330972e+02   -2.1752280019e+01    1.1266750856e+01   -6.8605308300e+00    5.3923384911e-01   -2.6553155978e+00   -1.2775667440e+01    2.6400000000e+02    1.9168755000e-02    5.4299242424e-01
       138   -1.0480148220e+01    1.1030511246e+02   -2.1809469916e+01    1.1329321696e+01   -7.1825094924e+00    7.4075990298e-01   -2.5920528862e+00   -1.2775667440e+01    2.6400000000e+02    1.9806959000e-02    5.3858901515e-01
       139   -1.0446029926e+01    1.0948663746e+02   -2.1555713377e+01    1.1109683451e+01   -6.7375275881e+00    5.6615374180e-01   -2.6086720901e+00   -1.2775667440e+01    2.6400000000e+02    1.9265561000e-02    5.3811553030e-01
       140   -1.0504740679e+01    1.1070223132e+02   -2.1939782416e+01    1.1435041737e+01   -7.1116192462e+00    5.5825326287e-01   -2.6107489927e+00   -1.2775667440e+01    2.6400000000e+02    1.9671504000e-02    5.4559659091e-01
       141   -1.0485447838e+01    1.1030681282e+02   -2.2179253727e+01    1.1693805889e+01   -7.5072179930e+00    7.0058136141e-01   -2.5969496552e+00   -1.2775667440e+01    2.6400000000e+02    1.9515275000e-02    5.3683712121e-01
       142   -1.0497323413e+01    1.1052148447e+02   -2.2065348957e+01    1.1568025544e+01   -7.2575720635e+00    6.0741214048e-01   -2.6395215936e+00   -1.2775667440e+01    2.6400000000e+02    1.9101700000e-02    5.3622159091e-01
       143   -1.0567426088e+01    1.1199627611e+02   -2.2473050860e+01    1.1905624772e+01   -7.6949451650e+00    7.4527481231e-01   -2.7477130672e+00   -1.2775667440e+01    2.6400000000e+02    1.9782155000e-02    5.4256628788e-01
       144   -1.0438180396e+01    1.0944959280e+02   -2.2147654514e+01    1.1709474118e+01   -7.2495838649e+00    4.4662406310e-01   -2.5690272716e+00   -1.2775667440e+01    2.6400000000e+02    1.9535701000e-02    5.3309659091e-01
       145   -1.0440749585e+01    1.0947378752e+02   -2.1790250235e+01    1.1349500650e+01   -7.0304946945e+00    6.1901698149e-01   -2.6031050821e+00   -1.2775667440e+01    2.6400000000e+02    1.9509638000e-02    5.3915719697e-01
       146   -1.0544117408e+01    1.1165400015e+02   -2.1892291181e+01    1.1348173773e+01   -7.0766630086e+00    6.6254233568e-01   -2.7025030678e+00   -1.2775667440e+01    2.6400000000e+02    1.9468636000e-02    5.3915719697e-01
       147   -1.0425751187e+01    1.0904099115e+02   -2.1667007829e+01    1.1241256643e+01   -6.8488392889e+00    5.4339872349e-01   -2.5858998236e+00   -1.2775667440e+01    2.6400000000e+02    1.9247388000e-02    5.3513257576e-01
       148   -1.0459880202e+01    1.0981660018e+02   -2.1804795893e+01    1.1344915691e+01   -6.9374388708e+00    6.0182954588e-01   -2.6935191275e+00   -1.2775667440e+01    2.6400000000e+02    1.9542693000e-02    5.3740530303e-01
       149   -1.0512353453e+01    1.1084276064e+02   -2.2264796498e+01    1.1752443045e+01   -7.4675504106e+00    6.4025346041e-01   -2.6618321075e+00   -1.2775667440e+01    2.6400000000e+02    1.9315627000e-02    5.3844696970e-01
       150   -1.0482568607e+01    1.1022210077e+02   -2.2042443784e+01    1.1559875177e+01   -7.1692815961e+00    6.3912162101e-01   -2.7366163687e+00   -1.2775667440e+01    2.6400000000e+02    1.9417826000e-02    5.4114583333e-01
       151   -1.0450378328e+01    1.0966457313e+02   -2.2148436963e+01    1.1698058635e+01   -7.4391956425e+00    6.9080067403e-01   -2.6243745540e+00   -1.2775667440e+01    2.6400000000e+02    1.9101703000e-02    5.4024621212e-01
       152   -1.0487742503e+01    1.1042967188e+02   -2.2450149305e+01    1.1962406802e+01   -7.8369113249e+00    7.2883668863e-01   -2.5664072287e+00   -1.2775667440e+01    2.6400000000e+02    1.9265230000e-02    5.3896780303e-01
       153   -1.0506834486e+01    1.1079653343e+02   -2.1769596828e+01    1.1262762342e+01   -7.0495053447e+00    6.6516091056e-01   -2.6095849536e+00   -1.2775667440e+01    2.6400000000e+02    1.9406438000e-02    5.3674242424e-01
       154   -1.0449905869e+01    1.0956469097e+02   -2.1803197715e+01    1.1353291845e+01   -7.0120164329e+00    5.7267947112e-01   -2.5881933127e+00   -1.2775667440e+01    2.6400000000e+02    1.9179660000e-02    5.3489583333e-01
       155   -1.0489714924e+01    1.1043210179e+02   -2.1950286953e+01    1.1460572030e+01   -7.4014090673e+00    7.9502533940e-01   -2.5682357851e+00   -1.2775667440e+01    2.6400000000e+02    1.9276576000e-02    5.3323863636e-01
       156   -1.0487935723e+01    1.1042340278e+02   -2.1933386133e+01    1.1445450410e+01   -7.1532627603e+00    6.6100144451e-01   -2.6654573774e+00   -1.2775667440e+01    2.6400000000e+02    1.9462221000e-02    5.4232954545e-01
       157   -1.0495461848e+01    1.1050910165e+02   -2.1846150010e+01    1.1350688162e+01   -7.0554306467e+00    6.5902021265e-01   -2.6740721356e+00   -1.2775667440e+01    2.6400000000e+02    1.9199987000e-02    5.3925189394e-01
       158   -1.0415214191e+01    1.0891215368e+02   -2.2192838354e+01    1.1777624163e+01   -7.6256812101e+00    8.1398800815e-01   -2.6054777122e+00   -1.2775667440e+01    2.6400000000e+02    1.9238994000e-02    5.4171401515e-01
       159   -1.0511798495e+01    1.1087202006e+02   -2.1563235164e+01    1.1051436669e+01   -6.7236453053e+00    5.5872133193e-01   -2.6226437502e+00   -1.2775667440e+01    2.6400000000e+02    1.9233212000e-02    5.3778409091e-01
       160   -1.0466906479e+01    1.0989593009e+02   -2.1853907594e+01    1.1387001115e+01   -7.0080070574e+00    6.1188528267e-01   -2.6821183793e+00   -1.2775667440e+01    2.6400000000e+02    1.9183927000e-02    5.4285037879e-01
       161   -1.0521122144e+01    1.1108903630e+02   -2.1660744736e+01    1.1139622592e+01   -6.8988196936e+00    7.2591646885e-01   -2.7121740712e+00   -1.2775667440e+01    2.6400000000e+02    1.9373379000e-02    5.4483901515e-01
       162   -1.0510141565e+01    1.1090217914e+02   -2.2375612517e+01    1.1865470952e+01   -7.4227000430e+00    5.9177694123e-01   -2.7690219747e+00   -1.2775667440e+01    2.6400000000e+02    1.9472016000e-02    5.3551136364e-01
       163   -1.0455384742e+01    1.0966869501e+02   -2.1843526886e+01    1.1388142143e+01   -7.3925626029e+00    7.3612558554e-01   -2.4114224281e+00   -1.2775667440e+01    2.6400000000e+02    1.9351778000e-02    5.4351325758e-01
       164   -1.0474632858e+01    1.1019325578e+02   -2.1986883006e+01    1.1512250147e+01   -7.0485981656e+00    5.7017876687e-01   -2.7327961668e+00   -1.2775667440e+01    2.6400000000e+02    1.9388982000e-02    5.3702651515e-01
       165   -1.0398104078e+01    1.0859040448e+02   -2.1724147503e+01    1.1326043424e+01   -7.1022705557e+00    7.2800679542e-01   -2.5742163022e+00   -1.2775667440e+01    2.6400000000e+02    1.9761787000e-02    5.2892992424e-01
       166   -1.0514082730e+01    1.1093235092e+02   -2.1773109628e+01    1.1259026899e+01   -7.1844481033e+00    7.6603309307e-01   -2.5790271778e+00   -1.2775667440e+01    2.6400000000e+02    1.9352397000e-02    5.3906250000e-01
       167   -1.0527941165e+01    1.1119959488e+02   -2.2038770996e+01    1.1510829830e+01   -7.2624430063e+00    6.0613491026e-01   -2.6067954597e+00   -1.2775667440e+01    2.6400000000e+02    1.9284656000e-02    5.3570075758e-01
       168   -1.0511674664e+01    1.1083788505e+02   -2.2407046655e+01    1.1895371990e+01   -7.8011440730e+00    7.3452166982e-01   -2.5647568113e+00   -1.2775667440e+01    2.6400000000e+02    1.9382738000e-02    5.3319128788e-01
       169   -1.0468899083e+01    1.0999976055e+02   -2.2246854156e+01    1.1777955073e+01   -7.7486298732e+00    8.3951065524e-01   -2.5620674979e+00   -1.2775667440e+01    2.6400000000e+02    1.9568748000e-02    5.4038825758e-01
       170   -1.0442672971e+01    1.0937551955e+02   -2.1686543767e+01    1.1243870796e+01   -6.7778253890e+00    4.5389305094e-01   -2.5869439890e+00   -1.2775667440e+01    2.6400000000e+02    1.9134303000e-02    5.3574810606e-01
       171   -1.0441508667e+01    1.0941105916e+02   -2.2253458700e+01    1.1811950033e+01   -7.4665739134e+00    7.3977930786e-01   -2.7509966538e+00   -1.2775667440e+01    2.6400000000e+02    1.9409834000e-02    5.3461174242e-01
       172   -1.0505213871e+01    1.1071244034e+02   -2.1810580643e+01    1.1305366771e+01   -7.2181776538e+00    8.5648970248e-01   -2.6732252512e+00   -1.2775667440e+01    2.6400000000e+02    1.9490316000e-02    5.3489583333e-01
       173   -1.0485505154e+01    1.1030759995e+02   -2.2329253056e+01    1.1843747903e+01   -7.6497510870e+00    6.0417475835e-01   -2.5080092872e+00   -1.2775667440e+01    2.6400000000e+02    1.9683680000e-02    5.3721590909e-01
       174   -1.0463667506e+01    1.0986047628e+02   -2.2066694214e+01    1.1603026708e+01   -7.2983092262e+00    5.5734985196e-01   -2.5500673998e+00   -1.2775667440e+01    2.6400000000e+02    1.9072569000e-02    5.4341856061e-01
       175   -1.0439605329e+01    1.0936887481e+02   -2.1484109752e+01    1.1044504423e+01   -6.6182099104e+00    5.6225990684e-01   -2.6524923083e+00   -1.2775667440e+01    2.6400000000e+02    1.9211591000e-02    5.3020833333e-01
       176   -1.0573547512e+01    1.1215029682e+02   -2.2023367841e+01    1.1449820329e+01   -7.2934154069e+00    7.4418097960e-01   -2.6984659730e+00   -1.2775667440e+01    2.6400000000e+02    1.9499178000e-02    5.3442234848e-01
       177   -1.0487164357e+01    1.1025013552e+02   -2.2159919477e+01    1.1672755120e+01   -7.3295490927e+00    5.9355048687e-01   -2.6482534311e+00   -1.2775667440e+01    2.6400000000e+02    1.9959087000e-02    5.3688446970e-01
       178   -1.0484246106e+01    1.1030870339e+02   -2.2179498830e+01    1.1695252724e+01   -7.3977622865e+00    5.5989673558e-01   -2.5659658391e+00   -1.2775667440e+01    2.6400000000e+02    2.0426489000e-02    5.2589962121e-01
       179   -1.0446575741e+01    1.0956645194e+02   -2.2351229233e+01    1.1904653492e+01   -7.8590159888e+00    8.1960671557e-01   -2.5361525196e+00   -1.2775667440e+01    2.6400000000e+02    2.0700579000e-02    5.3570075758e-01
       180   -1.0469013658e+01    1.1007634094e+02   -2.1866404989e+01    1.1397391331e+01   -7.2009398928e+00    6.5283475414e-01   -2.5426324098e+00   -1.2775667440e+01    2.6400000000e+02    2.0518041000e-02    5.4228219697e-01
       181   -1.0462524685e+01    1.0983038379e+02   -2.2243718382e+01    1.1781193697e+01   -7.6527121305e+00    6.8726934831e-01   -2.5026081600e+00   -1.2775667440e+01    2.6400000000e+02    2.1216316000e-02    5.3669507576e-01
       182   -1.0494396783e+01    1.1044361299e+02   -2.1437180668e+01    1.0942783886e+01   -7.1470326319e+00    7.5375057991e-01   -2.2682311760e+00   -1.2775667440e+01    2.6400000000e+02    2.1371039000e-02    5.4043560606e-01
       183   -1.0445868140e+01    1.0952162161e+02   -2.2299187447e+01    1.1853319307e+01   -7.5106361669e+00    5.5000000842e-01   -2.5628838480e+00   -1.2775667440e+01    2.6400000000e+02    2.1330298000e-02    5.4076704545e-01
       184   -1.0529909572e+01    1.1130906128e+02   -2.2646453133e+01    1.2116543562e+01   -7.9015640726e+00    6.3597145603e-01   -2.6051930766e+00   -1.2775667440e+01    2.6400000000e+02    2.1479065000e-02    5.3655303030e-01
       185   -1.0467786913e+01    1.0997145634e+02   -2.2044116944e+01    1.1576330031e+01   -7.4959669899e+00    7.3220174756e-01   -2.5046842618e+00   -1.2775667440e+01    2.6400000000e+02    2.1498730000e-02    5.3678977273e-01
       186   -1.0515149030e+01    1.1088632401e+02   -2.2064402102e+01    1.1549253071e+01   -7.3368561320e+00    7.6734407976e-01   -2.7192226093e+00   -1.2775667440e+01    2.6400000000e+02    2.1400614000e-02    5.4351325758e-01
       187   -1.0489405440e+01    1.1037325643e+02   -2.2258852633e+01    1.1769447193e+01   -7.4591373204e+00    5.6130090673e-01   -2.5853487792e+00   -1.2775667440e+01    2.6400000000e+02    2.1401781000e-02    5.4152462121e-01
       188   -1.0517318141e+01    1.1093712595e+02   -2.2024540390e+01    1.1507222249e+01   -7.5746685348e+00    8.8894099488e-01   -2.5631454097e+00   -1.2775667440e+01    2.6400000000e+02    2.1397120000e-02    5.3290719697e-01
       189   -1.0479206393e+01    1.1010113643e+02   -2.1711636336e+01    1.1232429943e+01   -6.8246304945e+00    5.9307369240e-01   -2.7044120937e+00   -1.2775667440e+01    2.6400000000e+02    2.1399219000e-02    5.3603219697e-01
       190   -1.0472597953e+01    1.1006524751e+02   -2.2319218824e+01    1.1846620871e+01   -7.6707236586e+00    7.6194342470e-01   -2.6347711500e+00   -1.2775667440e+01    2.6400000000e+02    2.1375701000e-02    5.4166666667e-01
       191   -1.0501898444e+01    1.1069617430e+02   -2.2159711779e+01    1.1657813335e+01   -7.4880688668e+00    5.8990798620e-01   -2.4858834583e+00   -1.2775667440e+01    2.6400000000e+02    2.1407146000e-02    5.3555871212e-01
       192   -1.0517632142e+01    1.1094235425e+02   -2.1932838054e+01    1.1415205912e+01   -6.9767690082e+00    5.3565581950e-01   -2.7160574246e+00   -1.2775667440e+01    2.6400000000e+02    2.1528001000e-02    5.3465909091e-01
       193   -1.0494415690e+01    1.1048122273e+02   -2.2124961396e+01    1.1630545706e+01   -7.5733027369e+00    7.9973326680e-01   -2.5757244857e+00   -1.2775667440e+01    2.6400000000e+02    2.1384870000e-02    5.4237689394e-01
       194   -1.0464626581e+01    1.0986590192e+02   -2.1959200388e+01    1.1494573806e+01   -7.1317062317e+00    4.5506056482e-01   -2.5068872804e+00   -1.2775667440e+01    2.6400000000e+02    2.1224866000e-02    5.3948863636e-01
       195   -1.0577423498e+01    1.1225619654e+02   -2.2010452008e+01    1.1433028509e+01   -7.2233264436e+00    6.2492781455e-01   -2.6363859384e+00   -1.2775667440e+01    2.6400000000e+02    2.1468290000e-02    5.3442234848e-01
       196   -1.0457237831e+01    1.0978872557e+02   -2.1636798107e+01    1.1179560277e+01   -7.0167163882e+00    6.9130587742e-01   -2.5357201564e+00   -1.2775667440e+01    2.6400000000e+02    2.1648250000e-02    5.4119318182e-01
       197   -1.0488360599e+01    1.1040886970e+02   -2.2305929379e+01    1.1817568779e+01   -7.4403753223e+00    4.4906103348e-01   -2.5389476496e+00   -1.2775667440e+01    2.6400000000e+02    2.1321067000e-02    5.3437500000e-01
       198   -1.0525391043e+01    1.1108079819e+02   -2.1839797341e+01    1.1314406298e+01   -6.8652385598e+00    6.1113239033e-01   -2.8100237315e+00   -1.2775667440e+01    2.6400000000e+02    2.1501669000e-02    5.3745265152e-01
       199   -1.0590102202e+01    1.1304352149e+02   -2.1679145157e+01    1.1089042955e+01   -7.1478738042e+00    9.9997997656e-01   -2.7555838895e+00   -1.2775667440e+01    2.6400000000e+02    2.1269668000e-02    5.4062500000e-01
