#   index    LocalEnergy         LocalEnergy_sq      LocalPotential      Kinetic             LocalECP            NonLocalECP         ElecElec            IonIon              BlockWeight         BlockCPU            AcceptRatio         
         0   -1.0459896575e+01    1.0980652382e+02   -2.1986418743e+01    1.1526522168e+01   -7.2167804259e+00    6.3520431019e-01   -2.6291751867e+00   -1.2775667440e+01    5.1600000000e+02    2.0391238667e-02    5.3834786822e-01
         1   -1.0506163535e+01    1.1074457479e+02   -2.1967956159e+01    1.1461792623e+01   -7.1249493227e+00    5.4185999123e-01   -2.6091993870e+00   -1.2775667440e+01    5.1600000000e+02    2.1564783167e-02    5.3558624031e-01
         2   -1.0525339779e+01    1.1119680872e+02   -2.2084436984e+01    1.1559097205e+01   -7.1710462265e+00    5.5256545173e-01   -2.6902887691e+00   -1.2775667440e+01    5.1600000000e+02    2.1588949583e-02    5.3747577519e-01
         3   -1.0491403400e+01    1.1048211385e+02   -2.2299547571e+01    1.1808144171e+01   -7.4791869702e+00    5.7082315811e-01   -2.6155163182e+00   -1.2775667440e+01    5.1600000000e+02    2.1485433250e-02    5.3699127907e-01
         4   -1.0446856355e+01    1.0959516672e+02   -2.2298007488e+01    1.1851151133e+01   -7.5406933142e+00    5.3839806593e-01   -2.5200447996e+00   -1.2775667440e+01    5.1600000000e+02    2.1921133750e-02    5.3665213178e-01
         5   -1.0507798464e+01    1.1078531410e+02   -2.2156641236e+01    1.1648842772e+01   -7.4431640122e+00    6.5925848836e-01   -2.5970682718e+00   -1.2775667440e+01    5.1600000000e+02    2.1588776250e-02    5.3817829457e-01
         6   -1.0506592975e+01    1.1073102698e+02   -2.2056206292e+01    1.1549613317e+01   -7.2249205746e+00    5.5294330406e-01   -2.6085615810e+00   -1.2775667440e+01    5.1600000000e+02    2.1660798333e-02    5.3810562016e-01
         7   -1.0483885084e+01    1.1031019334e+02   -2.2366671537e+01    1.1882786452e+01   -7.6580242753e+00    5.1658557927e-01   -2.4495654003e+00   -1.2775667440e+01    5.1600000000e+02    2.1708725667e-02    5.3703972868e-01
         8   -1.0488128599e+01    1.1038709870e+02   -2.2062290174e+01    1.1574161575e+01   -7.3798927706e+00    5.5326153440e-01   -2.4599914972e+00   -1.2775667440e+01    5.1600000000e+02    2.2243385417e-02    5.3687015504e-01
         9   -1.0524055122e+01    1.1115874821e+02   -2.1967436136e+01    1.1443381014e+01   -7.1632652734e+00    5.9686739366e-01   -2.6253708165e+00   -1.2775667440e+01    5.1600000000e+02    2.2230400917e-02    5.3888081395e-01
        10   -1.0511896214e+01    1.1094820973e+02   -2.1928925200e+01    1.1417028986e+01   -7.3310162505e+00    7.3214657732e-01   -2.5543880864e+00   -1.2775667440e+01    5.1600000000e+02    2.2126805917e-02    5.3774224806e-01
        11   -1.0437523721e+01    1.0929400600e+02   -2.1954223652e+01    1.1516699931e+01   -7.1663219261e+00    5.5238550890e-01   -2.5646197946e+00   -1.2775667440e+01    5.1600000000e+02    2.2087969083e-02    5.3919573643e-01
        12   -1.0475868110e+01    1.1010761132e+02   -2.2050164208e+01    1.1574296098e+01   -7.2001573302e+00    5.7300201968e-01   -2.6473414573e+00   -1.2775667440e+01    5.1600000000e+02    2.2169950167e-02    5.3817829457e-01
        13   -1.0500127777e+01    1.1060709002e+02   -2.1852245968e+01    1.1352118191e+01   -7.1424102065e+00    6.0932348610e-01   -2.5434918070e+00   -1.2775667440e+01    5.1600000000e+02    2.2131699167e-02    5.3677325581e-01
        14   -1.0489697651e+01    1.1040096055e+02   -2.1927487672e+01    1.1437790021e+01   -7.1797010541e+00    6.7289118490e-01   -2.6450103624e+00   -1.2775667440e+01    5.1600000000e+02    2.2486008667e-02    5.3447189922e-01
        15   -1.0479351965e+01    1.1015544844e+02   -2.1766836927e+01    1.1287484961e+01   -7.0393299124e+00    6.5619684280e-01   -2.6080364167e+00   -1.2775667440e+01    5.1600000000e+02    2.1668799667e-02    5.3592538760e-01
        16   -1.0521144974e+01    1.1108422172e+02   -2.1706433034e+01    1.1185288060e+01   -6.9083779411e+00    6.6180858878e-01   -2.6841962414e+00   -1.2775667440e+01    5.1600000000e+02    2.1996503500e-02    5.3779069767e-01
        17   -1.0513019428e+01    1.1126825772e+02   -2.1801796734e+01    1.1288777306e+01   -6.9812801714e+00    5.6553343082e-01   -2.6103825534e+00   -1.2775667440e+01    5.1600000000e+02    2.1998378667e-02    5.3737887597e-01
        18   -1.0439116757e+01    1.0937626985e+02   -2.2204311256e+01    1.1765194498e+01   -7.6549796238e+00    6.6847585221e-01   -2.4421400437e+00   -1.2775667440e+01    5.1600000000e+02    2.2113939417e-02    5.3670058140e-01
        19   -1.0500054864e+01    1.1057139347e+02   -2.1975692006e+01    1.1475637142e+01   -7.2760843130e+00    6.5759751377e-01   -2.5815377668e+00   -1.2775667440e+01    5.1600000000e+02    2.1914284500e-02    5.3863856589e-01
        20   -1.0439332758e+01    1.0939097205e+02   -2.1786905597e+01    1.1347572839e+01   -7.2447687897e+00    7.2882442056e-01   -2.4952937878e+00   -1.2775667440e+01    5.1600000000e+02    2.3133335083e-02    5.3934108527e-01
        21   -1.0479070715e+01    1.1013673943e+02   -2.1830811359e+01    1.1351740644e+01   -7.1687268211e+00    7.2380411370e-01   -2.6102212112e+00   -1.2775667440e+01    5.1600000000e+02    2.2117932333e-02    5.3689437984e-01
        22   -1.0496499934e+01    1.1060606005e+02   -2.1810745015e+01    1.1314245081e+01   -6.9572342270e+00    6.6644063550e-01   -2.7442839835e+00   -1.2775667440e+01    5.1600000000e+02    2.2072765833e-02    5.3907461240e-01
        23   -1.0479534705e+01    1.1020191467e+02   -2.2348694299e+01    1.1869159594e+01   -7.3413999173e+00    4.1127122902e-01   -2.6428981705e+00   -1.2775667440e+01    5.1600000000e+02    2.1909644750e-02    5.3972868217e-01
        24   -1.0496196063e+01    1.1053722124e+02   -2.1696189525e+01    1.1199993461e+01   -6.9570798546e+00    6.6294560928e-01   -2.6263878390e+00   -1.2775667440e+01    5.1600000000e+02    2.2130965417e-02    5.3783914729e-01
        25   -1.0490265722e+01    1.1043170893e+02   -2.1789959370e+01    1.1299693648e+01   -7.1375542844e+00    7.0398730167e-01   -2.5807249470e+00   -1.2775667440e+01    5.1600000000e+02    2.2237532250e-02    5.3204941860e-01
        26   -1.0461492757e+01    1.0977524247e+02   -2.2249932070e+01    1.1788439312e+01   -7.3337776468e+00    5.6023401966e-01   -2.7007210022e+00   -1.2775667440e+01    5.1600000000e+02    2.2049938417e-02    5.3527131783e-01
        27   -1.0469799147e+01    1.1008399654e+02   -2.1997485889e+01    1.1527686742e+01   -7.4445913771e+00    7.2131861615e-01   -2.4985456875e+00   -1.2775667440e+01    5.1600000000e+02    2.1979035750e-02    5.3597383721e-01
        28   -1.0472670333e+01    1.1004046926e+02   -2.1812784649e+01    1.1340114317e+01   -7.0024772527e+00    5.7229567858e-01   -2.6069356348e+00   -1.2775667440e+01    5.1600000000e+02    2.2085139333e-02    5.3895348837e-01
        29   -1.0498237178e+01    1.1053727702e+02   -2.1713322360e+01    1.1215085182e+01   -7.0590567634e+00    7.7160390348e-01   -2.6502020601e+00   -1.2775667440e+01    5.1600000000e+02    2.2400312250e-02    5.3580426357e-01
        30   -1.0465960835e+01    1.0988736967e+02   -2.1848262202e+01    1.1382301367e+01   -7.0999267351e+00    5.9950053036e-01   -2.5721685571e+00   -1.2775667440e+01    5.1600000000e+02    2.1885091750e-02    5.3435077519e-01
        31   -1.0453257570e+01    1.0966723225e+02   -2.1825084627e+01    1.1371827057e+01   -6.9516336857e+00    5.1095955708e-01   -2.6087430582e+00   -1.2775667440e+01    5.1600000000e+02    2.1959491667e-02    5.4081879845e-01
        32   -1.0512955943e+01    1.1095513731e+02   -2.2417588034e+01    1.1904632091e+01   -7.5574897158e+00    5.0233437673e-01   -2.5867652547e+00   -1.2775667440e+01    5.1600000000e+02    2.2139367833e-02    5.3594961240e-01
        33   -1.0473428492e+01    1.1007423890e+02   -2.2044819810e+01    1.1571391318e+01   -7.4670782155e+00    6.6343860568e-01   -2.4655127598e+00   -1.2775667440e+01    5.1600000000e+02    2.1911095167e-02    5.3924418605e-01
        34   -1.0454468156e+01    1.0968272289e+02   -2.1883258410e+01    1.1428790254e+01   -7.1914429750e+00    6.6839820967e-01   -2.5845462040e+00   -1.2775667440e+01    5.1600000000e+02    2.2216809833e-02    5.3355135659e-01
        35   -1.0496086661e+01    1.1053370332e+02   -2.2079344388e+01    1.1583257727e+01   -7.3122933599e+00    6.6843105110e-01   -2.6598146392e+00   -1.2775667440e+01    5.1600000000e+02    2.2016796333e-02    5.3459302326e-01
        36   -1.0467717428e+01    1.0989267700e+02   -2.2148568013e+01    1.1680850585e+01   -7.5550691046e+00    6.3689067714e-01   -2.4547221452e+00   -1.2775667440e+01    5.1600000000e+02    2.1817733667e-02    5.3834786822e-01
        37   -1.0516660355e+01    1.1092640936e+02   -2.1989324271e+01    1.1472663915e+01   -7.1189689208e+00    5.8944823258e-01   -2.6841361421e+00   -1.2775667440e+01    5.1600000000e+02    2.2111285417e-02    5.3764534884e-01
        38   -1.0483549156e+01    1.1031118248e+02   -2.1950900895e+01    1.1467351739e+01   -7.0979832760e+00    5.3977371561e-01   -2.6170238947e+00   -1.2775667440e+01    5.1600000000e+02    2.2084454583e-02    5.3202519380e-01
        39   -1.0528737824e+01    1.1151660857e+02   -2.1874566334e+01    1.1345828510e+01   -6.9966117733e+00    6.2712605043e-01   -2.7294131709e+00   -1.2775667440e+01    5.1600000000e+02    2.1756733750e-02    5.3364825581e-01
        40   -1.0438566735e+01    1.0936992406e+02   -2.2352570235e+01    1.1914003500e+01   -7.6228326557e+00    6.0621941983e-01   -2.5602895589e+00   -1.2775667440e+01    5.1600000000e+02    2.1974451417e-02    5.3326065891e-01
        41   -1.0497832648e+01    1.1053621380e+02   -2.1684478499e+01    1.1186645852e+01   -6.7058857156e+00    5.4220198594e-01   -2.7451273295e+00   -1.2775667440e+01    5.1600000000e+02    2.2160850083e-02    5.3456879845e-01
        42   -1.0490716118e+01    1.1053139451e+02   -2.1967852290e+01    1.1477136172e+01   -6.9719658401e+00    4.7662234685e-01   -2.6968413569e+00   -1.2775667440e+01    5.1600000000e+02    2.1830376000e-02    5.4077034884e-01
        43   -1.0495654515e+01    1.1055873742e+02   -2.1942083680e+01    1.1446429165e+01   -7.0138810463e+00    5.4999533682e-01   -2.7025305300e+00   -1.2775667440e+01    5.1600000000e+02    2.2153825250e-02    5.4001937984e-01
        44   -1.0466964248e+01    1.1004826567e+02   -2.1945515957e+01    1.1478551709e+01   -7.2866923915e+00    6.9379475636e-01   -2.5769508817e+00   -1.2775667440e+01    5.1600000000e+02    2.2200296500e-02    5.3854166667e-01
        45   -1.0500743538e+01    1.1060989567e+02   -2.2197520000e+01    1.1696776462e+01   -7.3241455413e+00    6.3181723558e-01   -2.7295242542e+00   -1.2775667440e+01    5.1600000000e+02    2.1693615083e-02    5.3796027132e-01
        46   -1.0460608252e+01    1.0979281753e+02   -2.1859506230e+01    1.1398897977e+01   -7.0464052849e+00    6.0403855129e-01   -2.6414720557e+00   -1.2775667440e+01    5.1600000000e+02    2.1766714750e-02    5.3955910853e-01
        47   -1.0502777907e+01    1.1071714627e+02   -2.1881691628e+01    1.1378913721e+01   -7.0827316911e+00    5.2947511870e-01   -2.5527676156e+00   -1.2775667440e+01    5.1600000000e+02    2.2161872167e-02    5.3999515504e-01
        48   -1.0481457228e+01    1.1033199894e+02   -2.1846620519e+01    1.1365163291e+01   -7.1682170048e+00    6.7434655192e-01   -2.5770826262e+00   -1.2775667440e+01    5.1600000000e+02    2.2047098417e-02    5.3621608527e-01
        49   -1.0452588910e+01    1.0961788129e+02   -2.2074029949e+01    1.1621441039e+01   -7.5161935287e+00    7.2959130598e-01   -2.5117602861e+00   -1.2775667440e+01    5.1600000000e+02    2.1962661917e-02    5.3524709302e-01
        50   -1.0482423830e+01    1.1036375073e+02   -2.2010019228e+01    1.1527595398e+01   -7.2372589429e+00    5.8693393713e-01   -2.5840267821e+00   -1.2775667440e+01    5.1600000000e+02    2.2596145667e-02    5.3672480620e-01
        51   -1.0485777742e+01    1.1036448065e+02   -2.2305462975e+01    1.1819685233e+01   -7.5613945631e+00    6.0377378837e-01   -2.5721747599e+00   -1.2775667440e+01    5.1600000000e+02    2.2212175583e-02    5.3997093023e-01
        52   -1.0474104081e+01    1.1005733558e+02   -2.2271797210e+01    1.1797693129e+01   -7.5443552565e+00    6.2266863610e-01   -2.5744431491e+00   -1.2775667440e+01    5.1600000000e+02    2.2539621333e-02    5.3713662791e-01
        53   -1.0472923586e+01    1.1014823277e+02   -2.2653629246e+01    1.2180705660e+01   -7.7988093681e+00    6.0573905144e-01   -2.6848914891e+00   -1.2775667440e+01    5.1600000000e+02    2.2157251417e-02    5.3541666667e-01
        54   -1.0502768818e+01    1.1074227719e+02   -2.2032420881e+01    1.1529652062e+01   -7.4617094069e+00    7.9660953463e-01   -2.5916535681e+00   -1.2775667440e+01    5.1600000000e+02    2.2254659667e-02    5.3905038760e-01
        55   -1.0482960897e+01    1.1026127110e+02   -2.2149154194e+01    1.1666193296e+01   -7.5323664131e+00    7.1970868512e-01   -2.5608290253e+00   -1.2775667440e+01    5.1600000000e+02    2.2697657833e-02    5.3488372093e-01
        56   -1.0502050765e+01    1.1069175562e+02   -2.2086062189e+01    1.1584011423e+01   -7.3457859687e+00    6.6879256309e-01   -2.6334013428e+00   -1.2775667440e+01    5.1600000000e+02    2.2190727917e-02    5.3730620155e-01
        57   -1.0436331570e+01    1.0929725127e+02   -2.2010324604e+01    1.1573993034e+01   -7.1329462061e+00    4.5900289468e-01   -2.5607138525e+00   -1.2775667440e+01    5.1600000000e+02    2.2208627417e-02    5.3309108527e-01
        58   -1.0536793158e+01    1.1134322848e+02   -2.2002057564e+01    1.1465264406e+01   -7.0421034547e+00    5.7321132046e-01   -2.7574979891e+00   -1.2775667440e+01    5.1600000000e+02    2.2057237167e-02    5.4130329457e-01
        59   -1.0518653424e+01    1.1100615635e+02   -2.2073072245e+01    1.1554418821e+01   -7.4033173131e+00    7.5550928555e-01   -2.6495967772e+00   -1.2775667440e+01    5.1600000000e+02    2.1920536583e-02    5.4152131783e-01
        60   -1.0521969299e+01    1.1112777639e+02   -2.1824356236e+01    1.1302386937e+01   -7.0554575753e+00    6.7768996780e-01   -2.6709211884e+00   -1.2775667440e+01    5.1600000000e+02    2.1797550667e-02    5.3565891473e-01
        61   -1.0461090064e+01    1.0980111603e+02   -2.2047925835e+01    1.1586835771e+01   -6.9849260725e+00    3.5411080166e-01   -2.6414431243e+00   -1.2775667440e+01    5.1600000000e+02    2.1643404667e-02    5.3638565891e-01
        62   -1.0488369338e+01    1.1040883017e+02   -2.2234561140e+01    1.1746191802e+01   -7.4048399232e+00    5.8703976209e-01   -2.6410935382e+00   -1.2775667440e+01    5.1600000000e+02    2.1987400500e-02    5.3977713178e-01
        63   -1.0481737765e+01    1.1024178564e+02   -2.2076435621e+01    1.1594697856e+01   -7.2965449209e+00    6.5413273183e-01   -2.6583559916e+00   -1.2775667440e+01    5.1600000000e+02    2.1951041250e-02    5.3948643411e-01
        64   -1.0482259692e+01    1.1021645104e+02   -2.1970417899e+01    1.1488158206e+01   -7.1514073719e+00    6.8703724199e-01   -2.7303803284e+00   -1.2775667440e+01    5.1600000000e+02    2.2350403083e-02    5.3958333333e-01
        65   -1.0471160090e+01    1.0999270677e+02   -2.1684095722e+01    1.1212935632e+01   -7.0371444274e+00    7.1195156042e-01   -2.5832354148e+00   -1.2775667440e+01    5.1600000000e+02    2.1838389500e-02    5.3485949612e-01
        66   -1.0485145020e+01    1.1026305235e+02   -2.1976029357e+01    1.1490884337e+01   -7.0030024018e+00    5.4293049211e-01   -2.7402900069e+00   -1.2775667440e+01    5.1600000000e+02    2.1897384083e-02    5.4031007752e-01
        67   -1.0481535846e+01    1.1024013832e+02   -2.2098939727e+01    1.1617403881e+01   -7.2667678719e+00    5.0525096538e-01   -2.5617553801e+00   -1.2775667440e+01    5.1600000000e+02    2.1937429417e-02    5.3687015504e-01
        68   -1.0467530833e+01    1.0991948539e+02   -2.1783470936e+01    1.1315940102e+01   -6.8555331182e+00    5.0612299811e-01   -2.6583933753e+00   -1.2775667440e+01    5.1600000000e+02    2.1930636083e-02    5.4014050388e-01
        69   -1.0486700377e+01    1.1044060521e+02   -2.2288798249e+01    1.1802097872e+01   -7.7559659922e+00    6.9732116757e-01   -2.4544859841e+00   -1.2775667440e+01    5.1600000000e+02    2.2058816750e-02    5.3759689922e-01
        70   -1.0485425368e+01    1.1028506427e+02   -2.1739492294e+01    1.1254066927e+01   -6.9499276208e+00    6.1002754357e-01   -2.6239247769e+00   -1.2775667440e+01    5.1600000000e+02    2.1852693750e-02    5.4222383721e-01
        71   -1.0539546347e+01    1.1145551414e+02   -2.2356564175e+01    1.1817017827e+01   -7.7788637096e+00    7.4190895197e-01   -2.5439419768e+00   -1.2775667440e+01    5.1600000000e+02    2.2194439000e-02    5.4069767442e-01
        72   -1.0480332366e+01    1.1027920957e+02   -2.1953881632e+01    1.1473549266e+01   -7.1379335699e+00    6.7659043568e-01   -2.7168710574e+00   -1.2775667440e+01    5.1600000000e+02    2.1833679167e-02    5.3539244186e-01
        73   -1.0484964528e+01    1.1032183149e+02   -2.1875995071e+01    1.1391030543e+01   -7.0801841554e+00    6.1543548843e-01   -2.6355789634e+00   -1.2775667440e+01    5.1600000000e+02    2.1994421167e-02    5.3965600775e-01
        74   -1.0507340769e+01    1.1073234981e+02   -2.1652073171e+01    1.1144732402e+01   -6.7747348686e+00    5.5876916777e-01   -2.6604400304e+00   -1.2775667440e+01    5.1600000000e+02    2.2309100500e-02    5.3616763566e-01
        75   -1.0476551220e+01    1.1015055453e+02   -2.2061101145e+01    1.1584549924e+01   -7.1521482761e+00    5.4037416037e-01   -2.6736595886e+00   -1.2775667440e+01    5.1600000000e+02    2.1968916833e-02    5.3643410853e-01
        76   -1.0472882715e+01    1.1003004763e+02   -2.1717585889e+01    1.1244703175e+01   -6.9706048977e+00    5.7426839486e-01   -2.5455819461e+00   -1.2775667440e+01    5.1600000000e+02    2.1954101500e-02    5.4205426357e-01
        77   -1.0491893491e+01    1.1047211632e+02   -2.2046297133e+01    1.1554403642e+01   -7.3407924646e+00    6.4370461793e-01   -2.5735418463e+00   -1.2775667440e+01    5.1600000000e+02    2.2038945417e-02    5.3660368217e-01
        78   -1.0479026160e+01    1.1020417267e+02   -2.1876772972e+01    1.1397746812e+01   -7.1433399295e+00    6.4895095790e-01   -2.6067165598e+00   -1.2775667440e+01    5.1600000000e+02    2.2151525917e-02    5.3917151163e-01
        79   -1.0507943179e+01    1.1109582664e+02   -2.2126188129e+01    1.1618244950e+01   -7.5506178090e+00    7.8690073971e-01   -2.5868036194e+00   -1.2775667440e+01    5.1600000000e+02    2.2127127333e-02    5.3946220930e-01
        80   -1.0489792377e+01    1.1035741827e+02   -2.1781330905e+01    1.1291538527e+01   -6.8660691195e+00    5.0371149667e-01   -2.6433058414e+00   -1.2775667440e+01    5.1600000000e+02    2.2006572833e-02    5.4229651163e-01
        81   -1.0426583736e+01    1.0907102030e+02   -2.1947393843e+01    1.1520810106e+01   -7.2923412082e+00    6.9593368683e-01   -2.5753188809e+00   -1.2775667440e+01    5.1600000000e+02    2.2341652250e-02    5.4021317829e-01
        82   -1.0418901543e+01    1.0900727308e+02   -2.2022906614e+01    1.1604005071e+01   -7.2257091115e+00    5.0207728296e-01   -2.5236073456e+00   -1.2775667440e+01    5.1600000000e+02    2.2073772667e-02    5.3890503876e-01
        83   -1.0484303488e+01    1.1029398499e+02   -2.2163628796e+01    1.1679325308e+01   -7.3843400063e+00    5.8799319181e-01   -2.5916145409e+00   -1.2775667440e+01    5.1600000000e+02    2.2318238667e-02    5.3515019380e-01
        84   -1.0448221950e+01    1.0948769364e+02   -2.1789654665e+01    1.1341432715e+01   -6.8609778618e+00    4.0361061564e-01   -2.5566199786e+00   -1.2775667440e+01    5.1600000000e+02    2.2078616667e-02    5.3718507752e-01
        85   -1.0521554924e+01    1.1118729886e+02   -2.2203943342e+01    1.1682388418e+01   -7.4262377062e+00    6.4850941614e-01   -2.6505476117e+00   -1.2775667440e+01    5.1600000000e+02    2.2158487000e-02    5.3478682171e-01
        86   -1.0516677266e+01    1.1110407087e+02   -2.1854290487e+01    1.1337613221e+01   -7.2322288229e+00    7.1127152166e-01   -2.5576657453e+00   -1.2775667440e+01    5.1600000000e+02    2.2220516333e-02    5.3575581395e-01
        87   -1.0466622829e+01    1.0990455478e+02   -2.2256921426e+01    1.1790298597e+01   -7.3748903440e+00    4.8950376651e-01   -2.5958674084e+00   -1.2775667440e+01    5.1600000000e+02    2.3694639250e-02    5.3762112403e-01
        88   -1.0472982951e+01    1.0996731065e+02   -2.1898419732e+01    1.1425436780e+01   -7.1869539813e+00    6.9436339313e-01   -2.6301617035e+00   -1.2775667440e+01    5.1600000000e+02    2.5675127167e-02    5.3849321705e-01
        89   -1.0488357308e+01    1.1035414253e+02   -2.2256172121e+01    1.1767814813e+01   -7.6595098888e+00    7.0742100999e-01   -2.5284158022e+00   -1.2775667440e+01    5.1600000000e+02    2.2322581833e-02    5.3422965116e-01
        90   -1.0467733350e+01    1.0994885957e+02   -2.2324449245e+01    1.1856715895e+01   -7.7458217330e+00    7.5116368984e-01   -2.5541237612e+00   -1.2775667440e+01    5.1600000000e+02    2.2178163917e-02    5.3449612403e-01
        91   -1.0493508316e+01    1.1061981024e+02   -2.2034943801e+01    1.1541435485e+01   -7.1091207240e+00    5.6722855940e-01   -2.7173841961e+00   -1.2775667440e+01    5.1600000000e+02    2.1767727167e-02    5.3984980620e-01
        92   -1.0456824265e+01    1.0972714542e+02   -2.2289647188e+01    1.1832822923e+01   -7.5885351146e+00    6.0721959235e-01   -2.5326642252e+00   -1.2775667440e+01    5.1600000000e+02    2.2124103083e-02    5.3982558140e-01
        93   -1.0481709250e+01    1.1036399101e+02   -2.2287130377e+01    1.1805421127e+01   -7.5089564549e+00    6.5272480987e-01   -2.6552312922e+00   -1.2775667440e+01    5.1600000000e+02    2.2131773917e-02    5.3657945736e-01
        94   -1.0473875721e+01    1.1012667008e+02   -2.1661189097e+01    1.1187313376e+01   -6.8258482033e+00    6.6029047250e-01   -2.7199639259e+00   -1.2775667440e+01    5.1600000000e+02    2.1717194083e-02    5.3812984496e-01
        95   -1.0439471626e+01    1.0939707170e+02   -2.2225213372e+01    1.1785741746e+01   -7.3776929948e+00    5.0424904552e-01   -2.5761019829e+00   -1.2775667440e+01    5.1600000000e+02    2.2249714333e-02    5.3604651163e-01
        96   -1.0518012777e+01    1.1097386283e+02   -2.2061762608e+01    1.1543749831e+01   -7.2412290611e+00    6.0267203397e-01   -2.6475381407e+00   -1.2775667440e+01    5.1600000000e+02    2.2136140000e-02    5.4193313953e-01
        97   -1.0518754252e+01    1.1101191450e+02   -2.2189212441e+01    1.1670458188e+01   -7.4238548718e+00    6.3095146468e-01   -2.6206415932e+00   -1.2775667440e+01    5.1600000000e+02    2.2223870167e-02    5.3774224806e-01
        98   -1.0531544365e+01    1.1130201170e+02   -2.1986567810e+01    1.1455023446e+01   -7.3215213680e+00    7.2962954766e-01   -2.6190085498e+00   -1.2775667440e+01    5.1600000000e+02    2.2048770417e-02    5.3846899225e-01
        99   -1.0501943419e+01    1.1065500092e+02   -2.2061025574e+01    1.1559082156e+01   -7.4236994889e+00    6.9058116339e-01   -2.5522398085e+00   -1.2775667440e+01    5.1600000000e+02    2.2356572333e-02    5.3810562016e-01
