#   index    LocalEnergy         LocalEnergy_sq      LocalPotential      Kinetic             LocalECP            NonLocalECP         ElecElec            IonIon              BlockWeight         BlockCPU            AcceptRatio         
         0   -1.0593114857e+01    1.1257694991e+02   -2.2289121428e+01    1.1696006571e+01   -7.5916331241e+00    6.8722457939e-01   -2.6090454428e+00   -1.2775667440e+01    2.6400000000e+02    2.1380132000e-02    5.3802083333e-01
         1   -1.0561001408e+01    1.1187863172e+02   -2.2375509346e+01    1.1814507939e+01   -7.3676539511e+00    4.3555263987e-01   -2.6677405949e+00   -1.2775667440e+01    2.6400000000e+02    2.1080899000e-02    5.3394886364e-01
         2   -1.0462976699e+01    1.0985177461e+02   -2.1656314030e+01    1.1193337331e+01   -7.0443170350e+00    7.3600800551e-01   -2.5723375600e+00   -1.2775667440e+01    2.6400000000e+02    2.1219599000e-02    5.4337121212e-01
         3   -1.0561841008e+01    1.1195976033e+02   -2.2248183370e+01    1.1686342362e+01   -7.4274813932e+00    6.5734567468e-01   -2.7023802110e+00   -1.2775667440e+01    2.6400000000e+02    2.1099331000e-02    5.3446969697e-01
         4   -1.0494635938e+01    1.1048729920e+02   -2.1412478879e+01    1.0917842941e+01   -6.7164335056e+00    5.3321041443e-01   -2.4535883472e+00   -1.2775667440e+01    2.6400000000e+02    2.1399542000e-02    5.4057765152e-01
         5   -1.0466745755e+01    1.0989425237e+02   -2.2008674210e+01    1.1541928455e+01   -7.1571491816e+00    5.5582888877e-01   -2.6316864770e+00   -1.2775667440e+01    2.6400000000e+02    2.1116581000e-02    5.3778409091e-01
         6   -1.0525612260e+01    1.1118725069e+02   -2.2147939103e+01    1.1622326843e+01   -7.4926419529e+00    7.6150116233e-01   -2.6411308724e+00   -1.2775667440e+01    2.6400000000e+02    2.1289689000e-02    5.4223484848e-01
         7   -1.0470087523e+01    1.0993710318e+02   -2.1912777717e+01    1.1442690195e+01   -7.2429748774e+00    5.8126226357e-01   -2.4753976632e+00   -1.2775667440e+01    2.6400000000e+02    2.1178323000e-02    5.4218750000e-01
         8   -1.0470195305e+01    1.1003031429e+02   -2.2317701291e+01    1.1847505986e+01   -7.4412524910e+00    4.9729618724e-01   -2.5980775473e+00   -1.2775667440e+01    2.6400000000e+02    2.1353184000e-02    5.3849431818e-01
         9   -1.0423209947e+01    1.0903821229e+02   -2.2351558973e+01    1.1928349026e+01   -7.4899679104e+00    5.2455188064e-01   -2.6104755029e+00   -1.2775667440e+01    2.6400000000e+02    2.1328796000e-02    5.3603219697e-01
        10   -1.0485283578e+01    1.1030715441e+02   -2.2064287390e+01    1.1579003812e+01   -7.1273183807e+00    5.2254831117e-01   -2.6838498806e+00   -1.2775667440e+01    2.6400000000e+02    2.1286422000e-02    5.4498106061e-01
        11   -1.0457286003e+01    1.0979170497e+02   -2.1766757579e+01    1.1309471576e+01   -6.8614788571e+00    5.5169870439e-01   -2.6813099862e+00   -1.2775667440e+01    2.6400000000e+02    2.1259017000e-02    5.4109848485e-01
        12   -1.0469127720e+01    1.0992166427e+02   -2.2301375475e+01    1.1832247755e+01   -7.6300080213e+00    6.7581015849e-01   -2.5715101716e+00   -1.2775667440e+01    2.6400000000e+02    2.1235248000e-02    5.4109848485e-01
        13   -1.0554250112e+01    1.1169341893e+02   -2.2045985675e+01    1.1491735563e+01   -7.0313146274e+00    5.0131877693e-01   -2.7403223845e+00   -1.2775667440e+01    2.6400000000e+02    2.1165847000e-02    5.3693181818e-01
        14   -1.0427228319e+01    1.0928355660e+02   -2.2605193407e+01    1.2177965088e+01   -8.1115312594e+00    8.1015243715e-01   -2.5281471446e+00   -1.2775667440e+01    2.6400000000e+02    2.1312645000e-02    5.3811553030e-01
        15   -1.0413365476e+01    1.0885654671e+02   -2.1702730524e+01    1.1289365048e+01   -6.9078674313e+00    5.9432406643e-01   -2.6135197191e+00   -1.2775667440e+01    2.6400000000e+02    2.1074795000e-02    5.2987689394e-01
        16   -1.0531772270e+01    1.1131610436e+02   -2.1783193931e+01    1.1251421661e+01   -6.9288100863e+00    5.8025524036e-01   -2.6589716447e+00   -1.2775667440e+01    2.6400000000e+02    2.1238082000e-02    5.3631628788e-01
        17   -1.0491371715e+01    1.1051854750e+02   -2.2226175804e+01    1.1734804089e+01   -7.4017260959e+00    6.5269479603e-01   -2.7014770638e+00   -1.2775667440e+01    2.6400000000e+02    2.1447810000e-02    5.4725378788e-01
        18   -1.0488370557e+01    1.1032041117e+02   -2.2224526194e+01    1.1736155637e+01   -7.4456040753e+00    5.8715104066e-01   -2.5904057195e+00   -1.2775667440e+01    2.6400000000e+02    2.1529976000e-02    5.4128787879e-01
        19   -1.0515990022e+01    1.1085049128e+02   -2.2034159806e+01    1.1518169785e+01   -6.9360687241e+00    4.8863446866e-01   -2.8110581108e+00   -1.2775667440e+01    2.6400000000e+02    2.1391200000e-02    5.3783143939e-01
        20   -1.0440116463e+01    1.0935662507e+02   -2.2242917715e+01    1.1802801253e+01   -7.3963920913e+00    5.2011705860e-01   -2.5909752424e+00   -1.2775667440e+01    2.6400000000e+02    2.1240415000e-02    5.3570075758e-01
        21   -1.0422424281e+01    1.0897425072e+02   -2.1773336694e+01    1.1350912413e+01   -7.1107961266e+00    6.6163082847e-01   -2.5485039556e+00   -1.2775667440e+01    2.6400000000e+02    2.1331659000e-02    5.3072916667e-01
        22   -1.0561332774e+01    1.1214280382e+02   -2.1515004221e+01    1.0953671447e+01   -7.3364822557e+00    1.1763787064e+00   -2.5792332315e+00   -1.2775667440e+01    2.6400000000e+02    2.1475885000e-02    5.3394886364e-01
        23   -1.0483506809e+01    1.1035014938e+02   -2.2082362070e+01    1.1598855261e+01   -7.2266347937e+00    6.2279270841e-01   -2.7028525444e+00   -1.2775667440e+01    2.6400000000e+02    2.1294677000e-02    5.4777462121e-01
        24   -1.0424874549e+01    1.0904783904e+02   -2.1778209406e+01    1.1353334856e+01   -7.0717111609e+00    6.3468373266e-01   -2.5655145371e+00   -1.2775667440e+01    2.6400000000e+02    2.1622399000e-02    5.3181818182e-01
        25   -1.0509714823e+01    1.1075191638e+02   -2.1973004449e+01    1.1463289625e+01   -7.2434230071e+00    7.1804904103e-01   -2.6719630425e+00   -1.2775667440e+01    2.6400000000e+02    2.1253117000e-02    5.4142992424e-01
        26   -1.0452406596e+01    1.0962519305e+02   -2.1941311964e+01    1.1488905368e+01   -7.1147574928e+00    5.6858184543e-01   -2.6194688761e+00   -1.2775667440e+01    2.6400000000e+02    2.1379540000e-02    5.4294507576e-01
        27   -1.0515820145e+01    1.1088633269e+02   -2.1643911605e+01    1.1128091460e+01   -6.8569290103e+00    6.1430629424e-01   -2.6256214484e+00   -1.2775667440e+01    2.6400000000e+02    2.1385219000e-02    5.3702651515e-01
        28   -1.0445610269e+01    1.0950823599e+02   -2.2267205168e+01    1.1821594899e+01   -7.5578352066e+00    6.7057668054e-01   -2.6042792022e+00   -1.2775667440e+01    2.6400000000e+02    2.1199652000e-02    5.3186553030e-01
        29   -1.0482358244e+01    1.1023052692e+02   -2.1959573108e+01    1.1477214864e+01   -7.0141935356e+00    4.8946904536e-01   -2.6591811778e+00   -1.2775667440e+01    2.6400000000e+02    2.1298695000e-02    5.4218750000e-01
        30   -1.0482460465e+01    1.1030545934e+02   -2.2495500659e+01    1.2013040194e+01   -7.8010002325e+00    6.9675082018e-01   -2.6155838063e+00   -1.2775667440e+01    2.6400000000e+02    2.1340715000e-02    5.3768939394e-01
        31   -1.0466068062e+01    1.0986003483e+02   -2.2626496848e+01    1.2160428786e+01   -7.7258441479e+00    6.0400731896e-01   -2.7289925791e+00   -1.2775667440e+01    2.6400000000e+02    2.1329158000e-02    5.3541666667e-01
        32   -1.0522857384e+01    1.1102954188e+02   -2.1910769499e+01    1.1387912115e+01   -7.0867889903e+00    7.6536525706e-01   -2.8136783260e+00   -1.2775667440e+01    2.6400000000e+02    2.1279408000e-02    5.3087121212e-01
        33   -1.0559436218e+01    1.1181303958e+02   -2.1988051883e+01    1.1428615665e+01   -7.2221129430e+00    7.5879022058e-01   -2.7490617199e+00   -1.2775667440e+01    2.6400000000e+02    2.1323692000e-02    5.3849431818e-01
        34   -1.0496486688e+01    1.1051575021e+02   -2.2103105420e+01    1.1606618733e+01   -7.2499962741e+00    5.6104370435e-01   -2.6384854103e+00   -1.2775667440e+01    2.6400000000e+02    2.1429225000e-02    5.3773674242e-01
        35   -1.0515475092e+01    1.1088748299e+02   -2.2339090413e+01    1.1823615321e+01   -7.5208160765e+00    7.1621697526e-01   -2.7588238714e+00   -1.2775667440e+01    2.6400000000e+02    2.1218611000e-02    5.3906250000e-01
        36   -1.0573184165e+01    1.1215605220e+02   -2.1859135332e+01    1.1285951167e+01   -7.0286341212e+00    5.8772469185e-01   -2.6425584624e+00   -1.2775667440e+01    2.6400000000e+02    2.1239185000e-02    5.3892045455e-01
        37   -1.0465784793e+01    1.0987837497e+02   -2.1899708921e+01    1.1433924128e+01   -7.1781483610e+00    6.3322981149e-01   -2.5791229314e+00   -1.2775667440e+01    2.6400000000e+02    2.1488852000e-02    5.3863636364e-01
        38   -1.0474861051e+01    1.1007090245e+02   -2.1705419554e+01    1.1230558503e+01   -6.8245798284e+00    3.6048971183e-01   -2.4656619969e+00   -1.2775667440e+01    2.6400000000e+02    2.1751574000e-02    5.3233901515e-01
        39   -1.0466912224e+01    1.0993598190e+02   -2.2335821330e+01    1.1868909106e+01   -7.4210210286e+00    6.1044681980e-01   -2.7495796811e+00   -1.2775667440e+01    2.6400000000e+02    2.2925496000e-02    5.3390151515e-01
        40   -1.0455843672e+01    1.0977085258e+02   -2.1707228322e+01    1.1251384650e+01   -7.0363807814e+00    6.6282864665e-01   -2.5580087472e+00   -1.2775667440e+01    2.6400000000e+02    2.2010519000e-02    5.3693181818e-01
        41   -1.0465578674e+01    1.0987991644e+02   -2.1908946618e+01    1.1443367944e+01   -6.9371439783e+00    5.3935938590e-01   -2.7354945851e+00   -1.2775667440e+01    2.6400000000e+02    2.1947044000e-02    5.2992424242e-01
        42   -1.0493363379e+01    1.1045047541e+02   -2.1523921898e+01    1.1030558519e+01   -6.5268753871e+00    4.5133493151e-01   -2.6727140023e+00   -1.2775667440e+01    2.6400000000e+02    2.1723166000e-02    5.3546401515e-01
        43   -1.0485895899e+01    1.1034143178e+02   -2.2279220868e+01    1.1793324969e+01   -7.4895269021e+00    5.4397454669e-01   -2.5580010728e+00   -1.2775667440e+01    2.6400000000e+02    2.1952746000e-02    5.3304924242e-01
        44   -1.0497970410e+01    1.1052631187e+02   -2.1875684057e+01    1.1377713647e+01   -6.9838497026e+00    5.1943138834e-01   -2.6355983023e+00   -1.2775667440e+01    2.6400000000e+02    2.2274211000e-02    5.2755681818e-01
        45   -1.0443163483e+01    1.0939685463e+02   -2.1872585177e+01    1.1429421694e+01   -7.2787647904e+00    6.4434549696e-01   -2.4624984432e+00   -1.2775667440e+01    2.6400000000e+02    2.1987320000e-02    5.3953598485e-01
        46   -1.0469537335e+01    1.0999851659e+02   -2.1928539371e+01    1.1459002035e+01   -7.1644472599e+00    6.3211598168e-01   -2.6205406522e+00   -1.2775667440e+01    2.6400000000e+02    2.1235081000e-02    5.4038825758e-01
        47   -1.0417301909e+01    1.0887746485e+02   -2.2004740356e+01    1.1587438448e+01   -7.3423387274e+00    6.6801152143e-01   -2.5547457103e+00   -1.2775667440e+01    2.6400000000e+02    2.1363115000e-02    5.3574810606e-01
        48   -1.0503943804e+01    1.1068490829e+02   -2.2250764935e+01    1.1746821131e+01   -7.3562832669e+00    6.1128123639e-01   -2.7300954643e+00   -1.2775667440e+01    2.6400000000e+02    2.1422091000e-02    5.3693181818e-01
        49   -1.0506452812e+01    1.1071672561e+02   -2.2344614781e+01    1.1838161968e+01   -7.3326485144e+00    4.6416465541e-01   -2.7004634814e+00   -1.2775667440e+01    2.6400000000e+02    2.1237157000e-02    5.3617424242e-01
        50   -1.0530954399e+01    1.1129568656e+02   -2.1962858453e+01    1.1431904054e+01   -7.2421111743e+00    7.3317903176e-01   -2.6782588700e+00   -1.2775667440e+01    2.6400000000e+02    2.1222220000e-02    5.4090909091e-01
        51   -1.0446927867e+01    1.0956906257e+02   -2.2320857988e+01    1.1873930121e+01   -7.7341120248e+00    7.0512446431e-01   -2.5162029876e+00   -1.2775667440e+01    2.6400000000e+02    2.1386078000e-02    5.3541666667e-01
        52   -1.0515035064e+01    1.1088159513e+02   -2.2098995860e+01    1.1583960797e+01   -7.1462469956e+00    4.7080613277e-01   -2.6478875572e+00   -1.2775667440e+01    2.6400000000e+02    2.1329313000e-02    5.3641098485e-01
        53   -1.0402157814e+01    1.0859959052e+02   -2.1758610834e+01    1.1356453020e+01   -6.8923755483e+00    6.0748570103e-01   -2.6980535464e+00   -1.2775667440e+01    2.6400000000e+02    2.1319915000e-02    5.3432765152e-01
        54   -1.0477832198e+01    1.1019170716e+02   -2.2430509443e+01    1.1952677245e+01   -7.7364141110e+00    6.4086571741e-01   -2.5592936090e+00   -1.2775667440e+01    2.6400000000e+02    2.1202259000e-02    5.4237689394e-01
        55   -1.0568838382e+01    1.1207669666e+02   -2.2092417760e+01    1.1523579378e+01   -7.0390551582e+00    5.3232415302e-01   -2.8100193144e+00   -1.2775667440e+01    2.6400000000e+02    2.1282080000e-02    5.3357007576e-01
        56   -1.0399714027e+01    1.0863873782e+02   -2.2246184313e+01    1.1846470286e+01   -7.5127348917e+00    5.5953979067e-01   -2.5173217721e+00   -1.2775667440e+01    2.6400000000e+02    2.1143927000e-02    5.3409090909e-01
        57   -1.0510514864e+01    1.1084711580e+02   -2.2024659629e+01    1.1514144764e+01   -7.2530062798e+00    5.6617553676e-01   -2.5621614455e+00   -1.2775667440e+01    2.6400000000e+02    2.2599547000e-02    5.4019886364e-01
        58   -1.0528544064e+01    1.1118018210e+02   -2.1995967830e+01    1.1467423765e+01   -7.2163920777e+00    6.7803042424e-01   -2.6819387360e+00   -1.2775667440e+01    2.6400000000e+02    2.1537794000e-02    5.4128787879e-01
        59   -1.0455706053e+01    1.0965549010e+02   -2.1672043440e+01    1.1216337388e+01   -6.7563152926e+00    5.1103046087e-01   -2.6510911684e+00   -1.2775667440e+01    2.6400000000e+02    2.1339746000e-02    5.3896780303e-01
        60   -1.0459670713e+01    1.0979490237e+02   -2.2060854231e+01    1.1601183517e+01   -7.3418915205e+00    6.6341221028e-01   -2.6067074801e+00   -1.2775667440e+01    2.6400000000e+02    2.1237223000e-02    5.3106060606e-01
        61   -1.0539526386e+01    1.1156988975e+02   -2.2183837377e+01    1.1644310991e+01   -7.2246250619e+00    5.2494046768e-01   -2.7084853431e+00   -1.2775667440e+01    2.6400000000e+02    2.1240792000e-02    5.3854166667e-01
        62   -1.0493097043e+01    1.1051450579e+02   -2.1979736732e+01    1.1486639690e+01   -7.2166993334e+00    6.9018384964e-01   -2.6775538084e+00   -1.2775667440e+01    2.6400000000e+02    2.1341387000e-02    5.3418560606e-01
        63   -1.0515557704e+01    1.1085037227e+02   -2.1728825458e+01    1.1213267754e+01   -6.7905809813e+00    6.1395277084e-01   -2.7765298076e+00   -1.2775667440e+01    2.6400000000e+02    2.1253922000e-02    5.3726325758e-01
        64   -1.0503791947e+01    1.1066009808e+02   -2.1743913980e+01    1.1240122033e+01   -6.9489107723e+00    6.3345657042e-01   -2.6527923379e+00   -1.2775667440e+01    2.6400000000e+02    2.1295542000e-02    5.3996212121e-01
        65   -1.0496045859e+01    1.1048835963e+02   -2.2320258419e+01    1.1824212560e+01   -7.5197124996e+00    6.7498230325e-01   -2.6998607829e+00   -1.2775667440e+01    2.6400000000e+02    2.1322468000e-02    5.3470643939e-01
        66   -1.0534375198e+01    1.1132371550e+02   -2.2224633042e+01    1.1690257844e+01   -7.5090425743e+00    6.7177038581e-01   -2.6116934135e+00   -1.2775667440e+01    2.6400000000e+02    2.1308829000e-02    5.3574810606e-01
        67   -1.0431318586e+01    1.0918013099e+02   -2.2018753242e+01    1.1587434656e+01   -7.3821546123e+00    6.7808747068e-01   -2.5390186606e+00   -1.2775667440e+01    2.6400000000e+02    2.1304198000e-02    5.3276515152e-01
        68   -1.0512428304e+01    1.1080634308e+02   -2.2182617908e+01    1.1670189604e+01   -7.4003628905e+00    6.2346659031e-01   -2.6300541678e+00   -1.2775667440e+01    2.6400000000e+02    2.1296233000e-02    5.3243371212e-01
        69   -1.0411942957e+01    1.0868329074e+02   -2.1734049827e+01    1.1322106869e+01   -6.7450833517e+00    4.8280654578e-01   -2.6961055806e+00   -1.2775667440e+01    2.6400000000e+02    2.1317089000e-02    5.4076704545e-01
        70   -1.0457396260e+01    1.0979109982e+02   -2.2202551108e+01    1.1745154848e+01   -7.7918565424e+00    9.1590660747e-01   -2.5509337331e+00   -1.2775667440e+01    2.6400000000e+02    2.1677026000e-02    5.3958333333e-01
        71   -1.0458014349e+01    1.0969301902e+02   -2.1822676590e+01    1.1364662241e+01   -6.9141538235e+00    5.6702421436e-01   -2.6998795404e+00   -1.2775667440e+01    2.6400000000e+02    2.1483284000e-02    5.3229166667e-01
        72   -1.0506771219e+01    1.1073019849e+02   -2.1845609497e+01    1.1338838278e+01   -6.7994855946e+00    4.0775835354e-01   -2.6782148152e+00   -1.2775667440e+01    2.6400000000e+02    2.1405484000e-02    5.4218750000e-01
        73   -1.0492973497e+01    1.1048137170e+02   -2.2918738896e+01    1.2425765399e+01   -8.0281837174e+00    5.7291742822e-01   -2.6878051665e+00   -1.2775667440e+01    2.6400000000e+02    2.1279527000e-02    5.3678977273e-01
        74   -1.0459405686e+01    1.0977624842e+02   -2.1544781475e+01    1.1085375789e+01   -6.8080046422e+00    6.6653347484e-01   -2.6276428673e+00   -1.2775667440e+01    2.6400000000e+02    2.1362289000e-02    5.4218750000e-01
        75   -1.0470255164e+01    1.0999638177e+02   -2.2364271216e+01    1.1894016052e+01   -7.4981915212e+00    6.0446557350e-01   -2.6948778283e+00   -1.2775667440e+01    2.6400000000e+02    2.1494479000e-02    5.3508522727e-01
        76   -1.0491785655e+01    1.1041398033e+02   -2.2343049027e+01    1.1851263372e+01   -7.4842446232e+00    5.8938111490e-01   -2.6725180782e+00   -1.2775667440e+01    2.6400000000e+02    2.1267712000e-02    5.3669507576e-01
        77   -1.0528409164e+01    1.1119459819e+02   -2.2156898110e+01    1.1628488947e+01   -7.1281570600e+00    4.6880447528e-01   -2.7218780855e+00   -1.2775667440e+01    2.6400000000e+02    2.1414380000e-02    5.3541666667e-01
        78   -1.0523323726e+01    1.1103337007e+02   -2.1851666284e+01    1.1328342557e+01   -7.1356104704e+00    6.6083164915e-01   -2.6012200220e+00   -1.2775667440e+01    2.6400000000e+02    2.1346023000e-02    5.3953598485e-01
        79   -1.0503387886e+01    1.1070717343e+02   -2.2185267885e+01    1.1681880000e+01   -7.3815069103e+00    7.3156604316e-01   -2.7596595778e+00   -1.2775667440e+01    2.6400000000e+02    2.1327246000e-02    5.3802083333e-01
        80   -1.0493132202e+01    1.1046541323e+02   -2.2242166020e+01    1.1749033818e+01   -7.3248481031e+00    4.8371249668e-01   -2.6253629730e+00   -1.2775667440e+01    2.6400000000e+02    2.1288965000e-02    5.3906250000e-01
        81   -1.0488759265e+01    1.1033871572e+02   -2.1950307746e+01    1.1461548481e+01   -7.3040272925e+00    6.8033019400e-01   -2.5509432076e+00   -1.2775667440e+01    2.6400000000e+02    2.1330893000e-02    5.3915719697e-01
        82   -1.0468600725e+01    1.0993675895e+02   -2.2118408440e+01    1.1649807715e+01   -7.3957366522e+00    6.7228554224e-01   -2.6192898900e+00   -1.2775667440e+01    2.6400000000e+02    2.1392975000e-02    5.3366477273e-01
        83   -1.0482493982e+01    1.1029266372e+02   -2.1856940846e+01    1.1374446864e+01   -6.9616282761e+00    6.5355967871e-01   -2.7732048086e+00   -1.2775667440e+01    2.6400000000e+02    2.1340750000e-02    5.4199810606e-01
        84   -1.0521024562e+01    1.1116725918e+02   -2.2243029937e+01    1.1722005376e+01   -7.6062493532e+00    7.1400486993e-01   -2.5751180139e+00   -1.2775667440e+01    2.6400000000e+02    2.1359940000e-02    5.3555871212e-01
        85   -1.0510853120e+01    1.1082710219e+02   -2.2263015181e+01    1.1752162061e+01   -7.4115180377e+00    5.6656147482e-01   -2.6423911780e+00   -1.2775667440e+01    2.6400000000e+02    2.1305151000e-02    5.3920454545e-01
        86   -1.0518196464e+01    1.1095875487e+02   -2.1916906596e+01    1.1398710132e+01   -7.2562725468e+00    7.2731614144e-01   -2.6122827506e+00   -1.2775667440e+01    2.6400000000e+02    2.1324480000e-02    5.3560606061e-01
        87   -1.0487757032e+01    1.1028789625e+02   -2.2202931990e+01    1.1715174958e+01   -7.2568137855e+00    6.1697235305e-01   -2.7874231173e+00   -1.2775667440e+01    2.6400000000e+02    2.1434118000e-02    5.4147727273e-01
        88   -1.0575239726e+01    1.1218395606e+02   -2.1641863306e+01    1.1066623580e+01   -6.8436746131e+00    5.8766023298e-01   -2.6101814853e+00   -1.2775667440e+01    2.6400000000e+02    2.1288965000e-02    5.3385416667e-01
        89   -1.0498649537e+01    1.1063387853e+02   -2.2312079958e+01    1.1813430421e+01   -7.4887098689e+00    5.2935346206e-01   -2.5770561106e+00   -1.2775667440e+01    2.6400000000e+02    2.1363191000e-02    5.3399621212e-01
        90   -1.0461923852e+01    1.0977349995e+02   -2.1915048702e+01    1.1453124850e+01   -7.1570439320e+00    6.1881631114e-01   -2.6011536410e+00   -1.2775667440e+01    2.6400000000e+02    2.1484404000e-02    5.3915719697e-01
        91   -1.0435502298e+01    1.0923874470e+02   -2.1812489022e+01    1.1376986724e+01   -7.1631018990e+00    7.6975309014e-01   -2.6434727730e+00   -1.2775667440e+01    2.6400000000e+02    2.1503263000e-02    5.3844696970e-01
        92   -1.0513759020e+01    1.1089930892e+02   -2.1886654025e+01    1.1372895005e+01   -7.0226707303e+00    6.0167470536e-01   -2.6899905598e+00   -1.2775667440e+01    2.6400000000e+02    2.1468485000e-02    5.4152462121e-01
        93   -1.0521763874e+01    1.1112768512e+02   -2.2050307773e+01    1.1528543900e+01   -7.3264356917e+00    6.4594433383e-01   -2.5941489751e+00   -1.2775667440e+01    2.6400000000e+02    2.1428685000e-02    5.3570075758e-01
        94   -1.0450774336e+01    1.0955807653e+02   -2.2425361727e+01    1.1974587391e+01   -7.6750817976e+00    6.8175642848e-01   -2.6563689175e+00   -1.2775667440e+01    2.6400000000e+02    2.1348521000e-02    5.3456439394e-01
        95   -1.0486443944e+01    1.1030050487e+02   -2.2085428756e+01    1.1598984812e+01   -7.4773571078e+00    7.6759202390e-01   -2.5999962324e+00   -1.2775667440e+01    2.6400000000e+02    2.1462344000e-02    5.4105113636e-01
        96   -1.0536378749e+01    1.1148603541e+02   -2.2392734383e+01    1.1856355633e+01   -7.6625340814e+00    7.0466102309e-01   -2.6591938844e+00   -1.2775667440e+01    2.6400000000e+02    2.1347839000e-02    5.3598484848e-01
        97   -1.0448864357e+01    1.0955459959e+02   -2.2069080723e+01    1.1620216367e+01   -7.3825858659e+00    6.4600308280e-01   -2.5568304997e+00   -1.2775667440e+01    2.6400000000e+02    2.1462297000e-02    5.3877840909e-01
        98   -1.0458676882e+01    1.0983836375e+02   -2.2046358739e+01    1.1587681858e+01   -7.4809097573e+00    6.4142833721e-01   -2.4312098791e+00   -1.2775667440e+01    2.6400000000e+02    2.1493912000e-02    5.3702651515e-01
        99   -1.0539412091e+01    1.1149449892e+02   -2.2027271844e+01    1.1487859753e+01   -7.3414900797e+00    6.9206553477e-01   -2.6021798592e+00   -1.2775667440e+01    2.6400000000e+02    2.1331943000e-02    5.3200757576e-01
       100   -1.0515991470e+01    1.1107133840e+02   -2.1886093224e+01    1.1370101754e+01   -7.3077005969e+00    7.1310955899e-01   -2.5158347456e+00   -1.2775667440e+01    2.6400000000e+02    2.1428283000e-02    5.4204545455e-01
       101   -1.0482720538e+01    1.1029488556e+02   -2.1951047986e+01    1.1468327448e+01   -6.9885049446e+00    5.3512297660e-01   -2.7219985775e+00   -1.2775667440e+01    2.6400000000e+02    2.1485736000e-02    5.3887310606e-01
       102   -1.0496806613e+01    1.1051419295e+02   -2.2756198285e+01    1.2259391673e+01   -7.7001647697e+00    3.6417221815e-01   -2.6445382937e+00   -1.2775667440e+01    2.6400000000e+02    2.1425856000e-02    5.3541666667e-01
       103   -1.0539144546e+01    1.1142013681e+02   -2.1517102925e+01    1.0977958379e+01   -6.7091200192e+00    7.1581064669e-01   -2.7481261128e+00   -1.2775667440e+01    2.6400000000e+02    2.1337087000e-02    5.3939393939e-01
       104   -1.0428098885e+01    1.0919859371e+02   -2.1410898063e+01    1.0982799178e+01   -6.8216188235e+00    8.0797846289e-01   -2.6215902619e+00   -1.2775667440e+01    2.6400000000e+02    2.1351245000e-02    5.4185606061e-01
       105   -1.0469149913e+01    1.0995188157e+02   -2.2018347480e+01    1.1549197566e+01   -7.1220574234e+00    5.5265621111e-01   -2.6732788270e+00   -1.2775667440e+01    2.6400000000e+02    2.1405690000e-02    5.3963068182e-01
       106   -1.0453995511e+01    1.0968825872e+02   -2.1865990114e+01    1.1411994603e+01   -7.0909815386e+00    6.2895633848e-01   -2.6282974736e+00   -1.2775667440e+01    2.6400000000e+02    2.1344620000e-02    5.4190340909e-01
       107   -1.0502045512e+01    1.1075592503e+02   -2.1778918521e+01    1.1276873010e+01   -7.0187537283e+00    5.5443412202e-01   -2.5389314748e+00   -1.2775667440e+01    2.6400000000e+02    2.1505571000e-02    5.3783143939e-01
       108   -1.0550574557e+01    1.1163518186e+02   -2.2366006230e+01    1.1815431673e+01   -7.6151592796e+00    6.9107207692e-01   -2.6662515870e+00   -1.2775667440e+01    2.6400000000e+02    2.1417667000e-02    5.3697916667e-01
       109   -1.0442134327e+01    1.0946637574e+02   -2.1677387305e+01    1.1235252978e+01   -6.9052676960e+00    5.3404324548e-01   -2.5304954142e+00   -1.2775667440e+01    2.6400000000e+02    2.1451202000e-02    5.4128787879e-01
       110   -1.0494608021e+01    1.1049047524e+02   -2.2151831508e+01    1.1657223487e+01   -7.3235452774e+00    7.1055557526e-01   -2.7631743654e+00   -1.2775667440e+01    2.6400000000e+02    2.1331680000e-02    5.4214015152e-01
       111   -1.0482881802e+01    1.1022387847e+02   -2.1925509541e+01    1.1442627739e+01   -7.0796186877e+00    5.5705142068e-01   -2.6272748343e+00   -1.2775667440e+01    2.6400000000e+02    2.1436626000e-02    5.3570075758e-01
       112   -1.0429980116e+01    1.0934748553e+02   -2.1524922351e+01    1.1094942235e+01   -7.0624766108e+00    8.3681924507e-01   -2.5235975452e+00   -1.2775667440e+01    2.6400000000e+02    2.1504364000e-02    5.3887310606e-01
       113   -1.0446074801e+01    1.0948344764e+02   -2.1936433492e+01    1.1490358691e+01   -7.0137029291e+00    4.3247069062e-01   -2.5795338131e+00   -1.2775667440e+01    2.6400000000e+02    2.1392142000e-02    5.4417613636e-01
       114   -1.0461921373e+01    1.0981344251e+02   -2.2071550777e+01    1.1609629404e+01   -7.1730207135e+00    4.1311709624e-01   -2.5359797195e+00   -1.2775667440e+01    2.6400000000e+02    2.1384271000e-02    5.3920454545e-01
       115   -1.0501468742e+01    1.1062754589e+02   -2.2131749064e+01    1.1630280322e+01   -7.4178165026e+00    7.1756398950e-01   -2.6558291103e+00   -1.2775667440e+01    2.6400000000e+02    2.1430721000e-02    5.2888257576e-01
       116   -1.0541932327e+01    1.1153335462e+02   -2.1818033026e+01    1.1276100699e+01   -7.0018790470e+00    7.6740926891e-01   -2.8078958077e+00   -1.2775667440e+01    2.6400000000e+02    2.1419550000e-02    5.3802083333e-01
       117   -1.0488375061e+01    1.1044674944e+02   -2.2234760273e+01    1.1746385212e+01   -7.5491742140e+00    6.5837443024e-01   -2.5682930493e+00   -1.2775667440e+01    2.6400000000e+02    2.1423013000e-02    5.3371212121e-01
       118   -1.0510861003e+01    1.1086162135e+02   -2.2020798672e+01    1.1509937669e+01   -7.2322260153e+00    5.7640183446e-01   -2.5893070504e+00   -1.2775667440e+01    2.6400000000e+02    2.1455571000e-02    5.3726325758e-01
       119   -1.0492867167e+01    1.1043835312e+02   -2.2233565084e+01    1.1740697917e+01   -7.4842156631e+00    6.6090544775e-01   -2.6345874280e+00   -1.2775667440e+01    2.6400000000e+02    2.1259164000e-02    5.4398674242e-01
       120   -1.0522377191e+01    1.1107502134e+02   -2.2021651713e+01    1.1499274522e+01   -7.2241662424e+00    5.6760430446e-01   -2.5894223347e+00   -1.2775667440e+01    2.6400000000e+02    2.1412295000e-02    5.3967803030e-01
       121   -1.0414815051e+01    1.0886118426e+02   -2.2098825944e+01    1.1684010893e+01   -7.4338038697e+00    6.5779107279e-01   -2.5471457065e+00   -1.2775667440e+01    2.6400000000e+02    2.1420653000e-02    5.3693181818e-01
       122   -1.0492280905e+01    1.1058026808e+02   -2.2212159849e+01    1.1719878944e+01   -7.4747736482e+00    7.0960061515e-01   -2.6713193755e+00   -1.2775667440e+01    2.6400000000e+02    2.1484696000e-02    5.3906250000e-01
       123   -1.0463346670e+01    1.0981065438e+02   -2.2192234116e+01    1.1728887445e+01   -7.4797621682e+00    6.0372048644e-01   -2.5405249937e+00   -1.2775667440e+01    2.6400000000e+02    2.1462822000e-02    5.3948863636e-01
       124   -1.0488500228e+01    1.1037911113e+02   -2.1596391712e+01    1.1107891484e+01   -6.7787493838e+00    5.0620833468e-01   -2.5481832227e+00   -1.2775667440e+01    2.6400000000e+02    2.1495241000e-02    5.4469696970e-01
       125   -1.0495928708e+01    1.1049670941e+02   -2.2073438222e+01    1.1577509514e+01   -7.3602854903e+00    7.0858263728e-01   -2.6460679287e+00   -1.2775667440e+01    2.6400000000e+02    2.1630631000e-02    5.3248106061e-01
       126   -1.0432086948e+01    1.0938683597e+02   -2.1593919735e+01    1.1161832787e+01   -6.9800391411e+00    6.5887600882e-01   -2.4970891624e+00   -1.2775667440e+01    2.6400000000e+02    2.1578435000e-02    5.3451704545e-01
       127   -1.0423771104e+01    1.0906270466e+02   -2.2033796981e+01    1.1610025877e+01   -7.2398084562e+00    5.7118313289e-01   -2.5895042176e+00   -1.2775667440e+01    2.6400000000e+02    2.1646047000e-02    5.3920454545e-01
       128   -1.0528536749e+01    1.1115099392e+02   -2.1891082882e+01    1.1362546133e+01   -7.0543226794e+00    6.1368368964e-01   -2.6747764524e+00   -1.2775667440e+01    2.6400000000e+02    2.1487339000e-02    5.3873106061e-01
       129   -1.0420837481e+01    1.0894268044e+02   -2.2216830907e+01    1.1795993427e+01   -7.5444969595e+00    6.5811865716e-01   -2.5547851648e+00   -1.2775667440e+01    2.6400000000e+02    2.1515700000e-02    5.3877840909e-01
       130   -1.0508273964e+01    1.1077093734e+02   -2.1404734560e+01    1.0896460596e+01   -6.7371564204e+00    6.2556267169e-01   -2.5174733711e+00   -1.2775667440e+01    2.6400000000e+02    2.1495798000e-02    5.3489583333e-01
       131   -1.0555324116e+01    1.1179085616e+02   -2.1773138757e+01    1.1217814641e+01   -7.0232908105e+00    6.7136922701e-01   -2.6455497332e+00   -1.2775667440e+01    2.6400000000e+02    2.1353702000e-02    5.3868371212e-01
       132   -1.0470388248e+01    1.0999209076e+02   -2.1991970519e+01    1.1521582271e+01   -7.2131123276e+00    6.3138291050e-01   -2.6345736621e+00   -1.2775667440e+01    2.6400000000e+02    2.1306497000e-02    5.3257575758e-01
       133   -1.0463509073e+01    1.0980024250e+02   -2.2049339387e+01    1.1585830314e+01   -7.0646043014e+00    4.3486434847e-01   -2.6439319937e+00   -1.2775667440e+01    2.6400000000e+02    2.1590306000e-02    5.4034090909e-01
       134   -1.0534853803e+01    1.1130900452e+02   -2.1625484838e+01    1.1090631035e+01   -6.6244041660e+00    5.0493684670e-01   -2.7303500785e+00   -1.2775667440e+01    2.6400000000e+02    2.1389993000e-02    5.3674242424e-01
       135   -1.0564416064e+01    1.1197801553e+02   -2.2308576430e+01    1.1744160365e+01   -7.3417060451e+00    4.9082051644e-01   -2.6820234607e+00   -1.2775667440e+01    2.6400000000e+02    2.1416656000e-02    5.3963068182e-01
       136   -1.0440259661e+01    1.0958697778e+02   -2.1913268048e+01    1.1473008387e+01   -7.3117075141e+00    7.0403095433e-01   -2.5299240480e+00   -1.2775667440e+01    2.6400000000e+02    2.1402278000e-02    5.4010416667e-01
       137   -1.0513520759e+01    1.1093291335e+02   -2.2182535297e+01    1.1669014537e+01   -7.2494630909e+00    4.9666582226e-01   -2.6540705879e+00   -1.2775667440e+01    2.6400000000e+02    2.1392821000e-02    5.3664772727e-01
       138   -1.0447839430e+01    1.0948076590e+02   -2.2421085327e+01    1.1973245897e+01   -7.9840424755e+00    7.8544819073e-01   -2.4468236024e+00   -1.2775667440e+01    2.6400000000e+02    2.1384845000e-02    5.3167613636e-01
       139   -1.0447322761e+01    1.0950872715e+02   -2.2103333861e+01    1.1656011100e+01   -7.5581715081e+00    6.6821827454e-01   -2.4377131869e+00   -1.2775667440e+01    2.6400000000e+02    2.1385030000e-02    5.3759469697e-01
       140   -1.0408008507e+01    1.0884029007e+02   -2.2715254605e+01    1.2307246097e+01   -7.8687249886e+00    4.6991586718e-01   -2.5407780430e+00   -1.2775667440e+01    2.6400000000e+02    2.1278384000e-02    5.3731060606e-01
       141   -1.0413488458e+01    1.0887257420e+02   -2.1788817065e+01    1.1375328607e+01   -6.9565135417e+00    6.3603335507e-01   -2.6926694384e+00   -1.2775667440e+01    2.6400000000e+02    2.1313021000e-02    5.3352272727e-01
       142   -1.0456499627e+01    1.0966038860e+02   -2.1881710767e+01    1.1425211140e+01   -7.0123841127e+00    5.7527228637e-01   -2.6689315007e+00   -1.2775667440e+01    2.6400000000e+02    2.1339240000e-02    5.3224431818e-01
       143   -1.0556499702e+01    1.1352404691e+02   -2.1680166260e+01    1.1123666559e+01   -6.9374354631e+00    7.2909662613e-01   -2.6961599831e+00   -1.2775667440e+01    2.6400000000e+02    2.1404869000e-02    5.3650568182e-01
       144   -1.0498404550e+01    1.1064426782e+02   -2.2483219285e+01    1.1984814736e+01   -7.6235579584e+00    5.6021567038e-01   -2.6442095572e+00   -1.2775667440e+01    2.6400000000e+02    2.1238846000e-02    5.3020833333e-01
       145   -1.0498808237e+01    1.1058216583e+02   -2.1594602535e+01    1.1095794298e+01   -6.8923502908e+00    7.0986324639e-01   -2.6364480502e+00   -1.2775667440e+01    2.6400000000e+02    2.1522475000e-02    5.3418560606e-01
       146   -1.0511020632e+01    1.1080262508e+02   -2.1921333342e+01    1.1410312710e+01   -7.0053676518e+00    5.9040159090e-01   -2.7306998405e+00   -1.2775667440e+01    2.6400000000e+02    2.1513352000e-02    5.4351325758e-01
       147   -1.0440181737e+01    1.0936275110e+02   -2.1781942694e+01    1.1341760957e+01   -7.0494593317e+00    6.1490545001e-01   -2.5717213725e+00   -1.2775667440e+01    2.6400000000e+02    2.1478646000e-02    5.3555871212e-01
       148   -1.0468236990e+01    1.0999730161e+02   -2.1672320540e+01    1.1204083550e+01   -7.1010867112e+00    7.5523572356e-01   -2.5508021123e+00   -1.2775667440e+01    2.6400000000e+02    2.1345497000e-02    5.3958333333e-01
       149   -1.0408563087e+01    1.0883437949e+02   -2.2583666604e+01    1.2175103517e+01   -7.6401101471e+00    3.1073815960e-01   -2.4786271765e+00   -1.2775667440e+01    2.6400000000e+02    2.1431838000e-02    5.3967803030e-01
       150   -1.0496766265e+01    1.1059491088e+02   -2.2270145930e+01    1.1773379665e+01   -7.3581765509e+00    5.2328094223e-01   -2.6595828814e+00   -1.2775667440e+01    2.6400000000e+02    2.1430674000e-02    5.3574810606e-01
       151   -1.0467416924e+01    1.0998086833e+02   -2.1780853017e+01    1.1313436094e+01   -6.9725997638e+00    5.3419147807e-01   -2.5667772914e+00   -1.2775667440e+01    2.6400000000e+02    2.1322282000e-02    5.3712121212e-01
       152   -1.0475225067e+01    1.1016752753e+02   -2.2163709663e+01    1.1688484597e+01   -7.4899693291e+00    7.6348528686e-01   -2.6615581809e+00   -1.2775667440e+01    2.6400000000e+02    2.1374858000e-02    5.4209280303e-01
       153   -1.0525337810e+01    1.1116298762e+02   -2.2269538147e+01    1.1744200337e+01   -7.2658555845e+00    4.8933617762e-01   -2.7173512996e+00   -1.2775667440e+01    2.6400000000e+02    2.1477345000e-02    5.4176136364e-01
       154   -1.0468909120e+01    1.0998971167e+02   -2.1633999584e+01    1.1165090464e+01   -7.0099396445e+00    6.5459275016e-01   -2.5029852495e+00   -1.2775667440e+01    2.6400000000e+02    2.1498416000e-02    5.3967803030e-01
       155   -1.0505089905e+01    1.1069137054e+02   -2.2128163003e+01    1.1623073099e+01   -7.2020602294e+00    6.5524071539e-01   -2.8056760490e+00   -1.2775667440e+01    2.6400000000e+02    2.1452586000e-02    5.3262310606e-01
       156   -1.0430669887e+01    1.0918234907e+02   -2.2362208265e+01    1.1931538378e+01   -7.6367410858e+00    6.1869639536e-01   -2.5684961346e+00   -1.2775667440e+01    2.6400000000e+02    2.1349373000e-02    5.3934659091e-01
       157   -1.0460508096e+01    1.0979639303e+02   -2.1611347332e+01    1.1150839236e+01   -6.8789870200e+00    6.1315166221e-01   -2.5698445335e+00   -1.2775667440e+01    2.6400000000e+02    2.1522533000e-02    5.3958333333e-01
       158   -1.0509155994e+01    1.1079970888e+02   -2.1765712322e+01    1.1256556327e+01   -6.9083347845e+00    6.3026690960e-01   -2.7119770065e+00   -1.2775667440e+01    2.6400000000e+02    2.1432856000e-02    5.4625946970e-01
       159   -1.0476103870e+01    1.1025477627e+02   -2.2146896336e+01    1.1670792466e+01   -7.4285337416e+00    6.8887850374e-01   -2.6315736581e+00   -1.2775667440e+01    2.6400000000e+02    2.1458312000e-02    5.4067234848e-01
       160   -1.0502694269e+01    1.1090514434e+02   -2.1703702667e+01    1.1201008397e+01   -6.9834134298e+00    6.0050764170e-01   -2.5451294384e+00   -1.2775667440e+01    2.6400000000e+02    2.1404823000e-02    5.3740530303e-01
       161   -1.0539739711e+01    1.1155439590e+02   -2.1788807696e+01    1.1249067985e+01   -6.7682103272e+00    4.9577352392e-01   -2.7407034526e+00   -1.2775667440e+01    2.6400000000e+02    2.1362429000e-02    5.4048295455e-01
       162   -1.0476408069e+01    1.1019465898e+02   -2.1705917969e+01    1.1229509899e+01   -6.8530976904e+00    5.3148835408e-01   -2.6086411921e+00   -1.2775667440e+01    2.6400000000e+02    2.1373808000e-02    5.3465909091e-01
       163   -1.0427264013e+01    1.0907278840e+02   -2.1786665765e+01    1.1359401752e+01   -6.9839019289e+00    5.9349905621e-01   -2.6205954526e+00   -1.2775667440e+01    2.6400000000e+02    2.1448773000e-02    5.3461174242e-01
       164   -1.0449806310e+01    1.0963094891e+02   -2.2081581531e+01    1.1631775220e+01   -7.1685017774e+00    5.2063925467e-01   -2.6580515679e+00   -1.2775667440e+01    2.6400000000e+02    2.1434899000e-02    5.4280303030e-01
       165   -1.0469346630e+01    1.1022754435e+02   -2.1727700619e+01    1.1258353989e+01   -7.1034139077e+00    7.2640868096e-01   -2.5750279520e+00   -1.2775667440e+01    2.6400000000e+02    2.1381297000e-02    5.4422348485e-01
       166   -1.0470640135e+01    1.1004342127e+02   -2.2121964033e+01    1.1651323898e+01   -7.2450391638e+00    5.2245658482e-01   -2.6237140143e+00   -1.2775667440e+01    2.6400000000e+02    2.1440313000e-02    5.4147727273e-01
       167   -1.0527292562e+01    1.1133684811e+02   -2.1764007848e+01    1.1236715285e+01   -7.0284854005e+00    6.9912913858e-01   -2.6589841456e+00   -1.2775667440e+01    2.6400000000e+02    2.1460781000e-02    5.4450757576e-01
       168   -1.0522314123e+01    1.1115277130e+02   -2.2240751416e+01    1.1718437293e+01   -7.3240421243e+00    4.6040991075e-01   -2.6014517627e+00   -1.2775667440e+01    2.6400000000e+02    2.1289881000e-02    5.4157196970e-01
       169   -1.0450351118e+01    1.0957950340e+02   -2.2240755588e+01    1.1790404470e+01   -7.3879916731e+00    4.8717782176e-01   -2.5642742967e+00   -1.2775667440e+01    2.6400000000e+02    2.1365548000e-02    5.3821022727e-01
       170   -1.0482253192e+01    1.1032222103e+02   -2.2078287286e+01    1.1596034093e+01   -7.4087116452e+00    6.1016000614e-01   -2.5040682065e+00   -1.2775667440e+01    2.6400000000e+02    2.1371541000e-02    5.4043560606e-01
       171   -1.0475915198e+01    1.1010939547e+02   -2.2043376990e+01    1.1567461792e+01   -7.2148615095e+00    5.9236372795e-01   -2.6452117683e+00   -1.2775667440e+01    2.6400000000e+02    2.1442729000e-02    5.3480113636e-01
       172   -1.0480809421e+01    1.1025200912e+02   -2.2025274936e+01    1.1544465515e+01   -7.2457475715e+00    6.3862703036e-01   -2.6424869545e+00   -1.2775667440e+01    2.6400000000e+02    2.1376909000e-02    5.3915719697e-01
       173   -1.0454854165e+01    1.0965776147e+02   -2.1906496098e+01    1.1451641933e+01   -7.1133420044e+00    5.7561802265e-01   -2.5931046763e+00   -1.2775667440e+01    2.6400000000e+02    2.1394430000e-02    5.4393939394e-01
       174   -1.0535775772e+01    1.1137730787e+02   -2.1941000920e+01    1.1405225148e+01   -7.4166741562e+00    7.5634970908e-01   -2.5050090330e+00   -1.2775667440e+01    2.6400000000e+02    2.1528169000e-02    5.3977272727e-01
       175   -1.0503023297e+01    1.1069063897e+02   -2.2342763139e+01    1.1839739842e+01   -7.4714377417e+00    5.5186968405e-01   -2.6475276410e+00   -1.2775667440e+01    2.6400000000e+02    2.1442988000e-02    5.4209280303e-01
       176   -1.0414629718e+01    1.0890811567e+02   -2.2463951676e+01    1.2049321957e+01   -7.6302286193e+00    5.5424918000e-01   -2.6123047961e+00   -1.2775667440e+01    2.6400000000e+02    2.1501538000e-02    5.4346590909e-01
       177   -1.0489123041e+01    1.1048622657e+02   -2.2488892814e+01    1.1999769774e+01   -7.6916903914e+00    5.3583583929e-01   -2.5573708221e+00   -1.2775667440e+01    2.6400000000e+02    2.1418587000e-02    5.3669507576e-01
       178   -1.0473037036e+01    1.0999037832e+02   -2.1996253133e+01    1.1523216097e+01   -7.3006930144e+00    6.8708466954e-01   -2.6069773480e+00   -1.2775667440e+01    2.6400000000e+02    2.1478424000e-02    5.3873106061e-01
       179   -1.0496699286e+01    1.1046985790e+02   -2.1680325667e+01    1.1183626381e+01   -7.0079457769e+00    8.4419290416e-01   -2.7409053540e+00   -1.2775667440e+01    2.6400000000e+02    2.1564313000e-02    5.3726325758e-01
       180   -1.0392228726e+01    1.0836122976e+02   -2.2306525130e+01    1.1914296404e+01   -7.3961834433e+00    5.3156724031e-01   -2.6662414863e+00   -1.2775667440e+01    2.6400000000e+02    2.1543679000e-02    5.3655303030e-01
       181   -1.0450093347e+01    1.0954268704e+02   -2.2352714297e+01    1.1902620950e+01   -7.4497789404e+00    5.4186278323e-01   -2.6691306993e+00   -1.2775667440e+01    2.6400000000e+02    2.1387240000e-02    5.3920454545e-01
       182   -1.0515710271e+01    1.1100421661e+02   -2.2158202308e+01    1.1642492037e+01   -7.2138883370e+00    5.4132772230e-01   -2.7099742533e+00   -1.2775667440e+01    2.6400000000e+02    2.1529700000e-02    5.3873106061e-01
       183   -1.0520459714e+01    1.1151051109e+02   -2.1934446535e+01    1.1413986821e+01   -6.8003348792e+00    4.1910429307e-01   -2.7775485085e+00   -1.2775667440e+01    2.6400000000e+02    2.1277711000e-02    5.3044507576e-01
       184   -1.0447633512e+01    1.0953425239e+02   -2.1975589126e+01    1.1527955614e+01   -7.1701304532e+00    6.5843907237e-01   -2.6882303049e+00   -1.2775667440e+01    2.6400000000e+02    2.1379754000e-02    5.3423295455e-01
       185   -1.0513868609e+01    1.1094319181e+02   -2.2248910320e+01    1.1735041711e+01   -7.3806426173e+00    5.5547118452e-01   -2.6480714469e+00   -1.2775667440e+01    2.6400000000e+02    2.1630406000e-02    5.3854166667e-01
       186   -1.0572580090e+01    1.1212087201e+02   -2.2121498821e+01    1.1548918732e+01   -7.4003363031e+00    7.6651172802e-01   -2.7120068059e+00   -1.2775667440e+01    2.6400000000e+02    2.1479615000e-02    5.4048295455e-01
       187   -1.0425818651e+01    1.0908638442e+02   -2.2288775601e+01    1.1862956950e+01   -7.4906572584e+00    5.8505639301e-01   -2.6075072951e+00   -1.2775667440e+01    2.6400000000e+02    2.1381122000e-02    5.3636363636e-01
       188   -1.0535413573e+01    1.1136863843e+02   -2.2550023653e+01    1.2014610079e+01   -7.7781040971e+00    6.5115654153e-01   -2.6474086569e+00   -1.2775667440e+01    2.6400000000e+02    2.1403914000e-02    5.3603219697e-01
       189   -1.0545961860e+01    1.1163689945e+02   -2.2081180448e+01    1.1535218588e+01   -7.2778442566e+00    7.4595663583e-01   -2.7736253873e+00   -1.2775667440e+01    2.6400000000e+02    2.1527537000e-02    5.3825757576e-01
       190   -1.0445749569e+01    1.0946686109e+02   -2.2289695921e+01    1.1843946352e+01   -7.4622362633e+00    6.0181512636e-01   -2.6536073438e+00   -1.2775667440e+01    2.6400000000e+02    2.1474182000e-02    5.3726325758e-01
       191   -1.0497968948e+01    1.1061222122e+02   -2.2912062339e+01    1.2414093391e+01   -7.8187340896e+00    3.9787523347e-01   -2.7155360421e+00   -1.2775667440e+01    2.6400000000e+02    2.1465190000e-02    5.3650568182e-01
       192   -1.0460539850e+01    1.0977457571e+02   -2.1745187903e+01    1.1284648054e+01   -7.2572396281e+00    8.1675850075e-01   -2.5290393356e+00   -1.2775667440e+01    2.6400000000e+02    2.1333199000e-02    5.4010416667e-01
       193   -1.0504038115e+01    1.1063156582e+02   -2.2471372656e+01    1.1967334541e+01   -7.5139286617e+00    5.0651202870e-01   -2.6882885827e+00   -1.2775667440e+01    2.6400000000e+02    2.1513446000e-02    5.4057765152e-01
       194   -1.0469137574e+01    1.1011468450e+02   -2.1989981999e+01    1.1520844425e+01   -7.5321540581e+00    8.6654520519e-01   -2.5487057056e+00   -1.2775667440e+01    2.6400000000e+02    2.1428535000e-02    5.3475378788e-01
       195   -1.0448527817e+01    1.0961916450e+02   -2.2333671464e+01    1.1885143647e+01   -7.6191440832e+00    4.9098437089e-01   -2.4298443114e+00   -1.2775667440e+01    2.6400000000e+02    2.1401925000e-02    5.2959280303e-01
       196   -1.0533263722e+01    1.1132555631e+02   -2.2247886073e+01    1.1714622352e+01   -7.4188193703e+00    5.7600795030e-01   -2.6294072132e+00   -1.2775667440e+01    2.6400000000e+02    2.2045234000e-02    5.3390151515e-01
       197   -1.0435828620e+01    1.0930343923e+02   -2.1680772236e+01    1.1244943616e+01   -6.8334321191e+00    5.9844832894e-01   -2.6701210054e+00   -1.2775667440e+01    2.6400000000e+02    2.2318994000e-02    5.3475378788e-01
       198   -1.0466953033e+01    1.0985010928e+02   -2.2341648275e+01    1.1874695242e+01   -7.6008696846e+00    6.6561038559e-01   -2.6307215353e+00   -1.2775667440e+01    2.6400000000e+02    2.1537161000e-02    5.3901515152e-01
       199   -1.0493667507e+01    1.1055978538e+02   -2.1720477360e+01    1.1226809853e+01   -7.2641232859e+00    7.6321090425e-01   -2.4438975384e+00   -1.2775667440e+01    2.6400000000e+02    2.1471625000e-02    5.3693181818e-01
