#   index    LocalEnergy         LocalEnergy_sq      LocalPotential      Kinetic             LocalECP            NonLocalECP         ElecElec            IonIon              BlockWeight         BlockCPU            AcceptRatio         
         0   -1.0487022015e+01    1.1047785477e+02   -2.2378966760e+01    1.1891944745e+01   -7.4550908808e+00    5.9244639910e-01   -2.7406548377e+00   -1.2775667440e+01    2.6400000000e+02    2.1223245000e-02    5.3697916667e-01
         1   -1.0551347855e+01    1.1176740683e+02   -2.2103977671e+01    1.1552629816e+01   -7.2491917777e+00    5.9639556588e-01   -2.6755140191e+00   -1.2775667440e+01    2.6400000000e+02    1.9739125000e-02    5.3513257576e-01
         2   -1.0525786252e+01    1.1122867403e+02   -2.2089493785e+01    1.1563707533e+01   -7.0417106701e+00    4.6958110831e-01   -2.7416967832e+00   -1.2775667440e+01    2.6400000000e+02    1.8668022000e-02    5.3233901515e-01
         3   -1.0490714067e+01    1.1040201922e+02   -2.2156671261e+01    1.1665957194e+01   -7.1398256949e+00    5.3819337958e-01   -2.7793715053e+00   -1.2775667440e+01    2.6400000000e+02    1.8785446000e-02    5.4029356061e-01
         4   -1.0503754073e+01    1.1073228719e+02   -2.2167917637e+01    1.1664163564e+01   -7.4171748898e+00    7.1869068551e-01   -2.6937659926e+00   -1.2775667440e+01    2.6400000000e+02    1.8693853000e-02    5.3271780303e-01
         5   -1.0540531660e+01    1.1153931928e+02   -2.1569204183e+01    1.1028672523e+01   -6.7181171817e+00    5.6185242142e-01   -2.6372719825e+00   -1.2775667440e+01    2.6400000000e+02    1.8710003000e-02    5.4171401515e-01
         6   -1.0418267099e+01    1.0928294797e+02   -2.1645394801e+01    1.1227127703e+01   -6.5896310518e+00    3.8462679256e-01   -2.6647231019e+00   -1.2775667440e+01    2.6400000000e+02    1.8740383000e-02    5.3589015152e-01
         7   -1.0517606575e+01    1.1104396056e+02   -2.1951832755e+01    1.1434226180e+01   -7.2184499234e+00    6.2244174145e-01   -2.5801571331e+00   -1.2775667440e+01    2.6400000000e+02    1.9186647000e-02    5.2850378788e-01
         8   -1.0559142870e+01    1.1191466075e+02   -2.2299551853e+01    1.1740408982e+01   -7.3639931906e+00    6.0520528508e-01   -2.7650965068e+00   -1.2775667440e+01    2.6400000000e+02    1.8233252000e-02    5.3267045455e-01
         9   -1.0527642919e+01    1.1139571789e+02   -2.2185375286e+01    1.1657732367e+01   -7.1365171016e+00    5.0226836695e-01   -2.7754591111e+00   -1.2775667440e+01    2.6400000000e+02    1.8174448000e-02    5.3484848485e-01
        10   -1.0398921971e+01    1.0861781190e+02   -2.1840820627e+01    1.1441898656e+01   -7.0095949047e+00    5.6493861900e-01   -2.6204969014e+00   -1.2775667440e+01    2.6400000000e+02    1.8357579000e-02    5.3470643939e-01
        11   -1.0486206596e+01    1.1033524812e+02   -2.2025335966e+01    1.1539129370e+01   -7.3017198129e+00    5.8193673980e-01   -2.5298854524e+00   -1.2775667440e+01    2.6400000000e+02    1.9443202000e-02    5.3972537879e-01
        12   -1.0517584417e+01    1.1094603064e+02   -2.2022849578e+01    1.1505265161e+01   -7.2408673004e+00    6.2237634297e-01   -2.6286911799e+00   -1.2775667440e+01    2.6400000000e+02    2.0567308000e-02    5.4209280303e-01
        13   -1.0542769283e+01    1.1206610576e+02   -2.1714932334e+01    1.1172163052e+01   -6.8854480188e+00    6.0599932832e-01   -2.6598162034e+00   -1.2775667440e+01    2.6400000000e+02    1.8813502000e-02    5.3678977273e-01
        14   -1.0528357622e+01    1.1123918986e+02   -2.2248975859e+01    1.1720618237e+01   -7.4795576346e+00    6.1059504163e-01   -2.6043458260e+00   -1.2775667440e+01    2.6400000000e+02    1.8928952000e-02    5.3655303030e-01
        15   -1.0529156386e+01    1.1130186752e+02   -2.2674413944e+01    1.2145257558e+01   -7.9845230248e+00    6.3655984484e-01   -2.5507833234e+00   -1.2775667440e+01    2.6400000000e+02    1.8613211000e-02    5.3522727273e-01
        16   -1.0455651362e+01    1.0975799543e+02   -2.2453036096e+01    1.1997384735e+01   -7.6306089340e+00    5.9460143900e-01   -2.6413611611e+00   -1.2775667440e+01    2.6400000000e+02    1.8702702000e-02    5.3536931818e-01
        17   -1.0522049558e+01    1.1117911302e+02   -2.1756804493e+01    1.1234754935e+01   -6.9151715197e+00    6.7666512864e-01   -2.7426306619e+00   -1.2775667440e+01    2.6400000000e+02    1.8728886000e-02    5.3735795455e-01
        18   -1.0507312610e+01    1.1080429866e+02   -2.2066484468e+01    1.1559171858e+01   -7.1282252763e+00    5.4126797109e-01   -2.7038597221e+00   -1.2775667440e+01    2.6400000000e+02    1.8906074000e-02    5.3385416667e-01
        19   -1.0537600333e+01    1.1142174087e+02   -2.1908534539e+01    1.1370934206e+01   -7.3494662861e+00    8.9492753565e-01   -2.6783283479e+00   -1.2775667440e+01    2.6400000000e+02    1.8669511000e-02    5.3030303030e-01
        20   -1.0413514308e+01    1.0885317047e+02   -2.1932403801e+01    1.1518889493e+01   -6.9115069500e+00    5.4379619696e-01   -2.7890256077e+00   -1.2775667440e+01    2.6400000000e+02    1.8846757000e-02    5.3598484848e-01
        21   -1.0501795960e+01    1.1069161618e+02   -2.2142902131e+01    1.1641106171e+01   -7.4893365619e+00    7.1415976630e-01   -2.5920578951e+00   -1.2775667440e+01    2.6400000000e+02    1.9205294000e-02    5.3702651515e-01
        22   -1.0541564041e+01    1.1148817860e+02   -2.1649780493e+01    1.1108216452e+01   -6.7551425932e+00    6.5556405598e-01   -2.7745345155e+00   -1.2775667440e+01    2.6400000000e+02    1.9029141000e-02    5.3475378788e-01
        23   -1.0464835215e+01    1.0994444928e+02   -2.2018443678e+01    1.1553608463e+01   -7.2236854254e+00    6.7661289434e-01   -2.6957037072e+00   -1.2775667440e+01    2.6400000000e+02    1.9147295000e-02    5.3674242424e-01
        24   -1.0445248490e+01    1.0946032352e+02   -2.1714599710e+01    1.1269351219e+01   -6.7498772165e+00    4.9865829255e-01   -2.6877133456e+00   -1.2775667440e+01    2.6400000000e+02    1.9078321000e-02    5.3442234848e-01
        25   -1.0504129317e+01    1.1075172948e+02   -2.1946378496e+01    1.1442249179e+01   -7.0499662676e+00    5.2750200781e-01   -2.6482467955e+00   -1.2775667440e+01    2.6400000000e+02    1.9317456000e-02    5.3726325758e-01
        26   -1.0527011993e+01    1.1123650936e+02   -2.2209923997e+01    1.1682912004e+01   -7.1872637184e+00    5.1721502794e-01   -2.7642078665e+00   -1.2775667440e+01    2.6400000000e+02    1.9608195000e-02    5.3224431818e-01
        27   -1.0469147481e+01    1.0991253614e+02   -2.1891386051e+01    1.1422238570e+01   -7.1683290718e+00    6.9397478320e-01   -2.6413643221e+00   -1.2775667440e+01    2.6400000000e+02    1.9502525000e-02    5.3153409091e-01
        28   -1.0449010119e+01    1.0959814396e+02   -2.1787501772e+01    1.1338491653e+01   -6.9214578875e+00    5.7457598625e-01   -2.6649524304e+00   -1.2775667440e+01    2.6400000000e+02    2.2997369000e-02    5.2571022727e-01
        29   -1.0500700009e+01    1.1061024271e+02   -2.1953420887e+01    1.1452720878e+01   -7.0563732424e+00    5.7449440626e-01   -2.6958746110e+00   -1.2775667440e+01    2.6400000000e+02    1.9822020000e-02    5.3333333333e-01
        30   -1.0417030342e+01    1.0891609416e+02   -2.1925902007e+01    1.1508871665e+01   -7.1869917511e+00    6.9649585886e-01   -2.6597386742e+00   -1.2775667440e+01    2.6400000000e+02    1.9462838000e-02    5.3304924242e-01
        31   -1.0349426622e+01    1.0788473773e+02   -2.1937704522e+01    1.1588277900e+01   -6.8638566282e+00    3.5833255883e-01   -2.6565130119e+00   -1.2775667440e+01    2.6400000000e+02    1.9971337000e-02    5.4005681818e-01
        32   -1.0531101912e+01    1.1128070347e+02   -2.1880006007e+01    1.1348904094e+01   -7.3084901072e+00    6.2702321998e-01   -2.4228716792e+00   -1.2775667440e+01    2.6400000000e+02    2.0389308000e-02    5.3925189394e-01
        33   -1.0481333410e+01    1.1025713748e+02   -2.2064339412e+01    1.1583006002e+01   -7.2569913221e+00    6.1822597715e-01   -2.6499066268e+00   -1.2775667440e+01    2.6400000000e+02    2.0528173000e-02    5.3910984848e-01
        34   -1.0574944341e+01    1.1216818073e+02   -2.1835326303e+01    1.1260381962e+01   -7.0268973760e+00    7.0014843355e-01   -2.7329099202e+00   -1.2775667440e+01    2.6400000000e+02    2.0022376000e-02    5.4285037879e-01
        35   -1.0474271964e+01    1.1011488127e+02   -2.1781010518e+01    1.1306738554e+01   -6.8239022439e+00    5.5147862139e-01   -2.7329194558e+00   -1.2775667440e+01    2.6400000000e+02    1.9721425000e-02    5.2964015152e-01
        36   -1.0518430640e+01    1.1108053990e+02   -2.1722923716e+01    1.1204493076e+01   -6.8505062014e+00    6.8591040325e-01   -2.7826604781e+00   -1.2775667440e+01    2.6400000000e+02    1.9607481000e-02    5.3361742424e-01
        37   -1.0441427732e+01    1.0942909614e+02   -2.2196791969e+01    1.1755364237e+01   -7.0765740788e+00    5.0193776218e-01   -2.8464882119e+00   -1.2775667440e+01    2.6400000000e+02    2.0248022000e-02    5.3309659091e-01
        38   -1.0497209842e+01    1.1067222142e+02   -2.2506137835e+01    1.2008927992e+01   -7.7845863205e+00    6.2757417723e-01   -2.5734582511e+00   -1.2775667440e+01    2.6400000000e+02    2.0391358000e-02    5.3764204545e-01
        39   -1.0453045847e+01    1.0968249725e+02   -2.2565082617e+01    1.2112036770e+01   -7.8051992757e+00    5.6704297970e-01   -2.5512588812e+00   -1.2775667440e+01    2.6400000000e+02    1.9555634000e-02    5.3953598485e-01
        40   -1.0472998850e+01    1.1012866161e+02   -2.2836418748e+01    1.2363419898e+01   -7.9343379163e+00    5.0361427656e-01   -2.6300276675e+00   -1.2775667440e+01    2.6400000000e+02    1.9789940000e-02    5.3982007576e-01
        41   -1.0561016404e+01    1.1193161139e+02   -2.1889671227e+01    1.1328654823e+01   -7.2339566325e+00    8.2011409887e-01   -2.7001612534e+00   -1.2775667440e+01    2.6400000000e+02    2.0062343000e-02    5.3896780303e-01
        42   -1.0521176693e+01    1.1125401031e+02   -2.1913352352e+01    1.1392175659e+01   -7.3085800956e+00    8.6205237847e-01   -2.6911571950e+00   -1.2775667440e+01    2.6400000000e+02    2.0264823000e-02    5.4128787879e-01
        43   -1.0508722783e+01    1.1098264847e+02   -2.2014532412e+01    1.1505809629e+01   -7.1591931018e+00    6.2927512430e-01   -2.7089469942e+00   -1.2775667440e+01    2.6400000000e+02    1.9896484000e-02    5.3418560606e-01
        44   -1.0554197707e+01    1.1312308594e+02   -2.1413485731e+01    1.0859288024e+01   -6.5116775485e+00    5.6784874904e-01   -2.6939894911e+00   -1.2775667440e+01    2.6400000000e+02    1.9733109000e-02    5.3920454545e-01
        45   -1.0438936918e+01    1.0944643741e+02   -2.2064001564e+01    1.1625064646e+01   -7.1312088694e+00    5.6343862262e-01   -2.7205638771e+00   -1.2775667440e+01    2.6400000000e+02    1.9546278000e-02    5.3598484848e-01
        46   -1.0560364781e+01    1.1194534208e+02   -2.2170243449e+01    1.1609878668e+01   -7.2850964647e+00    5.4027619589e-01   -2.6497557403e+00   -1.2775667440e+01    2.6400000000e+02    2.0630960000e-02    5.3546401515e-01
        47   -1.0540226220e+01    1.1158662187e+02   -2.1965153682e+01    1.1424927462e+01   -6.9940737336e+00    5.4320015768e-01   -2.7386126657e+00   -1.2775667440e+01    2.6400000000e+02    2.0505078000e-02    5.3418560606e-01
        48   -1.0499165456e+01    1.1063620342e+02   -2.2172802785e+01    1.1673637329e+01   -7.2048172345e+00    5.4395939864e-01   -2.7362775085e+00   -1.2775667440e+01    2.6400000000e+02    1.9659540000e-02    5.3522727273e-01
        49   -1.0433910273e+01    1.0936736881e+02   -2.2070523708e+01    1.1636613435e+01   -7.0074748623e+00    4.1439627712e-01   -2.7017776823e+00   -1.2775667440e+01    2.6400000000e+02    1.9663641000e-02    5.3366477273e-01
        50   -1.0430003190e+01    1.0923211872e+02   -2.2473126943e+01    1.2043123753e+01   -7.7318045378e+00    6.2708048141e-01   -2.5927354461e+00   -1.2775667440e+01    2.6400000000e+02    2.0104116000e-02    5.2997159091e-01
        51   -1.0484525641e+01    1.1033282966e+02   -2.2222755277e+01    1.1738229636e+01   -7.0933311820e+00    4.5064891340e-01   -2.8044055680e+00   -1.2775667440e+01    2.6400000000e+02    1.8771370000e-02    5.3110795455e-01
        52   -1.0463993289e+01    1.0994719659e+02   -2.1542341547e+01    1.1078348258e+01   -6.4465133302e+00    4.9552216473e-01   -2.8156829411e+00   -1.2775667440e+01    2.6400000000e+02    1.8134391000e-02    5.4081439394e-01
        53   -1.0487003460e+01    1.1041899445e+02   -2.1984984502e+01    1.1497981042e+01   -7.1952309309e+00    6.5488272613e-01   -2.6689688567e+00   -1.2775667440e+01    2.6400000000e+02    1.8299367000e-02    5.3664772727e-01
        54   -1.0422618287e+01    1.0911136942e+02   -2.2224978557e+01    1.1802360270e+01   -7.4425327163e+00    7.8361406522e-01   -2.7903924659e+00   -1.2775667440e+01    2.6400000000e+02    1.9303747000e-02    5.3783143939e-01
        55   -1.0471541056e+01    1.1007769158e+02   -2.2181932118e+01    1.1710391062e+01   -7.6223541726e+00    7.6470883129e-01   -2.5486193365e+00   -1.2775667440e+01    2.6400000000e+02    1.8701300000e-02    5.3764204545e-01
        56   -1.0449932142e+01    1.0984932032e+02   -2.2320535559e+01    1.1870603418e+01   -7.3435699957e+00    5.5219776593e-01   -2.7534958894e+00   -1.2775667440e+01    2.6400000000e+02    1.9007165000e-02    5.3508522727e-01
        57   -1.0486614242e+01    1.1054784308e+02   -2.2542262079e+01    1.2055647837e+01   -7.7920079065e+00    6.2626953092e-01   -2.6008562631e+00   -1.2775667440e+01    2.6400000000e+02    1.8906859000e-02    5.3224431818e-01
        58   -1.0429625563e+01    1.0920108497e+02   -2.1964967752e+01    1.1535342190e+01   -7.1910462947e+00    7.3874689540e-01   -2.7370009125e+00   -1.2775667440e+01    2.6400000000e+02    1.9088292000e-02    5.3858901515e-01
        59   -1.0501278685e+01    1.1075964639e+02   -2.1990149813e+01    1.1488871129e+01   -7.1744151491e+00    6.0357916299e-01   -2.6436463868e+00   -1.2775667440e+01    2.6400000000e+02    1.8809986000e-02    5.3626893939e-01
        60   -1.0451710832e+01    1.0964031051e+02   -2.2037610221e+01    1.1585899390e+01   -7.2648442801e+00    7.0170531123e-01   -2.6988038121e+00   -1.2775667440e+01    2.6400000000e+02    1.9045928000e-02    5.3437500000e-01
        61   -1.0526373241e+01    1.1133642575e+02   -2.2059890345e+01    1.1533517104e+01   -7.0148297939e+00    5.2496255923e-01   -2.7943556699e+00   -1.2775667440e+01    2.6400000000e+02    1.9171617000e-02    5.4138257576e-01
        62   -1.0458996598e+01    1.0983577239e+02   -2.1805409131e+01    1.1346412532e+01   -6.8235426878e+00    5.0967585822e-01   -2.7158748609e+00   -1.2775667440e+01    2.6400000000e+02    1.9111236000e-02    5.4081439394e-01
        63   -1.0504175540e+01    1.1069581867e+02   -2.2151893728e+01    1.1647718187e+01   -7.1131351754e+00    4.3654643019e-01   -2.6996375421e+00   -1.2775667440e+01    2.6400000000e+02    1.9340768000e-02    5.3243371212e-01
        64   -1.0519959426e+01    1.1107718350e+02   -2.1955955754e+01    1.1435996328e+01   -7.1522210951e+00    6.1151573326e-01   -2.6395829520e+00   -1.2775667440e+01    2.6400000000e+02    1.9556819000e-02    5.3366477273e-01
        65   -1.0543158711e+01    1.1230917963e+02   -2.1811357989e+01    1.1268199278e+01   -7.1403341558e+00    7.2772769959e-01   -2.6230840921e+00   -1.2775667440e+01    2.6400000000e+02    1.8951356000e-02    5.3631628788e-01
        66   -1.0537956372e+01    1.1144877431e+02   -2.2099715531e+01    1.1561759160e+01   -7.3475119667e+00    7.6638034167e-01   -2.7429164661e+00   -1.2775667440e+01    2.6400000000e+02    1.8999745000e-02    5.3636363636e-01
        67   -1.0436940013e+01    1.1005458069e+02   -2.2344602966e+01    1.1907662953e+01   -7.2851167759e+00    4.8071706423e-01   -2.7645358143e+00   -1.2775667440e+01    2.6400000000e+02    1.8749825000e-02    5.3328598485e-01
        68   -1.0480189136e+01    1.1026346007e+02   -2.2427482900e+01    1.1947293764e+01   -7.6635976517e+00    7.0210096604e-01   -2.6903187738e+00   -1.2775667440e+01    2.6400000000e+02    1.8955731000e-02    5.3053977273e-01
        69   -1.0498890976e+01    1.1076349882e+02   -2.2379908885e+01    1.1881017909e+01   -7.5817367828e+00    6.6806201846e-01   -2.6905666803e+00   -1.2775667440e+01    2.6400000000e+02    1.9043402000e-02    5.4081439394e-01
        70   -1.0526195051e+01    1.1122507562e+02   -2.2323449210e+01    1.1797254158e+01   -7.5446818734e+00    6.4485958373e-01   -2.6479594799e+00   -1.2775667440e+01    2.6400000000e+02    1.9097318000e-02    5.3267045455e-01
        71   -1.0519734850e+01    1.1112730255e+02   -2.1999818562e+01    1.1480083712e+01   -6.9666718411e+00    5.2126756931e-01   -2.7787468497e+00   -1.2775667440e+01    2.6400000000e+02    1.9107201000e-02    5.3470643939e-01
        72   -1.0582047664e+01    1.1349101981e+02   -2.1970073103e+01    1.1388025439e+01   -7.0891985434e+00    5.7162279730e-01   -2.6768299163e+00   -1.2775667440e+01    2.6400000000e+02    1.9499842000e-02    5.3825757576e-01
        73   -1.0541697941e+01    1.1179509211e+02   -2.2181034035e+01    1.1639336094e+01   -7.2266899524e+00    5.0024401350e-01   -2.6789206557e+00   -1.2775667440e+01    2.6400000000e+02    1.9408128000e-02    5.3503787879e-01
        74   -1.0528189268e+01    1.1120535812e+02   -2.1833393828e+01    1.1305204560e+01   -7.0253947155e+00    7.5679202729e-01   -2.7891236991e+00   -1.2775667440e+01    2.6400000000e+02    1.9471324000e-02    5.3120265152e-01
        75   -1.0516939847e+01    1.1110758294e+02   -2.2308460680e+01    1.1791520833e+01   -7.4891284490e+00    6.1167430437e-01   -2.6553390949e+00   -1.2775667440e+01    2.6400000000e+02    1.9054533000e-02    5.3551136364e-01
        76   -1.0483117709e+01    1.1020869530e+02   -2.2015955688e+01    1.1532837979e+01   -7.0303651111e+00    5.0221307328e-01   -2.7121362097e+00   -1.2775667440e+01    2.6400000000e+02    1.9291308000e-02    5.3892045455e-01
        77   -1.0514881139e+01    1.1091909468e+02   -2.1968757808e+01    1.1453876670e+01   -6.9306019112e+00    5.7507890437e-01   -2.8375673614e+00   -1.2775667440e+01    2.6400000000e+02    1.9348482000e-02    5.3413825758e-01
        78   -1.0550806606e+01    1.1184365261e+02   -2.1915180191e+01    1.1364373585e+01   -7.2811988444e+00    8.2744643461e-01   -2.6857603410e+00   -1.2775667440e+01    2.6400000000e+02    1.9072209000e-02    5.3636363636e-01
        79   -1.0556970679e+01    1.1178436661e+02   -2.1981235366e+01    1.1424264687e+01   -6.9796008865e+00    5.4233946488e-01   -2.7683065038e+00   -1.2775667440e+01    2.6400000000e+02    1.9393531000e-02    5.3271780303e-01
        80   -1.0524955977e+01    1.1114165676e+02   -2.2223209047e+01    1.1698253070e+01   -7.3561443718e+00    6.5956008038e-01   -2.7509573155e+00   -1.2775667440e+01    2.6400000000e+02    1.9324455000e-02    5.3233901515e-01
        81   -1.0491979232e+01    1.1042881112e+02   -2.1909437307e+01    1.1417458075e+01   -7.1278832448e+00    5.8231803629e-01   -2.5882046582e+00   -1.2775667440e+01    2.6400000000e+02    1.9366476000e-02    5.3319128788e-01
        82   -1.0489707904e+01    1.1044634100e+02   -2.2156871046e+01    1.1667163142e+01   -7.2576290009e+00    6.1609182929e-01   -2.7396664345e+00   -1.2775667440e+01    2.6400000000e+02    1.9168625000e-02    5.3437500000e-01
        83   -1.0440336429e+01    1.0943330257e+02   -2.2100464130e+01    1.1660127701e+01   -7.2149340533e+00    4.0993734198e-01   -2.5197999787e+00   -1.2775667440e+01    2.6400000000e+02    1.9580209000e-02    5.4100378788e-01
        84   -1.0536930886e+01    1.1147950599e+02   -2.2192050741e+01    1.1655119855e+01   -7.3121716980e+00    5.9967846623e-01   -2.7038900686e+00   -1.2775667440e+01    2.6400000000e+02    1.9159056000e-02    5.3001893939e-01
        85   -1.0495691201e+01    1.1051364279e+02   -2.1453427155e+01    1.0957735954e+01   -6.5346214520e+00    4.7792625795e-01   -2.6210645205e+00   -1.2775667440e+01    2.6400000000e+02    1.9249444000e-02    5.3404356061e-01
        86   -1.0473480886e+01    1.1013515955e+02   -2.2063101055e+01    1.1589620170e+01   -7.2536410642e+00    5.7586631383e-01   -2.6096588647e+00   -1.2775667440e+01    2.6400000000e+02    1.9199333000e-02    5.4067234848e-01
        87   -1.0411585286e+01    1.0889513178e+02   -2.2585182973e+01    1.2173597687e+01   -7.4946282635e+00    4.5105612662e-01   -2.7659433954e+00   -1.2775667440e+01    2.6400000000e+02    1.9165761000e-02    5.3721590909e-01
        88   -1.0520167383e+01    1.1108806016e+02   -2.2150217797e+01    1.1630050414e+01   -7.1914252151e+00    5.3025019378e-01   -2.7133753350e+00   -1.2775667440e+01    2.6400000000e+02    1.9385758000e-02    5.3499053030e-01
        89   -1.0408642228e+01    1.0890480700e+02   -2.2381066694e+01    1.1972424466e+01   -7.3512887669e+00    3.8920302357e-01   -2.6433135105e+00   -1.2775667440e+01    2.6400000000e+02    1.9148531000e-02    5.3446969697e-01
        90   -1.0502956623e+01    1.1066008760e+02   -2.1814868407e+01    1.1311911784e+01   -6.8203833467e+00    6.1421173105e-01   -2.8330293511e+00   -1.2775667440e+01    2.6400000000e+02    1.9280798000e-02    5.4024621212e-01
        91   -1.0476664136e+01    1.1007831172e+02   -2.1769426196e+01    1.1292762061e+01   -6.8644614813e+00    6.3660373343e-01   -2.7659010082e+00   -1.2775667440e+01    2.6400000000e+02    1.9011327000e-02    5.3731060606e-01
        92   -1.0489495133e+01    1.1040971391e+02   -2.2089184686e+01    1.1599689553e+01   -7.2626138536e+00    6.0984479764e-01   -2.6607481899e+00   -1.2775667440e+01    2.6400000000e+02    1.9182402000e-02    5.3735795455e-01
        93   -1.0509710222e+01    1.1077106311e+02   -2.2377054764e+01    1.1867344542e+01   -7.3384799208e+00    6.2041744175e-01   -2.8833248445e+00   -1.2775667440e+01    2.6400000000e+02    1.9326186000e-02    5.3963068182e-01
        94   -1.0558280353e+01    1.1188083634e+02   -2.1896937603e+01    1.1338657250e+01   -7.0685866167e+00    5.8329885801e-01   -2.6359824044e+00   -1.2775667440e+01    2.6400000000e+02    1.9544389000e-02    5.3745265152e-01
        95   -1.0504888788e+01    1.1072810509e+02   -2.2017707974e+01    1.1512819186e+01   -6.9794789596e+00    4.9295237277e-01   -2.7555139469e+00   -1.2775667440e+01    2.6400000000e+02    1.8989192000e-02    5.2978219697e-01
        96   -1.0461440796e+01    1.0980162529e+02   -2.1944217039e+01    1.1482776243e+01   -6.9595695446e+00    4.8198916223e-01   -2.6909692166e+00   -1.2775667440e+01    2.6400000000e+02    2.0004166000e-02    5.3257575758e-01
        97   -1.0462322907e+01    1.0997267943e+02   -2.1814650539e+01    1.1352327632e+01   -6.9177118963e+00    5.4694664854e-01   -2.6682178508e+00   -1.2775667440e+01    2.6400000000e+02    2.0062512000e-02    5.3773674242e-01
        98   -1.0538035018e+01    1.1142956814e+02   -2.2349236606e+01    1.1811201588e+01   -7.5763419655e+00    6.3588836850e-01   -2.6331155684e+00   -1.2775667440e+01    2.6400000000e+02    1.9380695000e-02    5.2987689394e-01
        99   -1.0500062199e+01    1.1070326605e+02   -2.2024580803e+01    1.1524518604e+01   -7.0062481148e+00    5.0604432332e-01   -2.7487095708e+00   -1.2775667440e+01    2.6400000000e+02    1.9600577000e-02    5.3830492424e-01
       100   -1.0465053588e+01    1.0983128736e+02   -2.1892387930e+01    1.1427334342e+01   -6.9450051358e+00    6.0334865431e-01   -2.7750640086e+00   -1.2775667440e+01    2.6400000000e+02    1.8822048000e-02    5.3887310606e-01
       101   -1.0467496214e+01    1.0992015751e+02   -2.2310783350e+01    1.1843287136e+01   -7.2380226940e+00    3.7980818875e-01   -2.6769014045e+00   -1.2775667440e+01    2.6400000000e+02    1.9529627000e-02    5.3622159091e-01
       102   -1.0427624871e+01    1.0918386717e+02   -2.1855690831e+01    1.1428065960e+01   -6.7254436233e+00    4.4255187446e-01   -2.7971316418e+00   -1.2775667440e+01    2.6400000000e+02    1.9447684000e-02    5.2888257576e-01
       103   -1.0502582487e+01    1.1067571817e+02   -2.1667670891e+01    1.1165088403e+01   -6.6354390094e+00    5.2927191318e-01   -2.7858363542e+00   -1.2775667440e+01    2.6400000000e+02    1.8820725000e-02    5.3593750000e-01
       104   -1.0451190178e+01    1.0964078446e+02   -2.1905971555e+01    1.1454781377e+01   -6.9305557441e+00    4.7677407812e-01   -2.6765224488e+00   -1.2775667440e+01    2.6400000000e+02    1.9160566000e-02    5.4076704545e-01
       105   -1.0569080072e+01    1.1218211046e+02   -2.2206776628e+01    1.1637696556e+01   -7.3327784620e+00    5.8427822219e-01   -2.6826089478e+00   -1.2775667440e+01    2.6400000000e+02    1.8896464000e-02    5.3626893939e-01
       106   -1.0483479975e+01    1.1024550565e+02   -2.1991099503e+01    1.1507619527e+01   -6.9635657578e+00    4.6926466874e-01   -2.7211309734e+00   -1.2775667440e+01    2.6400000000e+02    1.9205865000e-02    5.3622159091e-01
       107   -1.0409097999e+01    1.0870935488e+02   -2.2062241196e+01    1.1653143197e+01   -7.3523930924e+00    6.2904879752e-01   -2.5632294609e+00   -1.2775667440e+01    2.6400000000e+02    1.9040085000e-02    5.3238636364e-01
       108   -1.0420540596e+01    1.0897555662e+02   -2.2149315815e+01    1.1728775219e+01   -7.3881392079e+00    7.1065344988e-01   -2.6961626168e+00   -1.2775667440e+01    2.6400000000e+02    1.8884095000e-02    5.3049242424e-01
       109   -1.0577431635e+01    1.1233908672e+02   -2.2573490292e+01    1.1996058656e+01   -7.5844234644e+00    5.2457633679e-01   -2.7379757238e+00   -1.2775667440e+01    2.6400000000e+02    1.8924032000e-02    5.3697916667e-01
       110   -1.0449923192e+01    1.0968069894e+02   -2.2167489393e+01    1.1717566201e+01   -7.3228535339e+00    5.9493399942e-01   -2.6639024186e+00   -1.2775667440e+01    2.6400000000e+02    1.8911388000e-02    5.3787878788e-01
       111   -1.0501169575e+01    1.1069064405e+02   -2.1785934371e+01    1.1284764796e+01   -6.8929537355e+00    5.8009958693e-01   -2.6974127823e+00   -1.2775667440e+01    2.6400000000e+02    1.8998824000e-02    5.3783143939e-01
       112   -1.0474549418e+01    1.1005527930e+02   -2.2014600317e+01    1.1540050898e+01   -7.3560341982e+00    7.3402197742e-01   -2.6169206555e+00   -1.2775667440e+01    2.6400000000e+02    1.9301806000e-02    5.3863636364e-01
       113   -1.0493157735e+01    1.1044150420e+02   -2.1895364482e+01    1.1402206747e+01   -7.1188517476e+00    7.7108368004e-01   -2.7719289743e+00   -1.2775667440e+01    2.6400000000e+02    1.8835217000e-02    5.2945075758e-01
       114   -1.0525087480e+01    1.1154658072e+02   -2.2093752512e+01    1.1568665031e+01   -7.1495692368e+00    5.7946716454e-01   -2.7479829991e+00   -1.2775667440e+01    2.6400000000e+02    1.8922854000e-02    5.3219696970e-01
       115   -1.0520388712e+01    1.1103482853e+02   -2.1547864012e+01    1.1027475300e+01   -6.7943190252e+00    6.9811003217e-01   -2.6759875791e+00   -1.2775667440e+01    2.6400000000e+02    1.9107726000e-02    5.3716856061e-01
       116   -1.0532267607e+01    1.1134426783e+02   -2.1700817266e+01    1.1168549659e+01   -6.9671348180e+00    6.7100421534e-01   -2.6290192228e+00   -1.2775667440e+01    2.6400000000e+02    1.9210928000e-02    5.4005681818e-01
       117   -1.0544126126e+01    1.1178701450e+02   -2.1446951304e+01    1.0902825178e+01   -6.8424061463e+00    8.5353345751e-01   -2.6824111753e+00   -1.2775667440e+01    2.6400000000e+02    1.9094909000e-02    5.3579545455e-01
       118   -1.0508302542e+01    1.1094056117e+02   -2.1257969016e+01    1.0749666474e+01   -6.3252964114e+00    4.4580070478e-01   -2.6028058690e+00   -1.2775667440e+01    2.6400000000e+02    1.9116523000e-02    5.4199810606e-01
       119   -1.0440862927e+01    1.0941136018e+02   -2.2484139201e+01    1.2043276274e+01   -7.8018096275e+00    7.6181898469e-01   -2.6684811176e+00   -1.2775667440e+01    2.6400000000e+02    1.8875883000e-02    5.3229166667e-01
       120   -1.0515415851e+01    1.1093730092e+02   -2.2611551017e+01    1.2096135166e+01   -7.6406496739e+00    5.0667848549e-01   -2.7019123886e+00   -1.2775667440e+01    2.6400000000e+02    1.9081487000e-02    5.3300189394e-01
       121   -1.0487686928e+01    1.1067625248e+02   -2.2301216607e+01    1.1813529679e+01   -7.4343233821e+00    5.5988475611e-01   -2.6511105409e+00   -1.2775667440e+01    2.6400000000e+02    1.9363376000e-02    5.3967803030e-01
       122   -1.0481109667e+01    1.1022838115e+02   -2.1999148431e+01    1.1518038764e+01   -6.9614798864e+00    5.1974560598e-01   -2.7817467102e+00   -1.2775667440e+01    2.6400000000e+02    1.8990873000e-02    5.3532196970e-01
       123   -1.0428175975e+01    1.0917214364e+02   -2.2401344690e+01    1.1973168715e+01   -7.6429547462e+00    6.6737156823e-01   -2.6500940716e+00   -1.2775667440e+01    2.6400000000e+02    1.9194764000e-02    5.3063446970e-01
       124   -1.0447964631e+01    1.0952150540e+02   -2.1574410223e+01    1.1126445591e+01   -6.5117002681e+00    4.3539005771e-01   -2.7224325720e+00   -1.2775667440e+01    2.6400000000e+02    1.9842450000e-02    5.3688446970e-01
       125   -1.0493561031e+01    1.1059246484e+02   -2.2000493845e+01    1.1506932814e+01   -7.3011915439e+00    7.8141448561e-01   -2.7050493466e+00   -1.2775667440e+01    2.6400000000e+02    1.9504667000e-02    5.3555871212e-01
       126   -1.0510503976e+01    1.1088247314e+02   -2.2252950197e+01    1.1742446221e+01   -7.4183455835e+00    6.3589867558e-01   -2.6948358487e+00   -1.2775667440e+01    2.6400000000e+02    1.9398907000e-02    5.3750000000e-01
       127   -1.0481165876e+01    1.1024089365e+02   -2.2100472957e+01    1.1619307081e+01   -7.3766923386e+00    7.2605593783e-01   -2.6741691161e+00   -1.2775667440e+01    2.6400000000e+02    1.9704666000e-02    5.3399621212e-01
       128   -1.0435003603e+01    1.0937591089e+02   -2.1775556938e+01    1.1340553335e+01   -6.8350586223e+00    4.9545740638e-01   -2.6602882823e+00   -1.2775667440e+01    2.6400000000e+02    1.9018396000e-02    5.4256628788e-01
       129   -1.0510177272e+01    1.1086609517e+02   -2.2100122033e+01    1.1589944762e+01   -7.3825012712e+00    7.0599954482e-01   -2.6479528667e+00   -1.2775667440e+01    2.6400000000e+02    1.9449660000e-02    5.3858901515e-01
       130   -1.0465373721e+01    1.1021547949e+02   -2.1999561851e+01    1.1534188130e+01   -7.3519985639e+00    7.0241089960e-01   -2.5743067467e+00   -1.2775667440e+01    2.6400000000e+02    1.9318502000e-02    5.3958333333e-01
       131   -1.0482734462e+01    1.1036220791e+02   -2.2107435507e+01    1.1624701045e+01   -7.1200186197e+00    4.5955191215e-01   -2.6713013590e+00   -1.2775667440e+01    2.6400000000e+02    1.9595226000e-02    5.3697916667e-01
       132   -1.0527187458e+01    1.1121761960e+02   -2.2217503543e+01    1.1690316085e+01   -7.4668593977e+00    7.3916131744e-01   -2.7141380221e+00   -1.2775667440e+01    2.6400000000e+02    1.9265727000e-02    5.3423295455e-01
       133   -1.0456939900e+01    1.0980336882e+02   -2.1832256417e+01    1.1375316517e+01   -6.9785052495e+00    5.0110978128e-01   -2.5791935087e+00   -1.2775667440e+01    2.6400000000e+02    1.9632477000e-02    5.3882575758e-01
       134   -1.0473620084e+01    1.1012581234e+02   -2.1763192911e+01    1.1289572827e+01   -6.9335671695e+00    6.6226436167e-01   -2.7162226633e+00   -1.2775667440e+01    2.6400000000e+02    1.9418542000e-02    5.3754734848e-01
       135   -1.0456387116e+01    1.0976806917e+02   -2.2115872084e+01    1.1659484968e+01   -7.1961398102e+00    5.0755450569e-01   -2.6516193397e+00   -1.2775667440e+01    2.6400000000e+02    1.9283054000e-02    5.3087121212e-01
       136   -1.0447825303e+01    1.0965944210e+02   -2.2283368533e+01    1.1835543230e+01   -7.5496139786e+00    6.7233994175e-01   -2.6304270558e+00   -1.2775667440e+01    2.6400000000e+02    1.9464105000e-02    5.3622159091e-01
       137   -1.0439506442e+01    1.0938465110e+02   -2.2117532750e+01    1.1678026309e+01   -7.3611179039e+00    7.0360108857e-01   -2.6843484948e+00   -1.2775667440e+01    2.6400000000e+02    1.9343642000e-02    5.3697916667e-01
       138   -1.0513406263e+01    1.1089071379e+02   -2.1841572563e+01    1.1328166300e+01   -6.7184772322e+00    4.6402658345e-01   -2.8114544738e+00   -1.2775667440e+01    2.6400000000e+02    1.9515791000e-02    5.4038825758e-01
       139   -1.0500932772e+01    1.1074149966e+02   -2.1809048650e+01    1.1308115878e+01   -6.8721746868e+00    5.8096539882e-01   -2.7421719217e+00   -1.2775667440e+01    2.6400000000e+02    1.9648107000e-02    5.3380681818e-01
       140   -1.0524816410e+01    1.1132609158e+02   -2.2040662828e+01    1.1515846418e+01   -7.0437034940e+00    5.0508371819e-01   -2.7263756119e+00   -1.2775667440e+01    2.6400000000e+02    1.9474065000e-02    5.3333333333e-01
       141   -1.0506966334e+01    1.1076314880e+02   -2.1973033043e+01    1.1466066709e+01   -6.9941312499e+00    5.7025130294e-01   -2.7734856558e+00   -1.2775667440e+01    2.6400000000e+02    1.9195107000e-02    5.3328598485e-01
       142   -1.0493014626e+01    1.1052374092e+02   -2.1827709643e+01    1.1334695018e+01   -7.0325198272e+00    6.7242757034e-01   -2.6919499463e+00   -1.2775667440e+01    2.6400000000e+02    1.9470980000e-02    5.4384469697e-01
       143   -1.0501292946e+01    1.1070384409e+02   -2.1869660897e+01    1.1368367951e+01   -6.9560812521e+00    5.5281715064e-01   -2.6907293553e+00   -1.2775667440e+01    2.6400000000e+02    1.9503854000e-02    5.3371212121e-01
       144   -1.0524990951e+01    1.1117341272e+02   -2.2581265086e+01    1.2056274135e+01   -7.9004025563e+00    6.7632799731e-01   -2.5815230866e+00   -1.2775667440e+01    2.6400000000e+02    1.9381720000e-02    5.3716856061e-01
       145   -1.0489314682e+01    1.1040150387e+02   -2.1966696125e+01    1.1477381442e+01   -7.2529592449e+00    7.6790589091e-01   -2.7059753304e+00   -1.2775667440e+01    2.6400000000e+02    1.9409100000e-02    5.4379734848e-01
       146   -1.0475937415e+01    1.1021043707e+02   -2.1982427581e+01    1.1506490166e+01   -7.2936446758e+00    6.8379724247e-01   -2.5969127074e+00   -1.2775667440e+01    2.6400000000e+02    1.9273597000e-02    5.3437500000e-01
       147   -1.0540713839e+01    1.1151667957e+02   -2.2062956269e+01    1.1522242430e+01   -7.2767567646e+00    6.4791497893e-01   -2.6584470433e+00   -1.2775667440e+01    2.6400000000e+02    1.9337674000e-02    5.2911931818e-01
       148   -1.0485815899e+01    1.1043504780e+02   -2.2177439652e+01    1.1691623752e+01   -7.4132566444e+00    6.7391826177e-01   -2.6624338289e+00   -1.2775667440e+01    2.6400000000e+02    1.9409307000e-02    5.3839962121e-01
       149   -1.0539962924e+01    1.1138419177e+02   -2.2175210873e+01    1.1635247950e+01   -7.1897495257e+00    5.9682241549e-01   -2.8066163229e+00   -1.2775667440e+01    2.6400000000e+02    1.9777199000e-02    5.3271780303e-01
       150   -1.0450979306e+01    1.0965772131e+02   -2.2547682711e+01    1.2096703405e+01   -7.5761347893e+00    5.3028757109e-01   -2.7261680526e+00   -1.2775667440e+01    2.6400000000e+02    1.9447872000e-02    5.4005681818e-01
       151   -1.0546103978e+01    1.1164084917e+02   -2.1757677734e+01    1.1211573756e+01   -6.9993523313e+00    7.1259455596e-01   -2.6952525179e+00   -1.2775667440e+01    2.6400000000e+02    1.9494234000e-02    5.3750000000e-01
       152   -1.0505594950e+01    1.1076767225e+02   -2.1882051602e+01    1.1376456652e+01   -7.0652325711e+00    5.6486900025e-01   -2.6060205913e+00   -1.2775667440e+01    2.6400000000e+02    1.9307976000e-02    5.3920454545e-01
       153   -1.0443902349e+01    1.0948068758e+02   -2.2272307770e+01    1.1828405421e+01   -7.2437820413e+00    5.2444270618e-01   -2.7773009946e+00   -1.2775667440e+01    2.6400000000e+02    1.9410183000e-02    5.3693181818e-01
       154   -1.0470835482e+01    1.1002620239e+02   -2.2054156287e+01    1.1583320805e+01   -7.0907953126e+00    5.4687303648e-01   -2.7345665705e+00   -1.2775667440e+01    2.6400000000e+02    1.9242516000e-02    5.3082386364e-01
       155   -1.0489340007e+01    1.1048052758e+02   -2.2053600133e+01    1.1564260125e+01   -7.2197262040e+00    5.7649087894e-01   -2.6346973673e+00   -1.2775667440e+01    2.6400000000e+02    1.9165665000e-02    5.3693181818e-01
       156   -1.0529762070e+01    1.1135097292e+02   -2.2511375546e+01    1.1981613476e+01   -7.5758629871e+00    4.0273922601e-01   -2.5625843450e+00   -1.2775667440e+01    2.6400000000e+02    1.9173960000e-02    5.3323863636e-01
       157   -1.0399727637e+01    1.0854799048e+02   -2.2130330165e+01    1.1730602527e+01   -7.2750530184e+00    5.0656968863e-01   -2.5861793948e+00   -1.2775667440e+01    2.6400000000e+02    1.9261427000e-02    5.3503787879e-01
       158   -1.0435299555e+01    1.0944935573e+02   -2.2098364104e+01    1.1663064548e+01   -7.4685986611e+00    8.0686718072e-01   -2.6609651831e+00   -1.2775667440e+01    2.6400000000e+02    1.9164575000e-02    5.3712121212e-01
       159   -1.0454760277e+01    1.0971667000e+02   -2.1832713326e+01    1.1377953049e+01   -7.0137966245e+00    6.6635104859e-01   -2.7096003100e+00   -1.2775667440e+01    2.6400000000e+02    1.9141964000e-02    5.3787878788e-01
       160   -1.0462189583e+01    1.1005573979e+02   -2.1820338778e+01    1.1358149194e+01   -7.0763768308e+00    6.9623572975e-01   -2.6645302366e+00   -1.2775667440e+01    2.6400000000e+02    1.9046897000e-02    5.3740530303e-01
       161   -1.0465974177e+01    1.1000007082e+02   -2.2236654778e+01    1.1770680601e+01   -7.5824433943e+00    7.2319228112e-01   -2.6017362246e+00   -1.2775667440e+01    2.6400000000e+02    1.9240087000e-02    5.3631628788e-01
       162   -1.0458572509e+01    1.0982810407e+02   -2.2273562121e+01    1.1814989612e+01   -7.7108463686e+00    7.7219095469e-01   -2.5592392666e+00   -1.2775667440e+01    2.6400000000e+02    1.9402999000e-02    5.3432765152e-01
       163   -1.0502903128e+01    1.1063339674e+02   -2.2319956903e+01    1.1817053775e+01   -7.2666257917e+00    5.1568658501e-01   -2.7933502561e+00   -1.2775667440e+01    2.6400000000e+02    1.9270868000e-02    5.3631628788e-01
       164   -1.0454559574e+01    1.0973409775e+02   -2.2026423811e+01    1.1571864237e+01   -7.2156310731e+00    6.6658055627e-01   -2.7017058538e+00   -1.2775667440e+01    2.6400000000e+02    1.9355602000e-02    5.3707386364e-01
       165   -1.0483986412e+01    1.1039296141e+02   -2.2364546981e+01    1.1880560570e+01   -7.7225939723e+00    6.6610647894e-01   -2.5323920478e+00   -1.2775667440e+01    2.6400000000e+02    1.9218236000e-02    5.3570075758e-01
       166   -1.0534663281e+01    1.1144013013e+02   -2.2538958564e+01    1.2004295283e+01   -7.6042178543e+00    5.5764970994e-01   -2.7167229793e+00   -1.2775667440e+01    2.6400000000e+02    1.9588726000e-02    5.3423295455e-01
       167   -1.0422539343e+01    1.0901433709e+02   -2.1952359634e+01    1.1529820291e+01   -7.0163270225e+00    5.4210959123e-01   -2.7024747623e+00   -1.2775667440e+01    2.6400000000e+02    1.9120471000e-02    5.2949810606e-01
       168   -1.0394915598e+01    1.0843061279e+02   -2.2103529238e+01    1.1708613640e+01   -7.0905089592e+00    4.6889161334e-01   -2.7062444520e+00   -1.2775667440e+01    2.6400000000e+02    1.9073366000e-02    5.3650568182e-01
       169   -1.0397387181e+01    1.0856549956e+02   -2.2183321682e+01    1.1785934501e+01   -7.4213101603e+00    6.5900537284e-01   -2.6453494539e+00   -1.2775667440e+01    2.6400000000e+02    1.9252337000e-02    5.3186553030e-01
       170   -1.0540758193e+01    1.1147418961e+02   -2.1881621242e+01    1.1340863050e+01   -7.3096962887e+00    8.1176611015e-01   -2.6080236235e+00   -1.2775667440e+01    2.6400000000e+02    1.9148992000e-02    5.3778409091e-01
       171   -1.0469670603e+01    1.1005622156e+02   -2.1938982089e+01    1.1469311486e+01   -7.1910688446e+00    7.8349430717e-01   -2.7557401109e+00   -1.2775667440e+01    2.6400000000e+02    1.9366357000e-02    5.3854166667e-01
       172   -1.0435565423e+01    1.0937907180e+02   -2.2077487039e+01    1.1641921615e+01   -7.1441790585e+00    5.8307917961e-01   -2.7407197194e+00   -1.2775667440e+01    2.6400000000e+02    1.9158021000e-02    5.3423295455e-01
       173   -1.0507804245e+01    1.1080176800e+02   -2.1889322436e+01    1.1381518191e+01   -6.9324251914e+00    5.9626175350e-01   -2.7774915579e+00   -1.2775667440e+01    2.6400000000e+02    1.9402994000e-02    5.3139204545e-01
       174   -1.0483518718e+01    1.1025777052e+02   -2.1438541537e+01    1.0955022820e+01   -6.7508251366e+00    6.1561906764e-01   -2.5276680281e+00   -1.2775667440e+01    2.6400000000e+02    1.9401712000e-02    5.3546401515e-01
       175   -1.0508273608e+01    1.1080509347e+02   -2.2153044293e+01    1.1644770685e+01   -7.2884707009e+00    5.8853927822e-01   -2.6774454299e+00   -1.2775667440e+01    2.6400000000e+02    1.9431355000e-02    5.3674242424e-01
       176   -1.0420009408e+01    1.0907049569e+02   -2.2423272952e+01    1.2003263544e+01   -7.5311879190e+00    5.8799382527e-01   -2.7044114182e+00   -1.2775667440e+01    2.6400000000e+02    1.9245093000e-02    5.4332386364e-01
       177   -1.0512934139e+01    1.1122294259e+02   -2.1665790130e+01    1.1152855991e+01   -6.7660093391e+00    5.8608946075e-01   -2.7102028119e+00   -1.2775667440e+01    2.6400000000e+02    1.9538802000e-02    5.3380681818e-01
       178   -1.0488893506e+01    1.1040699379e+02   -2.2106834869e+01    1.1617941363e+01   -7.2080953750e+00    6.6711146601e-01   -2.7901835198e+00   -1.2775667440e+01    2.6400000000e+02    1.9288108000e-02    5.3546401515e-01
       179   -1.0516830762e+01    1.1095301078e+02   -2.1596910094e+01    1.1080079332e+01   -6.6662240334e+00    5.5627996036e-01   -2.7112985806e+00   -1.2775667440e+01    2.6400000000e+02    1.9243134000e-02    5.3394886364e-01
       180   -1.0442532033e+01    1.0941905268e+02   -2.2049059164e+01    1.1606527131e+01   -7.3585229972e+00    6.4375148870e-01   -2.5586202152e+00   -1.2775667440e+01    2.6400000000e+02    1.9932751000e-02    5.3688446970e-01
       181   -1.0487334726e+01    1.1046903335e+02   -2.1877391041e+01    1.1390056315e+01   -7.0416583896e+00    6.3823880724e-01   -2.6983040188e+00   -1.2775667440e+01    2.6400000000e+02    1.9285284000e-02    5.3470643939e-01
       182   -1.0518652532e+01    1.1124785191e+02   -2.2176041806e+01    1.1657389274e+01   -7.4056826617e+00    7.1819551766e-01   -2.7128872218e+00   -1.2775667440e+01    2.6400000000e+02    1.9410085000e-02    5.3778409091e-01
       183   -1.0502802381e+01    1.1071250801e+02   -2.2838767090e+01    1.2335964709e+01   -7.7775105090e+00    4.9316908373e-01   -2.7787582246e+00   -1.2775667440e+01    2.6400000000e+02    1.9273382000e-02    5.3982007576e-01
       184   -1.0537959766e+01    1.1152177911e+02   -2.1930555733e+01    1.1392595967e+01   -7.3700992836e+00    8.1343108244e-01   -2.5982200917e+00   -1.2775667440e+01    2.6400000000e+02    1.9482054000e-02    5.2542613636e-01
       185   -1.0519822030e+01    1.1105953384e+02   -2.2052081833e+01    1.1532259803e+01   -7.0530380990e+00    4.7520806734e-01   -2.6985843611e+00   -1.2775667440e+01    2.6400000000e+02    1.9853491000e-02    5.3811553030e-01
       186   -1.0468125747e+01    1.0997813497e+02   -2.2313050203e+01    1.1844924456e+01   -7.2085401496e+00    4.1807784284e-01   -2.7469204560e+00   -1.2775667440e+01    2.6400000000e+02    1.9213229000e-02    5.3527462121e-01
       187   -1.0446338516e+01    1.0951446928e+02   -2.2066184496e+01    1.1619845980e+01   -7.1103586151e+00    5.8338121829e-01   -2.7635396586e+00   -1.2775667440e+01    2.6400000000e+02    1.9417537000e-02    5.3077651515e-01
       188   -1.0526411429e+01    1.1124725307e+02   -2.2257362794e+01    1.1730951365e+01   -7.2860471187e+00    5.6869239120e-01   -2.7643406264e+00   -1.2775667440e+01    2.6400000000e+02    1.9314908000e-02    5.3091856061e-01
       189   -1.0489703945e+01    1.1048615187e+02   -2.2024865150e+01    1.1535161205e+01   -6.9863818494e+00    4.7228682172e-01   -2.7351026823e+00   -1.2775667440e+01    2.6400000000e+02    1.9639718000e-02    5.4067234848e-01
       190   -1.0497763379e+01    1.1059469091e+02   -2.2199916037e+01    1.1702152659e+01   -7.2353395194e+00    5.8014384060e-01   -2.7690529183e+00   -1.2775667440e+01    2.6400000000e+02    1.9379893000e-02    5.4038825758e-01
       191   -1.0525973440e+01    1.1121551122e+02   -2.1900441972e+01    1.1374468532e+01   -6.9483762512e+00    5.3914559148e-01   -2.7155438720e+00   -1.2775667440e+01    2.6400000000e+02    1.9373814000e-02    5.3025568182e-01
       192   -1.0482515277e+01    1.1031815513e+02   -2.1963494677e+01    1.1480979399e+01   -7.0624794248e+00    5.9547153016e-01   -2.7208193417e+00   -1.2775667440e+01    2.6400000000e+02    1.9857550000e-02    5.3409090909e-01
       193   -1.0499562133e+01    1.1093387900e+02   -2.1873763619e+01    1.1374201487e+01   -7.3439772120e+00    7.4340903002e-01   -2.4975279970e+00   -1.2775667440e+01    2.6400000000e+02    1.9280943000e-02    5.3816287879e-01
       194   -1.0444015581e+01    1.0952333457e+02   -2.1842112297e+01    1.1398096716e+01   -7.0844997222e+00    6.3925076067e-01   -2.6211958947e+00   -1.2775667440e+01    2.6400000000e+02    1.9767461000e-02    5.4043560606e-01
       195   -1.0452681781e+01    1.0960973139e+02   -2.2821018537e+01    1.2368336756e+01   -7.9722027699e+00    6.7213125055e-01   -2.7452795771e+00   -1.2775667440e+01    2.6400000000e+02    1.9427234000e-02    5.3589015152e-01
       196   -1.0443595359e+01    1.0945511596e+02   -2.1504081585e+01    1.1060486226e+01   -6.4112061016e+00    4.4925395319e-01   -2.7664619961e+00   -1.2775667440e+01    2.6400000000e+02    1.9492988000e-02    5.3645833333e-01
       197   -1.0513377633e+01    1.1098247618e+02   -2.2440902475e+01    1.1927524842e+01   -7.7767027684e+00    6.6237508705e-01   -2.5509073535e+00   -1.2775667440e+01    2.6400000000e+02    1.9478031000e-02    5.3295454545e-01
       198   -1.0436947219e+01    1.0931753405e+02   -2.1983515047e+01    1.1546567828e+01   -7.1461808096e+00    5.8426928367e-01   -2.6459360808e+00   -1.2775667440e+01    2.6400000000e+02    1.9464935000e-02    5.3750000000e-01
       199   -1.0417710205e+01    1.0911824817e+02   -2.2683766847e+01    1.2266056641e+01   -7.6505943691e+00    3.1606275879e-01   -2.5735677961e+00   -1.2775667440e+01    2.6400000000e+02    1.9371816000e-02    5.3560606061e-01
