#   index    LocalEnergy         LocalEnergy_sq      LocalPotential      Kinetic             LocalECP            NonLocalECP         ElecElec            IonIon              BlockWeight         BlockCPU            AcceptRatio         
         0   -1.0525366014e+01    1.1117544340e+02   -2.1625701783e+01    1.1100335768e+01   -6.6796874606e+00    5.8534550882e-01   -2.7556923905e+00   -1.2775667440e+01    2.6400000000e+02    2.2862509000e-02    5.3451704545e-01
         1   -1.0573081083e+01    1.1216885449e+02   -2.2361646483e+01    1.1788565400e+01   -7.4980874207e+00    6.2332344870e-01   -2.7112150711e+00   -1.2775667440e+01    2.6400000000e+02    2.2738824000e-02    5.3394886364e-01
         2   -1.0513340851e+01    1.1104603547e+02   -2.2057049189e+01    1.1543708338e+01   -7.4760740440e+00    6.8519944068e-01   -2.4905071452e+00   -1.2775667440e+01    2.6400000000e+02    2.2040822000e-02    5.3409090909e-01
         3   -1.0472408947e+01    1.1006453869e+02   -2.1990270402e+01    1.1517861456e+01   -7.1175198503e+00    6.5499103437e-01   -2.7520741462e+00   -1.2775667440e+01    2.6400000000e+02    2.2123271000e-02    5.3432765152e-01
         4   -1.0459896346e+01    1.0984007317e+02   -2.1625353391e+01    1.1165457045e+01   -6.6841876953e+00    5.2967654804e-01   -2.6951748034e+00   -1.2775667440e+01    2.6400000000e+02    2.1814393000e-02    5.3626893939e-01
         5   -1.0470277335e+01    1.1009254267e+02   -2.2629128018e+01    1.2158850683e+01   -7.7266087141e+00    6.5422552540e-01   -2.7810773889e+00   -1.2775667440e+01    2.6400000000e+02    2.2387562000e-02    5.3139204545e-01
         6   -1.0609250470e+01    1.1314581577e+02   -2.2420901709e+01    1.1811651239e+01   -7.6143063935e+00    6.6528760887e-01   -2.6962154843e+00   -1.2775667440e+01    2.6400000000e+02    2.2841332000e-02    5.3560606061e-01
         7   -1.0474650066e+01    1.1014895033e+02   -2.1663839215e+01    1.1189189149e+01   -6.5421062088e+00    4.0770950886e-01   -2.7537750748e+00   -1.2775667440e+01    2.6400000000e+02    2.2704745000e-02    5.4232954545e-01
         8   -1.0461872656e+01    1.0995591738e+02   -2.1825877838e+01    1.1364005182e+01   -7.4070013172e+00    8.8963826408e-01   -2.5328473442e+00   -1.2775667440e+01    2.6400000000e+02    2.2980813000e-02    5.3394886364e-01
         9   -1.0468997109e+01    1.0997960751e+02   -2.1532853407e+01    1.1063856298e+01   -6.5696272406e+00    5.4897490832e-01   -2.7365336343e+00   -1.2775667440e+01    2.6400000000e+02    2.2876386000e-02    5.3565340909e-01
        10   -1.0500803462e+01    1.1076645578e+02   -2.1937006010e+01    1.1436202548e+01   -7.2119514621e+00    6.1032282241e-01   -2.5597099304e+00   -1.2775667440e+01    2.6400000000e+02    2.2820968000e-02    5.3238636364e-01
        11   -1.0431807123e+01    1.0924502904e+02   -2.2398906414e+01    1.1967099291e+01   -7.4428441664e+00    4.4622659915e-01   -2.6266214068e+00   -1.2775667440e+01    2.6400000000e+02    2.3017757000e-02    5.3731060606e-01
        12   -1.0503828745e+01    1.1078414630e+02   -2.2207799852e+01    1.1703971106e+01   -7.2469244719e+00    4.3326928137e-01   -2.6184772212e+00   -1.2775667440e+01    2.6400000000e+02    2.2890754000e-02    5.4100378788e-01
        13   -1.0499427680e+01    1.1063277768e+02   -2.1707921970e+01    1.1208494290e+01   -6.7051759171e+00    5.3270542986e-01   -2.7597840425e+00   -1.2775667440e+01    2.6400000000e+02    2.2708725000e-02    5.3167613636e-01
        14   -1.0509020302e+01    1.1071628677e+02   -2.1795416602e+01    1.1286396300e+01   -6.8422768289e+00    5.7538167423e-01   -2.7528540072e+00   -1.2775667440e+01    2.6400000000e+02    2.2831820000e-02    5.3555871212e-01
        15   -1.0457671414e+01    1.0977566473e+02   -2.2015307118e+01    1.1557635704e+01   -7.2073937447e+00    6.5715675894e-01   -2.6894026919e+00   -1.2775667440e+01    2.6400000000e+02    2.2743387000e-02    5.3101325758e-01
        16   -1.0543042271e+01    1.1155778381e+02   -2.1944554802e+01    1.1401512531e+01   -7.1662073116e+00    6.6305801748e-01   -2.6657380676e+00   -1.2775667440e+01    2.6400000000e+02    2.2759648000e-02    5.4256628788e-01
        17   -1.0480602443e+01    1.1033790246e+02   -2.1785550635e+01    1.1304948193e+01   -6.9812023743e+00    5.8136172322e-01   -2.6100425442e+00   -1.2775667440e+01    2.6400000000e+02    2.2738012000e-02    5.3745265152e-01
        18   -1.0503537082e+01    1.1073348344e+02   -2.1873711312e+01    1.1370174230e+01   -7.1024352446e+00    7.0115338848e-01   -2.6967620158e+00   -1.2775667440e+01    2.6400000000e+02    2.2665222000e-02    5.3617424242e-01
        19   -1.0561276422e+01    1.1189716921e+02   -2.2413849131e+01    1.1852572709e+01   -7.5899340891e+00    6.1821194310e-01   -2.6664595444e+00   -1.2775667440e+01    2.6400000000e+02    2.2724408000e-02    5.3896780303e-01
        20   -1.0494313626e+01    1.1053713869e+02   -2.1988017076e+01    1.1493703450e+01   -7.0234125143e+00    5.4137072225e-01   -2.7303078433e+00   -1.2775667440e+01    2.6400000000e+02    2.2634468000e-02    5.3688446970e-01
        21   -1.0492262798e+01    1.1053885590e+02   -2.2462047264e+01    1.1969784466e+01   -7.3303861898e+00    3.9736110729e-01   -2.7533547411e+00   -1.2775667440e+01    2.6400000000e+02    2.3035788000e-02    5.3428030303e-01
        22   -1.0464250077e+01    1.0998676692e+02   -2.2230821653e+01    1.1766571576e+01   -7.6173594305e+00    8.2556204311e-01   -2.6633568253e+00   -1.2775667440e+01    2.6400000000e+02    2.2775631000e-02    5.3901515152e-01
        23   -1.0499723651e+01    1.1064032192e+02   -2.2018087559e+01    1.1518363909e+01   -7.1310866563e+00    6.3221134983e-01   -2.7435448127e+00   -1.2775667440e+01    2.6400000000e+02    2.2739488000e-02    5.2547348485e-01
        24   -1.0455500277e+01    1.0993196259e+02   -2.2115925953e+01    1.1660425676e+01   -7.3977496262e+00    7.6903905434e-01   -2.7115479410e+00   -1.2775667440e+01    2.6400000000e+02    2.2510094000e-02    5.3598484848e-01
        25   -1.0529362175e+01    1.1125631460e+02   -2.1703597673e+01    1.1174235498e+01   -7.0527648281e+00    8.2633495408e-01   -2.7015003587e+00   -1.2775667440e+01    2.6400000000e+02    2.2578722000e-02    5.3697916667e-01
        26   -1.0504968459e+01    1.1079461739e+02   -2.2539536010e+01    1.2034567550e+01   -7.9011333167e+00    7.5185654437e-01   -2.6145917972e+00   -1.2775667440e+01    2.6400000000e+02    2.2692683000e-02    5.2836174242e-01
        27   -1.0449982661e+01    1.0957598428e+02   -2.2401952450e+01    1.1951969789e+01   -7.7225921812e+00    6.0639805521e-01   -2.5100908833e+00   -1.2775667440e+01    2.6400000000e+02    2.2953576000e-02    5.3484848485e-01
        28   -1.0447221214e+01    1.0954617368e+02   -2.1404496155e+01    1.0957274942e+01   -6.6094017302e+00    5.9715817278e-01   -2.6165851576e+00   -1.2775667440e+01    2.6400000000e+02    2.2596905000e-02    5.3428030303e-01
        29   -1.0392851929e+01    1.0870034750e+02   -2.2084666933e+01    1.1691815004e+01   -7.1221973645e+00    5.2810319698e-01   -2.7149053258e+00   -1.2775667440e+01    2.6400000000e+02    2.2655697000e-02    5.3816287879e-01
        30   -1.0370821751e+01    1.0809995781e+02   -2.2229879655e+01    1.1859057904e+01   -7.3883452873e+00    6.2062500434e-01   -2.6864919315e+00   -1.2775667440e+01    2.6400000000e+02    2.2935659000e-02    5.4128787879e-01
        31   -1.0396688585e+01    1.0849840522e+02   -2.1968249502e+01    1.1571560918e+01   -7.0672707848e+00    5.7005776047e-01   -2.6953690377e+00   -1.2775667440e+01    2.6400000000e+02    2.2864771000e-02    5.3735795455e-01
        32   -1.0503293757e+01    1.1071262629e+02   -2.2119558961e+01    1.1616265203e+01   -7.3109901660e+00    6.5149418561e-01   -2.6843955402e+00   -1.2775667440e+01    2.6400000000e+02    2.2917727000e-02    5.3257575758e-01
        33   -1.0492603118e+01    1.1055756253e+02   -2.2332468304e+01    1.1839865185e+01   -7.5690732479e+00    6.6750950031e-01   -2.6552371158e+00   -1.2775667440e+01    2.6400000000e+02    2.2747892000e-02    5.3839962121e-01
        34   -1.0528722612e+01    1.1125240772e+02   -2.2198563710e+01    1.1669841097e+01   -7.5173240161e+00    7.5250426327e-01   -2.6580765167e+00   -1.2775667440e+01    2.6400000000e+02    2.2757594000e-02    5.3783143939e-01
        35   -1.0553262328e+01    1.1181608672e+02   -2.2108184240e+01    1.1554921912e+01   -7.3836166417e+00    8.2097647362e-01   -2.7698766316e+00   -1.2775667440e+01    2.6400000000e+02    2.2843927000e-02    5.3375946970e-01
        36   -1.0530191729e+01    1.1126804871e+02   -2.2412011131e+01    1.1881819402e+01   -7.5048303669e+00    5.8977369189e-01   -2.7212870157e+00   -1.2775667440e+01    2.6400000000e+02    2.2810659000e-02    5.3731060606e-01
        37   -1.0578071766e+01    1.1237398645e+02   -2.1961933690e+01    1.1383861924e+01   -7.2768849148e+00    7.5017595962e-01   -2.6595572950e+00   -1.2775667440e+01    2.6400000000e+02    2.2910871000e-02    5.3887310606e-01
        38   -1.0510102418e+01    1.1085243045e+02   -2.2112658811e+01    1.1602556392e+01   -7.2826454360e+00    6.2556750192e-01   -2.6799134364e+00   -1.2775667440e+01    2.6400000000e+02    2.3521532000e-02    5.3380681818e-01
        39   -1.0497771395e+01    1.1066455639e+02   -2.2335530589e+01    1.1837759195e+01   -7.3941213179e+00    4.8323803403e-01   -2.6489798653e+00   -1.2775667440e+01    2.6400000000e+02    2.3816417000e-02    5.4024621212e-01
        40   -1.0540949570e+01    1.1146161311e+02   -2.2090932089e+01    1.1549982519e+01   -7.2993522102e+00    6.6678111242e-01   -2.6826935509e+00   -1.2775667440e+01    2.6400000000e+02    2.3933006000e-02    5.3683712121e-01
        41   -1.0410202465e+01    1.0902304105e+02   -2.2796880935e+01    1.2386678470e+01   -7.6302023308e+00    2.9622364559e-01   -2.6872348098e+00   -1.2775667440e+01    2.6400000000e+02    2.3645885000e-02    5.3494318182e-01
        42   -1.0553019369e+01    1.1177520352e+02   -2.1728758272e+01    1.1175738903e+01   -7.0185583268e+00    6.8649806971e-01   -2.6210305747e+00   -1.2775667440e+01    2.6400000000e+02    2.3923181000e-02    5.3669507576e-01
        43   -1.0499968568e+01    1.1068678813e+02   -2.2394744833e+01    1.1894776265e+01   -7.6242177057e+00    6.3099174005e-01   -2.6258514275e+00   -1.2775667440e+01    2.6400000000e+02    2.3702988000e-02    5.3314393939e-01
        44   -1.0523539823e+01    1.1115964784e+02   -2.1728427433e+01    1.1204887611e+01   -6.8169973515e+00    6.8446593099e-01   -2.8202285725e+00   -1.2775667440e+01    2.6400000000e+02    2.4084610000e-02    5.3688446970e-01
        45   -1.0503983218e+01    1.1065761290e+02   -2.2093791701e+01    1.1589808483e+01   -7.0941688075e+00    5.8590055531e-01   -2.8098560081e+00   -1.2775667440e+01    2.6400000000e+02    2.3777391000e-02    5.3854166667e-01
        46   -1.0543017952e+01    1.1168535766e+02   -2.1916408191e+01    1.1373390239e+01   -7.0295076982e+00    5.9811162750e-01   -2.7093446798e+00   -1.2775667440e+01    2.6400000000e+02    2.3652156000e-02    5.3437500000e-01
        47   -1.0529722078e+01    1.1121949420e+02   -2.2247790994e+01    1.1718068916e+01   -7.4511931236e+00    6.2986464339e-01   -2.6507950731e+00   -1.2775667440e+01    2.6400000000e+02    2.3173856000e-02    5.3565340909e-01
        48   -1.0444558353e+01    1.0953154328e+02   -2.1852593859e+01    1.1408035506e+01   -7.2132934435e+00    6.3759435114e-01   -2.5012273263e+00   -1.2775667440e+01    2.6400000000e+02    2.4063301000e-02    5.3536931818e-01
        49   -1.0510016116e+01    1.1111584820e+02   -2.2446194033e+01    1.1936177916e+01   -7.5919129095e+00    6.1296372188e-01   -2.6915774051e+00   -1.2775667440e+01    2.6400000000e+02    2.2965002000e-02    5.3541666667e-01
        50   -1.0509773392e+01    1.1083737518e+02   -2.2085107887e+01    1.1575334495e+01   -7.3543322782e+00    7.4644708664e-01   -2.7015552547e+00   -1.2775667440e+01    2.6400000000e+02    2.2948076000e-02    5.3025568182e-01
        51   -1.0439309445e+01    1.0952834364e+02   -2.2153033652e+01    1.1713724207e+01   -7.3595613670e+00    6.4782512023e-01   -2.6656299649e+00   -1.2775667440e+01    2.6400000000e+02    2.2849987000e-02    5.4142992424e-01
        52   -1.0470177794e+01    1.1004352500e+02   -2.2171163680e+01    1.1700985886e+01   -7.3535134550e+00    7.1101698316e-01   -2.7529997679e+00   -1.2775667440e+01    2.6400000000e+02    2.2792765000e-02    5.3593750000e-01
        53   -1.0460639046e+01    1.0984982898e+02   -2.2164054232e+01    1.1703415186e+01   -7.1964708048e+00    4.7222758666e-01   -2.6641435735e+00   -1.2775667440e+01    2.6400000000e+02    2.3071299000e-02    5.3593750000e-01
        54   -1.0561446670e+01    1.1193881615e+02   -2.1888004915e+01    1.1326558245e+01   -7.2358999607e+00    8.3242520705e-01   -2.7088627207e+00   -1.2775667440e+01    2.6400000000e+02    2.4204904000e-02    5.3191287879e-01
        55   -1.0388694814e+01    1.0828104041e+02   -2.1972265202e+01    1.1583570388e+01   -7.0322418152e+00    6.5264245127e-01   -2.8169983979e+00   -1.2775667440e+01    2.6400000000e+02    2.3880128000e-02    5.3920454545e-01
        56   -1.0489113101e+01    1.1039123129e+02   -2.2458817323e+01    1.1969704222e+01   -7.3283622992e+00    3.3632507243e-01   -2.6911126559e+00   -1.2775667440e+01    2.6400000000e+02    2.3663253000e-02    5.2973484848e-01
        57   -1.0444037724e+01    1.0954189161e+02   -2.2114242007e+01    1.1670204283e+01   -7.0902072831e+00    5.0663292140e-01   -2.7550002047e+00   -1.2775667440e+01    2.6400000000e+02    2.3612266000e-02    5.4005681818e-01
        58   -1.0484034371e+01    1.1046308237e+02   -2.2411995733e+01    1.1927961361e+01   -7.6321706017e+00    5.2494877113e-01   -2.5291064618e+00   -1.2775667440e+01    2.6400000000e+02    2.3210723000e-02    5.3551136364e-01
        59   -1.0471169310e+01    1.1014344066e+02   -2.2011421513e+01    1.1540252203e+01   -7.2145475113e+00    6.3381072122e-01   -2.6550172824e+00   -1.2775667440e+01    2.6400000000e+02    2.2612828000e-02    5.4133522727e-01
        60   -1.0493847855e+01    1.1055089202e+02   -2.2100203651e+01    1.1606355795e+01   -7.1910253291e+00    6.4618190292e-01   -2.7796927845e+00   -1.2775667440e+01    2.6400000000e+02    2.2418602000e-02    5.3920454545e-01
        61   -1.0443647596e+01    1.0951840144e+02   -2.2162256913e+01    1.1718609317e+01   -7.3838661524e+00    6.3231508250e-01   -2.6350384025e+00   -1.2775667440e+01    2.6400000000e+02    2.1845068000e-02    5.3030303030e-01
        62   -1.0450353644e+01    1.0964756151e+02   -2.2216333033e+01    1.1765979389e+01   -7.4172119089e+00    6.6295934019e-01   -2.6864130243e+00   -1.2775667440e+01    2.6400000000e+02    2.1687053000e-02    5.4067234848e-01
        63   -1.0377802206e+01    1.0820565208e+02   -2.2137149504e+01    1.1759347298e+01   -7.1027932755e+00    4.0616282994e-01   -2.6648516187e+00   -1.2775667440e+01    2.6400000000e+02    2.1717486000e-02    5.4261363636e-01
        64   -1.0485572482e+01    1.1032555785e+02   -2.2186294604e+01    1.1700722122e+01   -7.3792268238e+00    5.5966434078e-01   -2.5910646804e+00   -1.2775667440e+01    2.6400000000e+02    2.1762706000e-02    5.3693181818e-01
        65   -1.0576451029e+01    1.1227643392e+02   -2.2050874016e+01    1.1474422987e+01   -7.1170717316e+00    5.7756226829e-01   -2.7356971129e+00   -1.2775667440e+01    2.6400000000e+02    2.1591093000e-02    5.3929924242e-01
        66   -1.0491114238e+01    1.1044737655e+02   -2.1985082321e+01    1.1493968082e+01   -7.1145054227e+00    5.6102198398e-01   -2.6559314418e+00   -1.2775667440e+01    2.6400000000e+02    2.1757929000e-02    5.3816287879e-01
        67   -1.0460977802e+01    1.0983837642e+02   -2.1808555849e+01    1.1347578048e+01   -6.7952091455e+00    4.4380447261e-01   -2.6814837363e+00   -1.2775667440e+01    2.6400000000e+02    2.1739138000e-02    5.3858901515e-01
        68   -1.0521400418e+01    1.1115781866e+02   -2.1778995802e+01    1.1257595384e+01   -6.8632021328e+00    6.5063745582e-01   -2.7907636844e+00   -1.2775667440e+01    2.6400000000e+02    2.1786034000e-02    5.3944128788e-01
        69   -1.0521387479e+01    1.1115557568e+02   -2.2218476749e+01    1.1697089270e+01   -7.3941807897e+00    6.6619813546e-01   -2.7148266547e+00   -1.2775667440e+01    2.6400000000e+02    2.1929648000e-02    5.3025568182e-01
        70   -1.0502749753e+01    1.1065009325e+02   -2.1395123245e+01    1.0892373491e+01   -6.3852225788e+00    5.4212643482e-01   -2.7763596604e+00   -1.2775667440e+01    2.6400000000e+02    2.1728425000e-02    5.4176136364e-01
        71   -1.0580148041e+01    1.1233048815e+02   -2.2123463845e+01    1.1543315804e+01   -7.4435492658e+00    8.1076611138e-01   -2.7150132507e+00   -1.2775667440e+01    2.6400000000e+02    2.1783700000e-02    5.3214962121e-01
        72   -1.0546242308e+01    1.1177838467e+02   -2.1343058167e+01    1.0796815860e+01   -6.9137324598e+00    9.9756593460e-01   -2.6512242020e+00   -1.2775667440e+01    2.6400000000e+02    2.1773836000e-02    5.3456439394e-01
        73   -1.0558577751e+01    1.1186633608e+02   -2.2582100546e+01    1.2023522796e+01   -7.8032561677e+00    6.7422934594e-01   -2.6774062841e+00   -1.2775667440e+01    2.6400000000e+02    2.1938605000e-02    5.3200757576e-01
        74   -1.0479547263e+01    1.1026887194e+02   -2.2070546712e+01    1.1590999449e+01   -6.9294523158e+00    3.9598258419e-01   -2.7614095402e+00   -1.2775667440e+01    2.6400000000e+02    2.1942386000e-02    5.4327651515e-01
        75   -1.0399908121e+01    1.0862623171e+02   -2.2493676295e+01    1.2093768174e+01   -7.8222474775e+00    6.4843398117e-01   -2.5441953584e+00   -1.2775667440e+01    2.6400000000e+02    2.2313662000e-02    5.3451704545e-01
        76   -1.0499084049e+01    1.1064034544e+02   -2.2132987652e+01    1.1633903603e+01   -7.5413312926e+00    6.3176424547e-01   -2.4477531645e+00   -1.2775667440e+01    2.6400000000e+02    2.2883800000e-02    5.3248106061e-01
        77   -1.0452524498e+01    1.0966835808e+02   -2.1718973709e+01    1.1266449211e+01   -6.6570813701e+00    4.5058569061e-01   -2.7368105892e+00   -1.2775667440e+01    2.6400000000e+02    2.2751506000e-02    5.3607954545e-01
        78   -1.0490320003e+01    1.1038677640e+02   -2.1754325492e+01    1.1264005489e+01   -6.7685325597e+00    5.1371758912e-01   -2.7238430809e+00   -1.2775667440e+01    2.6400000000e+02    2.2920621000e-02    5.2973484848e-01
        79   -1.0496248321e+01    1.1053414697e+02   -2.2051517826e+01    1.1555269505e+01   -7.4527462960e+00    8.9727677698e-01   -2.7203808670e+00   -1.2775667440e+01    2.6400000000e+02    2.2908506000e-02    5.3248106061e-01
        80   -1.0491774081e+01    1.1054554020e+02   -2.2096290507e+01    1.1604516426e+01   -7.2474771258e+00    5.8110453972e-01   -2.6542504804e+00   -1.2775667440e+01    2.6400000000e+02    2.2738349000e-02    5.3475378788e-01
        81   -1.0564045587e+01    1.1198827830e+02   -2.2566717048e+01    1.2002671461e+01   -7.6611378062e+00    5.5633469460e-01   -2.6862464966e+00   -1.2775667440e+01    2.6400000000e+02    2.2821258000e-02    5.3603219697e-01
        82   -1.0466729405e+01    1.0988933848e+02   -2.2378457326e+01    1.1911727921e+01   -7.6420214223e+00    5.2538912798e-01   -2.4861575915e+00   -1.2775667440e+01    2.6400000000e+02    2.2921906000e-02    5.3551136364e-01
        83   -1.0507753214e+01    1.1083243323e+02   -2.2136748790e+01    1.1628995576e+01   -7.2521017685e+00    6.1869477442e-01   -2.7276743560e+00   -1.2775667440e+01    2.6400000000e+02    2.2842987000e-02    5.3773674242e-01
        84   -1.0468563887e+01    1.0998422097e+02   -2.1935565376e+01    1.1467001489e+01   -7.1398264895e+00    6.5099974068e-01   -2.6710711868e+00   -1.2775667440e+01    2.6400000000e+02    2.2925285000e-02    5.3536931818e-01
        85   -1.0551055367e+01    1.1176933905e+02   -2.2317721574e+01    1.1766666207e+01   -7.4337641475e+00    6.0754897021e-01   -2.7158389568e+00   -1.2775667440e+01    2.6400000000e+02    2.2824487000e-02    5.3892045455e-01
        86   -1.0549522292e+01    1.1166402683e+02   -2.1564582989e+01    1.1015060697e+01   -6.6572658962e+00    5.9364577332e-01   -2.7252954262e+00   -1.2775667440e+01    2.6400000000e+02    2.2849676000e-02    5.3721590909e-01
        87   -1.0481748046e+01    1.1030780197e+02   -2.2088523640e+01    1.1606775594e+01   -7.0162008422e+00    4.0153930133e-01   -2.6981946587e+00   -1.2775667440e+01    2.6400000000e+02    2.2784006000e-02    5.4393939394e-01
        88   -1.0553927000e+01    1.1178236505e+02   -2.1993401726e+01    1.1439474726e+01   -7.2097579102e+00    6.7717000552e-01   -2.6851463807e+00   -1.2775667440e+01    2.6400000000e+02    2.2734851000e-02    5.3915719697e-01
        89   -1.0533753028e+01    1.1134327630e+02   -2.2162060906e+01    1.1628307878e+01   -7.5166986223e+00    7.1937960504e-01   -2.5890744488e+00   -1.2775667440e+01    2.6400000000e+02    2.2917536000e-02    5.3570075758e-01
        90   -1.0475092138e+01    1.1031475693e+02   -2.1777499961e+01    1.1302407824e+01   -7.0569969383e+00    6.6716172600e-01   -2.6119973087e+00   -1.2775667440e+01    2.6400000000e+02    2.2865216000e-02    5.3470643939e-01
        91   -1.0486754825e+01    1.1035754178e+02   -2.1999680461e+01    1.1512925636e+01   -7.2019330749e+00    5.6110280913e-01   -2.5831827548e+00   -1.2775667440e+01    2.6400000000e+02    2.1897292000e-02    5.2888257576e-01
        92   -1.0496805909e+01    1.1069737359e+02   -2.1536415969e+01    1.1039610060e+01   -6.5161936479e+00    4.8788494366e-01   -2.7324398247e+00   -1.2775667440e+01    2.6400000000e+02    2.2162317000e-02    5.4133522727e-01
        93   -1.0527155308e+01    1.1134662493e+02   -2.2221326609e+01    1.1694171301e+01   -7.5660607961e+00    8.4124925752e-01   -2.7208476303e+00   -1.2775667440e+01    2.6400000000e+02    2.1997530000e-02    5.3716856061e-01
        94   -1.0522314515e+01    1.1133852781e+02   -2.2112837545e+01    1.1590523030e+01   -7.4407339513e+00    7.3251067001e-01   -2.6289468237e+00   -1.2775667440e+01    2.6400000000e+02    2.1770584000e-02    5.4034090909e-01
        95   -1.0509960410e+01    1.1084110507e+02   -2.1914527615e+01    1.1404567205e+01   -6.9081330526e+00    4.8041923935e-01   -2.7111463618e+00   -1.2775667440e+01    2.6400000000e+02    2.1845691000e-02    5.3248106061e-01
        96   -1.0466925066e+01    1.0992510351e+02   -2.1523181334e+01    1.1056256268e+01   -6.7728651037e+00    7.9565465422e-01   -2.7703034439e+00   -1.2775667440e+01    2.6400000000e+02    2.2506212000e-02    5.3664772727e-01
        97   -1.0531227019e+01    1.1128970443e+02   -2.2659332577e+01    1.2128105558e+01   -7.8355718359e+00    6.7845246766e-01   -2.7265457686e+00   -1.2775667440e+01    2.6400000000e+02    2.2749367000e-02    5.3091856061e-01
        98   -1.0412972492e+01    1.0886589831e+02   -2.2234940203e+01    1.1821967711e+01   -6.9575820358e+00    2.8878043073e-01   -2.7904711577e+00   -1.2775667440e+01    2.6400000000e+02    2.2992963000e-02    5.4015151515e-01
        99   -1.0477219066e+01    1.1022300445e+02   -2.2305687753e+01    1.1828468687e+01   -7.3475063110e+00    5.8757230164e-01   -2.7700863035e+00   -1.2775667440e+01    2.6400000000e+02    2.2615712000e-02    5.3522727273e-01
       100   -1.0485841376e+01    1.1034905442e+02   -2.1815793539e+01    1.1329952163e+01   -7.0316044275e+00    6.3636357755e-01   -2.6448852489e+00   -1.2775667440e+01    2.6400000000e+02    2.2644584000e-02    5.3612689394e-01
       101   -1.0468754951e+01    1.1001656841e+02   -2.2030148795e+01    1.1561393843e+01   -6.8948965315e+00    3.0004530735e-01   -2.6596301303e+00   -1.2775667440e+01    2.6400000000e+02    2.2468298000e-02    5.3797348485e-01
       102   -1.0471241685e+01    1.1003504245e+02   -2.2234866317e+01    1.1763624632e+01   -7.4212813016e+00    6.5093672821e-01   -2.6888543029e+00   -1.2775667440e+01    2.6400000000e+02    2.1663486000e-02    5.3517992424e-01
       103   -1.0522827876e+01    1.1121148884e+02   -2.2205392541e+01    1.1682564665e+01   -7.4682612169e+00    7.2187182511e-01   -2.6833357091e+00   -1.2775667440e+01    2.6400000000e+02    2.1874512000e-02    5.3494318182e-01
       104   -1.0479735660e+01    1.1023472681e+02   -2.2438889142e+01    1.1959153482e+01   -7.7326221767e+00    6.3916750791e-01   -2.5697670328e+00   -1.2775667440e+01    2.6400000000e+02    2.1725268000e-02    5.3551136364e-01
       105   -1.0542207312e+01    1.1153402103e+02   -2.2076605303e+01    1.1534397991e+01   -7.3185515761e+00    7.0349222972e-01   -2.6858785161e+00   -1.2775667440e+01    2.6400000000e+02    2.1557329000e-02    5.3811553030e-01
       106   -1.0537908422e+01    1.1146909672e+02   -2.1864254451e+01    1.1326346029e+01   -7.2675421499e+00    7.8756426236e-01   -2.6086091228e+00   -1.2775667440e+01    2.6400000000e+02    2.1872674000e-02    5.3768939394e-01
       107   -1.0505285376e+01    1.1082097871e+02   -2.1790823213e+01    1.1285537837e+01   -7.0876079719e+00    6.5927091103e-01   -2.5868187121e+00   -1.2775667440e+01    2.6400000000e+02    2.1821751000e-02    5.4000946970e-01
       108   -1.0536420055e+01    1.1136712949e+02   -2.2268936619e+01    1.1732516564e+01   -7.3974770852e+00    6.0603593932e-01   -2.7018280324e+00   -1.2775667440e+01    2.6400000000e+02    2.1998950000e-02    5.3792613636e-01
       109   -1.0527199673e+01    1.1121656122e+02   -2.1627763323e+01    1.1100563649e+01   -6.7949542614e+00    6.8203782668e-01   -2.7391794478e+00   -1.2775667440e+01    2.6400000000e+02    2.1922569000e-02    5.3920454545e-01
       110   -1.0567006580e+01    1.1214031327e+02   -2.2248243820e+01    1.1681237241e+01   -7.3554301429e+00    6.9949759576e-01   -2.8166438328e+00   -1.2775667440e+01    2.6400000000e+02    2.1695780000e-02    5.3186553030e-01
       111   -1.0471660924e+01    1.1008858517e+02   -2.2008593352e+01    1.1536932428e+01   -6.9720802191e+00    4.9601341112e-01   -2.7568591038e+00   -1.2775667440e+01    2.6400000000e+02    2.1751655000e-02    5.3920454545e-01
       112   -1.0457101255e+01    1.0996797289e+02   -2.2154543638e+01    1.1697442383e+01   -7.4621734208e+00    6.0864858339e-01   -2.5253513602e+00   -1.2775667440e+01    2.6400000000e+02    2.1802684000e-02    5.3451704545e-01
       113   -1.0473068717e+01    1.1007299061e+02   -2.1918995786e+01    1.1445927069e+01   -7.0217260952e+00    5.9239661155e-01   -2.7139988623e+00   -1.2775667440e+01    2.6400000000e+02    2.1822448000e-02    5.3309659091e-01
       114   -1.0403270373e+01    1.0877774811e+02   -2.2105293398e+01    1.1702023025e+01   -6.9675881651e+00    3.6394767289e-01   -2.7259854651e+00   -1.2775667440e+01    2.6400000000e+02    2.1625872000e-02    5.3437500000e-01
       115   -1.0495425379e+01    1.1054868560e+02   -2.2146857366e+01    1.1651431987e+01   -7.2914064416e+00    6.3150680412e-01   -2.7112902883e+00   -1.2775667440e+01    2.6400000000e+02    2.1830440000e-02    5.4365530303e-01
       116   -1.0484317926e+01    1.1039040801e+02   -2.2076225056e+01    1.1591907130e+01   -7.2746471465e+00    5.5936445049e-01   -2.5852749201e+00   -1.2775667440e+01    2.6400000000e+02    2.1854045000e-02    5.3404356061e-01
       117   -1.0452314971e+01    1.0967429768e+02   -2.2294562656e+01    1.1842247686e+01   -7.4068639445e+00    5.4962204330e-01   -2.6616533151e+00   -1.2775667440e+01    2.6400000000e+02    2.1958094000e-02    5.3409090909e-01
       118   -1.0563606045e+01    1.1230056873e+02   -2.2263199541e+01    1.1699593496e+01   -7.4979811742e+00    6.6361252410e-01   -2.6531634509e+00   -1.2775667440e+01    2.6400000000e+02    2.1995068000e-02    5.3262310606e-01
       119   -1.0441771946e+01    1.0953720882e+02   -2.2242447752e+01    1.1800675806e+01   -7.4120013621e+00    6.2014880764e-01   -2.6749277574e+00   -1.2775667440e+01    2.6400000000e+02    2.1705798000e-02    5.4280303030e-01
       120   -1.0537115669e+01    1.1142901145e+02   -2.2425354691e+01    1.1888239022e+01   -7.5376532026e+00    6.1966505506e-01   -2.7316991036e+00   -1.2775667440e+01    2.6400000000e+02    2.2134146000e-02    5.3716856061e-01
       121   -1.0443317558e+01    1.0952199054e+02   -2.2097502562e+01    1.1654185004e+01   -7.0896461879e+00    4.6902024909e-01   -2.7012091830e+00   -1.2775667440e+01    2.6400000000e+02    2.2046514000e-02    5.3091856061e-01
       122   -1.0558998932e+01    1.1189751961e+02   -2.2535282242e+01    1.1976283310e+01   -7.7599534170e+00    6.6874594536e-01   -2.6684073299e+00   -1.2775667440e+01    2.6400000000e+02    2.1939984000e-02    5.3309659091e-01
       123   -1.0561590631e+01    1.1218857357e+02   -2.2158342033e+01    1.1596751402e+01   -7.5054314219e+00    8.9630684214e-01   -2.7735500130e+00   -1.2775667440e+01    2.6400000000e+02    2.2365667000e-02    5.3304924242e-01
       124   -1.0498051753e+01    1.1070785988e+02   -2.1975384289e+01    1.1477332537e+01   -7.0188291817e+00    5.7377288722e-01   -2.7546605548e+00   -1.2775667440e+01    2.6400000000e+02    2.2768180000e-02    5.3863636364e-01
       125   -1.0485173229e+01    1.1042064742e+02   -2.2698519839e+01    1.2213346610e+01   -8.0104462205e+00    7.1756903994e-01   -2.6299752181e+00   -1.2775667440e+01    2.6400000000e+02    2.2790971000e-02    5.3196022727e-01
       126   -1.0571186617e+01    1.1218611722e+02   -2.2501451136e+01    1.1930264520e+01   -7.6810190256e+00    6.1143505879e-01   -2.6561997294e+00   -1.2775667440e+01    2.6400000000e+02    2.2880668000e-02    5.3768939394e-01
       127   -1.0431003597e+01    1.0922991980e+02   -2.2132677431e+01    1.1701673834e+01   -7.1847392468e+00    5.4453492308e-01   -2.7168056670e+00   -1.2775667440e+01    2.6400000000e+02    2.2928751000e-02    5.3783143939e-01
       128   -1.0485899355e+01    1.1031790151e+02   -2.2469267924e+01    1.1983368569e+01   -7.6172037374e+00    6.9781969345e-01   -2.7742164398e+00   -1.2775667440e+01    2.6400000000e+02    2.2733261000e-02    5.3868371212e-01
       129   -1.0523379028e+01    1.1116869733e+02   -2.1746815000e+01    1.1223435972e+01   -6.8371545630e+00    6.5372158172e-01   -2.7877145786e+00   -1.2775667440e+01    2.6400000000e+02    2.2865166000e-02    5.4138257576e-01
       130   -1.0523445509e+01    1.1110659185e+02   -2.1182882767e+01    1.0659437257e+01   -6.4488994396e+00    7.0378358698e-01   -2.6620994738e+00   -1.2775667440e+01    2.6400000000e+02    2.2905056000e-02    5.4157196970e-01
       131   -1.0509700861e+01    1.1094218637e+02   -2.1982844962e+01    1.1473144100e+01   -7.0810398987e+00    6.2675947328e-01   -2.7528970960e+00   -1.2775667440e+01    2.6400000000e+02    2.2751241000e-02    5.3593750000e-01
       132   -1.0501517273e+01    1.1064620734e+02   -2.2086426574e+01    1.1584909302e+01   -7.2483131222e+00    6.5606619744e-01   -2.7185122095e+00   -1.2775667440e+01    2.6400000000e+02    2.2908015000e-02    5.3271780303e-01
       133   -1.0556010705e+01    1.1180007454e+02   -2.2615910323e+01    1.2059899618e+01   -7.7057419110e+00    6.2775573008e-01   -2.7622567014e+00   -1.2775667440e+01    2.6400000000e+02    2.2856237000e-02    5.3125000000e-01
       134   -1.0455838210e+01    1.0974695532e+02   -2.2247888565e+01    1.1792050354e+01   -7.4837414135e+00    5.6249329726e-01   -2.5509730080e+00   -1.2775667440e+01    2.6400000000e+02    2.2653835000e-02    5.3948863636e-01
       135   -1.0516838444e+01    1.1096466962e+02   -2.2101821371e+01    1.1584982927e+01   -7.2223121534e+00    6.5992315255e-01   -2.7637649298e+00   -1.2775667440e+01    2.6400000000e+02    2.2746429000e-02    5.3248106061e-01
       136   -1.0494597460e+01    1.1061315845e+02   -2.1771374798e+01    1.1276777338e+01   -6.7563243487e+00    4.2617473990e-01   -2.6655577492e+00   -1.2775667440e+01    2.6400000000e+02    2.2784481000e-02    5.3446969697e-01
       137   -1.0519684145e+01    1.1103200708e+02   -2.2436358199e+01    1.1916674054e+01   -7.6329218701e+00    5.6568799683e-01   -2.5934568851e+00   -1.2775667440e+01    2.6400000000e+02    2.2789117000e-02    5.3276515152e-01
       138   -1.0445122715e+01    1.0957708875e+02   -2.2117381752e+01    1.1672259037e+01   -7.4425449269e+00    5.5615975257e-01   -2.4553291374e+00   -1.2775667440e+01    2.6400000000e+02    2.3028603000e-02    5.3887310606e-01
       139   -1.0494429532e+01    1.1059127970e+02   -2.2438122336e+01    1.1943692804e+01   -7.6486852499e+00    6.0705261412e-01   -2.6208222601e+00   -1.2775667440e+01    2.6400000000e+02    2.1954629000e-02    5.3925189394e-01
       140   -1.0465065753e+01    1.0992382773e+02   -2.1962363637e+01    1.1497297883e+01   -6.9982009861e+00    5.0606059450e-01   -2.6945558050e+00   -1.2775667440e+01    2.6400000000e+02    2.2101288000e-02    5.4209280303e-01
       141   -1.0453323944e+01    1.0973847984e+02   -2.2053272213e+01    1.1599948269e+01   -7.0520171305e+00    5.4198497267e-01   -2.7675726152e+00   -1.2775667440e+01    2.6400000000e+02    2.2388418000e-02    5.3811553030e-01
       142   -1.0475643052e+01    1.1011099013e+02   -2.2152297807e+01    1.1676654755e+01   -7.5242954837e+00    7.8230995461e-01   -2.6346448377e+00   -1.2775667440e+01    2.6400000000e+02    2.2850219000e-02    5.4034090909e-01
       143   -1.0421486758e+01    1.0908496549e+02   -2.2039331901e+01    1.1617845143e+01   -7.1677150709e+00    5.8123785560e-01   -2.6771872452e+00   -1.2775667440e+01    2.6400000000e+02    2.2677494000e-02    5.3390151515e-01
       144   -1.0497118165e+01    1.1056485245e+02   -2.2183533983e+01    1.1686415818e+01   -7.1218947052e+00    3.2292717786e-01   -2.6088990153e+00   -1.2775667440e+01    2.6400000000e+02    2.2684657000e-02    5.3451704545e-01
       145   -1.0511954208e+01    1.1083024109e+02   -2.1941485716e+01    1.1429531508e+01   -7.2257691793e+00    8.2101343321e-01   -2.7610625301e+00   -1.2775667440e+01    2.6400000000e+02    2.2707986000e-02    5.3508522727e-01
       146   -1.0442683206e+01    1.0945042983e+02   -2.2511271881e+01    1.2068588675e+01   -7.6960136406e+00    6.1539469495e-01   -2.6549854956e+00   -1.2775667440e+01    2.6400000000e+02    2.2902320000e-02    5.3664772727e-01
       147   -1.0535204166e+01    1.1147592302e+02   -2.1632189082e+01    1.1096984916e+01   -6.7951647089e+00    6.2697881410e-01   -2.6883357471e+00   -1.2775667440e+01    2.6400000000e+02    2.2884990000e-02    5.3380681818e-01
       148   -1.0516441181e+01    1.1106043035e+02   -2.1472368531e+01    1.0955927350e+01   -6.2788048624e+00    4.0993259727e-01   -2.8278288256e+00   -1.2775667440e+01    2.6400000000e+02    2.2755927000e-02    5.4166666667e-01
       149   -1.0476441916e+01    1.1017237187e+02   -2.1837725351e+01    1.1361283434e+01   -7.0783012923e+00    7.2202267951e-01   -2.7057792976e+00   -1.2775667440e+01    2.6400000000e+02    2.2834009000e-02    5.3167613636e-01
       150   -1.0480412145e+01    1.1023182276e+02   -2.1892343374e+01    1.1411931229e+01   -7.0535921882e+00    5.2732289357e-01   -2.5904066392e+00   -1.2775667440e+01    2.6400000000e+02    2.2741205000e-02    5.3607954545e-01
       151   -1.0505568535e+01    1.1082373028e+02   -2.1771230106e+01    1.1265661571e+01   -6.8332466625e+00    6.0041194297e-01   -2.7627279464e+00   -1.2775667440e+01    2.6400000000e+02    2.2764915000e-02    5.4341856061e-01
       152   -1.0523731869e+01    1.1120130562e+02   -2.1975124179e+01    1.1451392310e+01   -7.2156128791e+00    5.5028476004e-01   -2.5341286197e+00   -1.2775667440e+01    2.6400000000e+02    2.2571118000e-02    5.3603219697e-01
       153   -1.0577192637e+01    1.1258184469e+02   -2.1818610730e+01    1.1241418093e+01   -7.2032104131e+00    7.7543581873e-01   -2.6151686957e+00   -1.2775667440e+01    2.6400000000e+02    2.2470781000e-02    5.3257575758e-01
       154   -1.0479962594e+01    1.1013058569e+02   -2.2414069485e+01    1.1934106891e+01   -7.4177916982e+00    5.5112652083e-01   -2.7717368675e+00   -1.2775667440e+01    2.6400000000e+02    2.1747346000e-02    5.3158143939e-01
       155   -1.0442155938e+01    1.0940026967e+02   -2.2521344244e+01    1.2079188306e+01   -7.8460597004e+00    7.5670608240e-01   -2.6563231857e+00   -1.2775667440e+01    2.6400000000e+02    2.1775320000e-02    5.3650568182e-01
       156   -1.0532602230e+01    1.1138722563e+02   -2.1663036546e+01    1.1130434317e+01   -6.8733953088e+00    5.9848866467e-01   -2.6124624621e+00   -1.2775667440e+01    2.6400000000e+02    2.1730427000e-02    5.4322916667e-01
       157   -1.0481640618e+01    1.1043066734e+02   -2.1896780067e+01    1.1415139449e+01   -7.1384470880e+00    6.6567427677e-01   -2.6483398151e+00   -1.2775667440e+01    2.6400000000e+02    2.1660890000e-02    5.3527462121e-01
       158   -1.0469795268e+01    1.1001737396e+02   -2.1926867831e+01    1.1457072563e+01   -6.9715573438e+00    5.9229264724e-01   -2.7719356943e+00   -1.2775667440e+01    2.6400000000e+02    2.1782641000e-02    5.3579545455e-01
       159   -1.0500787132e+01    1.1063488986e+02   -2.1708032302e+01    1.1207245170e+01   -6.9405325881e+00    6.6707349882e-01   -2.6589057725e+00   -1.2775667440e+01    2.6400000000e+02    2.1706047000e-02    5.3522727273e-01
       160   -1.0437393852e+01    1.0931049771e+02   -2.1616605497e+01    1.1179211644e+01   -6.9486496517e+00    7.0249324448e-01   -2.5947816493e+00   -1.2775667440e+01    2.6400000000e+02    2.1679703000e-02    5.3338068182e-01
       161   -1.0415511005e+01    1.0897446177e+02   -2.2564825176e+01    1.2149314172e+01   -7.5538179798e+00    4.0182306757e-01   -2.6371628236e+00   -1.2775667440e+01    2.6400000000e+02    2.1905508000e-02    5.3996212121e-01
       162   -1.0524563182e+01    1.1122951624e+02   -2.1746544057e+01    1.1221980875e+01   -7.0054514194e+00    6.7816019609e-01   -2.6435853938e+00   -1.2775667440e+01    2.6400000000e+02    2.1958868000e-02    5.3300189394e-01
       163   -1.0431692255e+01    1.0940439857e+02   -2.1836029587e+01    1.1404337332e+01   -6.7833050957e+00    5.0618240022e-01   -2.7832394510e+00   -1.2775667440e+01    2.6400000000e+02    2.1983385000e-02    5.3565340909e-01
       164   -1.0506513466e+01    1.1087291654e+02   -2.2050419994e+01    1.1543906528e+01   -7.2565721787e+00    6.6381681526e-01   -2.6819971900e+00   -1.2775667440e+01    2.6400000000e+02    2.2059971000e-02    5.3555871212e-01
       165   -1.0410052973e+01    1.0875067409e+02   -2.2281699316e+01    1.1871646343e+01   -7.4391209311e+00    5.5970310229e-01   -2.6266140473e+00   -1.2775667440e+01    2.6400000000e+02    2.2307561000e-02    5.3868371212e-01
       166   -1.0478491553e+01    1.1015613935e+02   -2.2134025736e+01    1.1655534183e+01   -7.4047610239e+00    7.2250045283e-01   -2.6760977247e+00   -1.2775667440e+01    2.6400000000e+02    2.2934062000e-02    5.3252840909e-01
       167   -1.0574007009e+01    1.1234951573e+02   -2.2007346341e+01    1.1433339332e+01   -7.2337613498e+00    6.3699539173e-01   -2.6349129430e+00   -1.2775667440e+01    2.6400000000e+02    2.2780712000e-02    5.3678977273e-01
       168   -1.0489940702e+01    1.1043697251e+02   -2.1690311280e+01    1.1200370578e+01   -6.7046588433e+00    6.0377300116e-01   -2.8137579974e+00   -1.2775667440e+01    2.6400000000e+02    2.2963161000e-02    5.4024621212e-01
       169   -1.0466172185e+01    1.1009684589e+02   -2.2129317072e+01    1.1663144887e+01   -7.2512757992e+00    5.5229187796e-01   -2.6546657105e+00   -1.2775667440e+01    2.6400000000e+02    2.2784008000e-02    5.3792613636e-01
       170   -1.0494281748e+01    1.1048018008e+02   -2.1898170450e+01    1.1403888702e+01   -7.0387450962e+00    5.6194222177e-01   -2.6457001356e+00   -1.2775667440e+01    2.6400000000e+02    2.2972458000e-02    5.3574810606e-01
       171   -1.0482523177e+01    1.1022983446e+02   -2.1707607448e+01    1.1225084271e+01   -6.7219042383e+00    5.6551823673e-01   -2.7755540058e+00   -1.2775667440e+01    2.6400000000e+02    2.2691380000e-02    5.2997159091e-01
       172   -1.0539954518e+01    1.1154828621e+02   -2.2455778145e+01    1.1915823627e+01   -7.5654656034e+00    5.8481569873e-01   -2.6994608001e+00   -1.2775667440e+01    2.6400000000e+02    2.2939942000e-02    5.4138257576e-01
       173   -1.0540324825e+01    1.1168272212e+02   -2.2844168561e+01    1.2303843736e+01   -7.8249052072e+00    4.1951279097e-01   -2.6631087044e+00   -1.2775667440e+01    2.6400000000e+02    2.2839892000e-02    5.3333333333e-01
       174   -1.0481309993e+01    1.1034570029e+02   -2.2001712689e+01    1.1520402697e+01   -7.1994049882e+00    7.6350646233e-01   -2.7901467231e+00   -1.2775667440e+01    2.6400000000e+02    2.2896258000e-02    5.4176136364e-01
       175   -1.0506393425e+01    1.1077335809e+02   -2.2403513693e+01    1.1897120267e+01   -7.3243545135e+00    4.0160275877e-01   -2.7050944978e+00   -1.2775667440e+01    2.6400000000e+02    2.6066430000e-02    5.3328598485e-01
       176   -1.0456296176e+01    1.0982365021e+02   -2.1975936007e+01    1.1519639830e+01   -7.1192654339e+00    4.9928939139e-01   -2.5802925239e+00   -1.2775667440e+01    2.6400000000e+02    2.2660306000e-02    5.2803030303e-01
       177   -1.0542412281e+01    1.1165941946e+02   -2.1994431528e+01    1.1452019247e+01   -7.1686960110e+00    7.7575750727e-01   -2.8258255844e+00   -1.2775667440e+01    2.6400000000e+02    2.1825222000e-02    5.3357007576e-01
       178   -1.0470915424e+01    1.1009280538e+02   -2.2000829047e+01    1.1529913623e+01   -7.1559328215e+00    5.7352385027e-01   -2.6427526360e+00   -1.2775667440e+01    2.6400000000e+02    2.1786979000e-02    5.4346590909e-01
       179   -1.0479155725e+01    1.1025760485e+02   -2.2315083726e+01    1.1835928000e+01   -7.5211537486e+00    5.9358451412e-01   -2.6118470509e+00   -1.2775667440e+01    2.6400000000e+02    2.2076958000e-02    5.3290719697e-01
       180   -1.0429759122e+01    1.0921340855e+02   -2.1943137879e+01    1.1513378757e+01   -7.0434855282e+00    5.9385846152e-01   -2.7178433720e+00   -1.2775667440e+01    2.6400000000e+02    2.2104567000e-02    5.3787878788e-01
       181   -1.0489033673e+01    1.1042469172e+02   -2.2111042650e+01    1.1622008977e+01   -7.3355391171e+00    6.6500804419e-01   -2.6648441373e+00   -1.2775667440e+01    2.6400000000e+02    2.2044447000e-02    5.4024621212e-01
       182   -1.0528216638e+01    1.1121202048e+02   -2.2234949614e+01    1.1706732977e+01   -7.2931626783e+00    5.8878071251e-01   -2.7549002084e+00   -1.2775667440e+01    2.6400000000e+02    2.2515185000e-02    5.3342803030e-01
       183   -1.0465233521e+01    1.1024883083e+02   -2.2339808073e+01    1.1874574552e+01   -7.5055063032e+00    6.2762959200e-01   -2.6862639216e+00   -1.2775667440e+01    2.6400000000e+02    2.2820778000e-02    5.3186553030e-01
       184   -1.0479904688e+01    1.1028346976e+02   -2.2540777651e+01    1.2060872963e+01   -7.3654624607e+00    4.0655627678e-01   -2.8062040266e+00   -1.2775667440e+01    2.6400000000e+02    2.2786480000e-02    5.3645833333e-01
       185   -1.0528041941e+01    1.1134239019e+02   -2.1861929129e+01    1.1333887188e+01   -6.8484817657e+00    5.7148972776e-01   -2.8092696509e+00   -1.2775667440e+01    2.6400000000e+02    2.2685260000e-02    5.3854166667e-01
       186   -1.0475538872e+01    1.1014001812e+02   -2.1736077119e+01    1.1260538247e+01   -6.8997478228e+00    5.5714974177e-01   -2.6178115978e+00   -1.2775667440e+01    2.6400000000e+02    2.2790303000e-02    5.3399621212e-01
       187   -1.0496916430e+01    1.1070702874e+02   -2.2429035392e+01    1.1932118962e+01   -7.4470586828e+00    3.7979483059e-01   -2.5861040995e+00   -1.2775667440e+01    2.6400000000e+02    2.2718639000e-02    5.3778409091e-01
       188   -1.0530890479e+01    1.1142039543e+02   -2.2632704460e+01    1.2101813981e+01   -8.1069035635e+00    8.6280421584e-01   -2.6129376717e+00   -1.2775667440e+01    2.6400000000e+02    2.1648107000e-02    5.4161931818e-01
       189   -1.0517732062e+01    1.1107951274e+02   -2.1801184702e+01    1.1283452640e+01   -6.9634597915e+00    6.3943693572e-01   -2.7014944063e+00   -1.2775667440e+01    2.6400000000e+02    2.1613924000e-02    5.3366477273e-01
       190   -1.0511041912e+01    1.1097999732e+02   -2.1955324268e+01    1.1444282356e+01   -7.2157123022e+00    6.7086156279e-01   -2.6348060881e+00   -1.2775667440e+01    2.6400000000e+02    2.1591314000e-02    5.3300189394e-01
       191   -1.0476678502e+01    1.1014768995e+02   -2.1877619404e+01    1.1400940902e+01   -6.7382375031e+00    3.9432309704e-01   -2.7580375578e+00   -1.2775667440e+01    2.6400000000e+02    2.1791869000e-02    5.3991477273e-01
       192   -1.0555823556e+01    1.1189314612e+02   -2.1694671644e+01    1.1138848089e+01   -6.9523490919e+00    5.7063840963e-01   -2.5372935219e+00   -1.2775667440e+01    2.6400000000e+02    2.1705742000e-02    5.3641098485e-01
       193   -1.0459025284e+01    1.0971084138e+02   -2.2016633883e+01    1.1557608599e+01   -6.9375147350e+00    5.0664652259e-01   -2.8100982303e+00   -1.2775667440e+01    2.6400000000e+02    2.1710351000e-02    5.3669507576e-01
       194   -1.0457395818e+01    1.0974801467e+02   -2.1842798658e+01    1.1385402840e+01   -6.9484549094e+00    5.6443406738e-01   -2.6831103754e+00   -1.2775667440e+01    2.6400000000e+02    2.1825595000e-02    5.2708333333e-01
       195   -1.0475004129e+01    1.1009108964e+02   -2.2191046599e+01    1.1716042469e+01   -7.2743096415e+00    6.7834632638e-01   -2.8194158434e+00   -1.2775667440e+01    2.6400000000e+02    2.1923900000e-02    5.3394886364e-01
       196   -1.0488886361e+01    1.1037606186e+02   -2.2083476083e+01    1.1594589721e+01   -6.9707005027e+00    4.4202170760e-01   -2.7791298474e+00   -1.2775667440e+01    2.6400000000e+02    2.1678468000e-02    5.3967803030e-01
       197   -1.0483335350e+01    1.1023540502e+02   -2.1876797653e+01    1.1393462303e+01   -6.9652924424e+00    5.7755078214e-01   -2.7133885528e+00   -1.2775667440e+01    2.6400000000e+02    2.1798854000e-02    5.3816287879e-01
       198   -1.0484005992e+01    1.1043062461e+02   -2.2026125419e+01    1.1542119427e+01   -7.1415654201e+00    5.2825972393e-01   -2.6371522831e+00   -1.2775667440e+01    2.6400000000e+02    2.1724522000e-02    5.4223484848e-01
       199   -1.0462862149e+01    1.0987668061e+02   -2.2024743198e+01    1.1561881050e+01   -7.1734538114e+00    6.0604227730e-01   -2.6816642240e+00   -1.2775667440e+01    2.6400000000e+02    2.1743137000e-02    5.3598484848e-01
