#   index    LocalEnergy         LocalEnergy_sq      LocalPotential      Kinetic             LocalECP            NonLocalECP         ElecElec            IonIon              BlockWeight         BlockCPU            AcceptRatio         
         0   -1.0226400289e+01    1.0685194066e+02   -2.2020710535e+01    1.1794310247e+01   -7.5755551281e+00    4.9384526245e-01   -2.1633332296e+00   -1.2775667440e+01    2.6400000000e+02    2.0098442000e-02    5.4190340909e-01
         1   -1.0238264041e+01    1.0649846553e+02   -2.2310340724e+01    1.2072076682e+01   -8.0476933182e+00    6.5050013299e-01   -2.1374800983e+00   -1.2775667440e+01    2.6400000000e+02    2.0438326000e-02    5.4436553030e-01
         2   -1.0269846847e+01    1.0691738686e+02   -2.1710207087e+01    1.1440360240e+01   -7.2580465077e+00    6.0682367405e-01   -2.2833168131e+00   -1.2775667440e+01    2.6400000000e+02    2.0523553000e-02    5.4346590909e-01
         3   -1.0146875386e+01    1.0467633191e+02   -2.1298130192e+01    1.1151254806e+01   -7.0861264937e+00    7.4059807670e-01   -2.1769343346e+00   -1.2775667440e+01    2.6400000000e+02    2.0419369000e-02    5.4782196970e-01
         4   -1.0260210603e+01    1.0705734911e+02   -2.2008107141e+01    1.1747896538e+01   -7.7273753350e+00    7.1250551231e-01   -2.2175698776e+00   -1.2775667440e+01    2.6400000000e+02    1.9895387000e-02    5.3702651515e-01
         5   -1.0314993048e+01    1.0870371346e+02   -2.2112589297e+01    1.1797596249e+01   -7.6797579742e+00    5.9614630586e-01   -2.2533101888e+00   -1.2775667440e+01    2.6400000000e+02    1.9160389000e-02    5.4573863636e-01
         6   -1.0312130129e+01    1.0812230465e+02   -2.2071830872e+01    1.1759700743e+01   -7.5672840601e+00    5.5277964948e-01   -2.2816590215e+00   -1.2775667440e+01    2.6400000000e+02    1.9354509000e-02    5.4521780303e-01
         7   -1.0377195385e+01    1.0923758040e+02   -2.2515931892e+01    1.2138736507e+01   -8.0175269675e+00    5.8248982768e-01   -2.3052273122e+00   -1.2775667440e+01    2.6400000000e+02    1.7213735000e-02    5.3901515152e-01
         8   -1.0242517762e+01    1.0658945025e+02   -2.2211859237e+01    1.1969341475e+01   -8.0612657459e+00    7.4817669101e-01   -2.1231027422e+00   -1.2775667440e+01    2.6400000000e+02    1.8054017000e-02    5.4403409091e-01
         9   -1.0227041255e+01    1.0629814807e+02   -2.2066652066e+01    1.1839610811e+01   -7.6342566931e+00    5.5345161010e-01   -2.2101795432e+00   -1.2775667440e+01    2.6400000000e+02    1.7470732000e-02    5.4403409091e-01
        10   -1.0233591800e+01    1.0657988110e+02   -2.1857696593e+01    1.1624104793e+01   -7.5718816078e+00    6.5906521572e-01   -2.1692127607e+00   -1.2775667440e+01    2.6400000000e+02    1.7437919000e-02    5.4791666667e-01
        11   -1.0222318123e+01    1.0634029524e+02   -2.2330346351e+01    1.2108028228e+01   -7.8437838658e+00    5.0039754343e-01   -2.2112925889e+00   -1.2775667440e+01    2.6400000000e+02    1.7252450000e-02    5.4412878788e-01
        12   -1.0194049976e+01    1.0619760495e+02   -2.1799612794e+01    1.1605562817e+01   -7.6031198766e+00    6.8928708238e-01   -2.1101125593e+00   -1.2775667440e+01    2.6400000000e+02    1.6778892000e-02    5.4076704545e-01
        13   -1.0245251945e+01    1.0682503440e+02   -2.2006160952e+01    1.1760909007e+01   -7.6984682151e+00    6.3788408392e-01   -2.1699093803e+00   -1.2775667440e+01    2.6400000000e+02    1.6827816000e-02    5.3385416667e-01
        14   -1.0281416188e+01    1.0753660097e+02   -2.1897862510e+01    1.1616446322e+01   -7.5867692766e+00    6.4946700456e-01   -2.1848927979e+00   -1.2775667440e+01    2.6400000000e+02    1.6673710000e-02    5.4346590909e-01
        15   -1.0276000481e+01    1.0755960442e+02   -2.1876568028e+01    1.1600567547e+01   -7.4215640635e+00    5.4880434861e-01   -2.2281408730e+00   -1.2775667440e+01    2.6400000000e+02    1.6703074000e-02    5.3986742424e-01
        16   -1.0156956871e+01    1.0549502506e+02   -2.1787438290e+01    1.1630481419e+01   -7.5726205676e+00    6.8971521316e-01   -2.1288654949e+00   -1.2775667440e+01    2.6400000000e+02    1.6799213000e-02    5.5042613636e-01
        17   -1.0287605373e+01    1.0719848280e+02   -2.1756893158e+01    1.1469287785e+01   -7.2292167935e+00    5.6692309542e-01   -2.3189320193e+00   -1.2775667440e+01    2.6400000000e+02    1.6893320000e-02    5.4242424242e-01
        18   -1.0334284808e+01    1.0841048876e+02   -2.1943100916e+01    1.1608816107e+01   -7.6357327274e+00    7.9588012923e-01   -2.3275808773e+00   -1.2775667440e+01    2.6400000000e+02    1.7327154000e-02    5.4010416667e-01
        19   -1.0285199742e+01    1.0759409873e+02   -2.1638361792e+01    1.1353162050e+01   -7.1815339501e+00    5.8812806248e-01   -2.2692884642e+00   -1.2775667440e+01    2.6400000000e+02    1.7707842000e-02    5.3967803030e-01
        20   -1.0323828657e+01    1.0831737769e+02   -2.1709367144e+01    1.1385538487e+01   -7.1326845726e+00    5.6711556519e-01   -2.3681306967e+00   -1.2775667440e+01    2.6400000000e+02    1.7231492000e-02    5.4668560606e-01
        21   -1.0422793924e+01    1.1017872375e+02   -2.1673285067e+01    1.1250491143e+01   -7.1297086648e+00    6.6297729456e-01   -2.4308862566e+00   -1.2775667440e+01    2.6400000000e+02    1.7777164000e-02    5.4029356061e-01
        22   -1.0111795257e+01    1.0435401029e+02   -2.1853576697e+01    1.1741781440e+01   -7.6287446131e+00    6.7034520756e-01   -2.1195098514e+00   -1.2775667440e+01    2.6400000000e+02    1.6797702000e-02    5.4441287879e-01
        23   -1.0271697217e+01    1.0750348752e+02   -2.1799217238e+01    1.1527520021e+01   -7.1048970039e+00    3.6227030754e-01   -2.2809231015e+00   -1.2775667440e+01    2.6400000000e+02    1.6785870000e-02    5.4218750000e-01
        24   -1.0393023408e+01    1.0966382427e+02   -2.2108155336e+01    1.1715131928e+01   -7.7207335536e+00    7.1594542153e-01   -2.3276997638e+00   -1.2775667440e+01    2.6400000000e+02    1.6742455000e-02    5.3929924242e-01
        25   -1.0204935036e+01    1.0610801017e+02   -2.1194617102e+01    1.0989682067e+01   -6.8022997065e+00    5.7470436585e-01   -2.1913543213e+00   -1.2775667440e+01    2.6400000000e+02    1.6885301000e-02    5.4119318182e-01
        26   -1.0433720447e+01    1.1053702473e+02   -2.1835368389e+01    1.1401647942e+01   -7.4263645151e+00    7.3501933715e-01   -2.3683557704e+00   -1.2775667440e+01    2.6400000000e+02    1.6750167000e-02    5.3925189394e-01
        27   -1.0322244965e+01    1.0825228923e+02   -2.1554884810e+01    1.1232639845e+01   -6.9936631590e+00    5.5179865982e-01   -2.3373528706e+00   -1.2775667440e+01    2.6400000000e+02    1.6803193000e-02    5.3645833333e-01
        28   -1.0328370889e+01    1.0825917315e+02   -2.1616876267e+01    1.1288505378e+01   -6.9984727878e+00    5.3879343224e-01   -2.3815294710e+00   -1.2775667440e+01    2.6400000000e+02    1.7193551000e-02    5.4583333333e-01
        29   -1.0214507851e+01    1.0632814621e+02   -2.1993072297e+01    1.1778564446e+01   -7.3509141883e+00    3.6165412924e-01   -2.2281447976e+00   -1.2775667440e+01    2.6400000000e+02    1.8769181000e-02    5.4285037879e-01
        30   -1.0275361920e+01    1.0748242662e+02   -2.1904598530e+01    1.1629236610e+01   -7.5856284958e+00    7.1181253167e-01   -2.2551151261e+00   -1.2775667440e+01    2.6400000000e+02    1.8612166000e-02    5.3683712121e-01
        31   -1.0187979262e+01    1.0594185911e+02   -2.1516602502e+01    1.1328623240e+01   -7.2228446356e+00    6.6886628728e-01   -2.1869567137e+00   -1.2775667440e+01    2.6400000000e+02    1.8943862000e-02    5.4313446970e-01
        32   -1.0376787017e+01    1.0904889464e+02   -2.1789839586e+01    1.1413052569e+01   -7.3889424442e+00    7.4805766310e-01   -2.3732873646e+00   -1.2775667440e+01    2.6400000000e+02    1.8765378000e-02    5.4758522727e-01
        33   -1.0337941003e+01    1.0859204816e+02   -2.1484788770e+01    1.1146847767e+01   -6.9983296524e+00    6.3307810903e-01   -2.3438697861e+00   -1.2775667440e+01    2.6400000000e+02    1.8773383000e-02    5.4119318182e-01
        34   -1.0343777609e+01    1.0882461367e+02   -2.1973350254e+01    1.1629572645e+01   -7.3636549278e+00    4.1330055682e-01   -2.2473284425e+00   -1.2775667440e+01    2.6400000000e+02    1.8392044000e-02    5.4341856061e-01
        35   -1.0289017244e+01    1.0751571036e+02   -2.1327244527e+01    1.1038227283e+01   -6.9186782128e+00    7.2228506851e-01   -2.3551839427e+00   -1.2775667440e+01    2.6400000000e+02    1.8412292000e-02    5.4214015152e-01
        36   -1.0224660711e+01    1.0633171582e+02   -2.2016580155e+01    1.1791919444e+01   -7.6371012970e+00    5.8518673917e-01   -2.1889981568e+00   -1.2775667440e+01    2.6400000000e+02    1.8573682000e-02    5.4734848485e-01
        37   -1.0323027317e+01    1.0843770567e+02   -2.2505338547e+01    1.2182311229e+01   -8.0542505948e+00    4.9868247913e-01   -2.1741029907e+00   -1.2775667440e+01    2.6400000000e+02    1.8416412000e-02    5.3877840909e-01
        38   -1.0294377443e+01    1.0767231295e+02   -2.1006633933e+01    1.0712256490e+01   -6.4000842459e+00    5.4074332398e-01   -2.3716255711e+00   -1.2775667440e+01    2.6400000000e+02    1.9025855000e-02    5.4526515152e-01
        39   -1.0223990402e+01    1.0634634891e+02   -2.1624658981e+01    1.1400668579e+01   -7.0764644698e+00    4.8400723399e-01   -2.2565343045e+00   -1.2775667440e+01    2.6400000000e+02    1.8746305000e-02    5.4313446970e-01
        40   -1.0057302265e+01    1.0366088008e+02   -2.1574729277e+01    1.1517427013e+01   -7.5412625891e+00    7.1225533002e-01   -1.9700545781e+00   -1.2775667440e+01    2.6400000000e+02    1.8462506000e-02    5.4611742424e-01
        41   -1.0315557083e+01    1.0808473241e+02   -2.1729892468e+01    1.1414335385e+01   -7.1914915974e+00    5.5053447214e-01   -2.3132679026e+00   -1.2775667440e+01    2.6400000000e+02    1.8432252000e-02    5.4223484848e-01
        42   -1.0395653076e+01    1.1005239754e+02   -2.1896685428e+01    1.1501032352e+01   -7.4577844450e+00    7.2266678930e-01   -2.3859003317e+00   -1.2775667440e+01    2.6400000000e+02    1.8355374000e-02    5.4341856061e-01
        43   -1.0329536664e+01    1.0849550894e+02   -2.2571959504e+01    1.2242422840e+01   -8.4086489994e+00    8.1776320792e-01   -2.2054062722e+00   -1.2775667440e+01    2.6400000000e+02    1.8471518000e-02    5.4247159091e-01
        44   -1.0228248595e+01    1.0653816182e+02   -2.1889499814e+01    1.1661251220e+01   -7.6865345038e+00    6.3774312136e-01   -2.0650409915e+00   -1.2775667440e+01    2.6400000000e+02    1.8482127000e-02    5.4228219697e-01
        45   -1.0268785034e+01    1.0718378703e+02   -2.1882362036e+01    1.1613577002e+01   -7.4083739607e+00    5.2633915277e-01   -2.2246597879e+00   -1.2775667440e+01    2.6400000000e+02    1.8784197000e-02    5.4038825758e-01
        46   -1.0258695472e+01    1.0688611232e+02   -2.1810896894e+01    1.1552201423e+01   -7.3041400525e+00    5.3796358882e-01   -2.2690529906e+00   -1.2775667440e+01    2.6400000000e+02    1.8858858000e-02    5.3674242424e-01
        47   -1.0466948455e+01    1.1119110394e+02   -2.2033483411e+01    1.1566534956e+01   -7.6757446582e+00    8.1432305446e-01   -2.3963943668e+00   -1.2775667440e+01    2.6400000000e+02    1.8692958000e-02    5.4015151515e-01
        48   -1.0092772880e+01    1.0381608568e+02   -2.1435563896e+01    1.1342791016e+01   -6.9102681543e+00    3.7191416353e-01   -2.1215424650e+00   -1.2775667440e+01    2.6400000000e+02    1.8499566000e-02    5.5047348485e-01
        49   -1.0122762903e+01    1.0427117343e+02   -2.2064043073e+01    1.1941280170e+01   -7.7783579014e+00    5.5572021120e-01   -2.0657379429e+00   -1.2775667440e+01    2.6400000000e+02    1.8587753000e-02    5.3688446970e-01
        50   -1.0204843558e+01    1.0571803313e+02   -2.1626480826e+01    1.1421637268e+01   -7.3430809616e+00    6.4712935628e-01   -2.1548617803e+00   -1.2775667440e+01    2.6400000000e+02    1.8538821000e-02    5.4157196970e-01
        51   -1.0365626972e+01    1.0903051098e+02   -2.2009032125e+01    1.1643405153e+01   -7.5389992982e+00    6.5090592025e-01   -2.3452713066e+00   -1.2775667440e+01    2.6400000000e+02    1.8760403000e-02    5.4393939394e-01
        52   -1.0183848138e+01    1.0594023617e+02   -2.1854795631e+01    1.1670947493e+01   -7.6353366879e+00    7.2863111112e-01   -2.1724226142e+00   -1.2775667440e+01    2.6400000000e+02    1.8920107000e-02    5.3394886364e-01
        53   -1.0244440120e+01    1.0654288792e+02   -2.1509541743e+01    1.1265101624e+01   -7.1402685884e+00    6.4216095639e-01   -2.2357666710e+00   -1.2775667440e+01    2.6400000000e+02    1.8774303000e-02    5.4678030303e-01
        54   -1.0243955718e+01    1.0699786084e+02   -2.1695835666e+01    1.1451879948e+01   -7.5649305638e+00    8.1703731144e-01   -2.1722749736e+00   -1.2775667440e+01    2.6400000000e+02    1.8888940000e-02    5.4360795455e-01
        55   -1.0289721417e+01    1.0765648630e+02   -2.1836402645e+01    1.1546681228e+01   -7.6591568100e+00    8.4130041149e-01   -2.2428788058e+00   -1.2775667440e+01    2.6400000000e+02    1.8549024000e-02    5.3858901515e-01
        56   -1.0316945208e+01    1.0824517949e+02   -2.1680964747e+01    1.1364019538e+01   -7.2765327911e+00    7.1907789667e-01   -2.3478424119e+00   -1.2775667440e+01    2.6400000000e+02    1.8636178000e-02    5.4483901515e-01
        57   -1.0042395989e+01    1.0320560510e+02   -2.1704772402e+01    1.1662376413e+01   -7.3761657741e+00    5.1852174659e-01   -2.0714609341e+00   -1.2775667440e+01    2.6400000000e+02    1.8650152000e-02    5.4607007576e-01
        58   -1.0323620661e+01    1.0829407958e+02   -2.1955736895e+01    1.1632116234e+01   -7.5016559764e+00    6.3836369060e-01   -2.3167771693e+00   -1.2775667440e+01    2.6400000000e+02    1.9205185000e-02    5.4010416667e-01
        59   -1.0267866651e+01    1.0713412141e+02   -2.1892608587e+01    1.1624741936e+01   -7.4373295596e+00    5.8909818313e-01   -2.2687097702e+00   -1.2775667440e+01    2.6400000000e+02    1.9133710000e-02    5.4280303030e-01
        60   -1.0190056255e+01    1.0590134072e+02   -2.1320681250e+01    1.1130624995e+01   -7.0226815127e+00    6.9689307891e-01   -2.2192253763e+00   -1.2775667440e+01    2.6400000000e+02    1.8642497000e-02    5.4109848485e-01
        61   -1.0254897603e+01    1.0699507792e+02   -2.1337740588e+01    1.1082842985e+01   -6.7984929683e+00    5.1262277512e-01   -2.2762029549e+00   -1.2775667440e+01    2.6400000000e+02    1.7027425000e-02    5.4824810606e-01
        62   -1.0314971370e+01    1.0798213986e+02   -2.1893873715e+01    1.1578902345e+01   -7.2568060288e+00    5.0155718708e-01   -2.3629574327e+00   -1.2775667440e+01    2.6400000000e+02    1.6887029000e-02    5.4839015152e-01
        63   -1.0378290313e+01    1.0967401696e+02   -2.2060602153e+01    1.1682311840e+01   -7.7573237716e+00    7.3883007574e-01   -2.2664410172e+00   -1.2775667440e+01    2.6400000000e+02    1.6891082000e-02    5.4493371212e-01
        64   -1.0100760697e+01    1.0427384143e+02   -2.1538568401e+01    1.1437807704e+01   -7.4039776953e+00    7.2122900259e-01   -2.0801522680e+00   -1.2775667440e+01    2.6400000000e+02    1.6968052000e-02    5.4725378788e-01
        65   -1.0318803198e+01    1.0791786171e+02   -2.1963937564e+01    1.1645134366e+01   -7.4411886927e+00    5.9972637202e-01   -2.3468078031e+00   -1.2775667440e+01    2.6400000000e+02    1.6853194000e-02    5.4256628788e-01
        66   -1.0265044658e+01    1.0685333191e+02   -2.1575637064e+01    1.1310592406e+01   -6.9451303586e+00    4.9459877767e-01   -2.3494380431e+00   -1.2775667440e+01    2.6400000000e+02    1.6906568000e-02    5.4753787879e-01
        67   -1.0176685576e+01    1.0515809676e+02   -2.1332927109e+01    1.1156241533e+01   -6.9836362222e+00    6.5020039139e-01   -2.2238238383e+00   -1.2775667440e+01    2.6400000000e+02    1.6930757000e-02    5.3740530303e-01
        68   -1.0170126748e+01    1.0521665894e+02   -2.1854170419e+01    1.1684043672e+01   -7.5753460041e+00    7.0322423206e-01   -2.2063812070e+00   -1.2775667440e+01    2.6400000000e+02    1.6813803000e-02    5.4185606061e-01
        69   -1.0166640803e+01    1.0519322688e+02   -2.1832214457e+01    1.1665573654e+01   -7.4699436703e+00    5.6286490157e-01   -2.1494682477e+00   -1.2775667440e+01    2.6400000000e+02    1.6863396000e-02    5.4081439394e-01
        70   -1.0217142092e+01    1.0609549306e+02   -2.1215977605e+01    1.0998835513e+01   -6.9150158471e+00    7.2249020966e-01   -2.2477845274e+00   -1.2775667440e+01    2.6400000000e+02    1.6815097000e-02    5.4725378788e-01
        71   -1.0209956731e+01    1.0602199068e+02   -2.1426973997e+01    1.1217017266e+01   -6.9362820995e+00    4.8289550793e-01   -2.1979199654e+00   -1.2775667440e+01    2.6400000000e+02    1.6857775000e-02    5.4427083333e-01
        72   -1.0253410514e+01    1.0696192469e+02   -2.1650133325e+01    1.1396722811e+01   -7.0949083170e+00    4.7584487362e-01   -2.2554024413e+00   -1.2775667440e+01    2.6400000000e+02    1.6952864000e-02    5.5047348485e-01
        73   -1.0276578773e+01    1.0711157076e+02   -2.1199352473e+01    1.0922773700e+01   -6.5147626415e+00    4.6821047064e-01   -2.3771328614e+00   -1.2775667440e+01    2.6400000000e+02    1.6950901000e-02    5.4332386364e-01
        74   -1.0078210394e+01    1.0361597844e+02   -2.1538857051e+01    1.1460646656e+01   -7.3898290374e+00    6.5923842797e-01   -2.0325990011e+00   -1.2775667440e+01    2.6400000000e+02    1.7086961000e-02    5.4441287879e-01
        75   -1.0297815077e+01    1.0771731599e+02   -2.1781500602e+01    1.1483685525e+01   -7.3406275193e+00    6.1243080405e-01   -2.2776364466e+00   -1.2775667440e+01    2.6400000000e+02    1.6998469000e-02    5.4237689394e-01
        76   -1.0254659297e+01    1.0746332049e+02   -2.2076347620e+01    1.1821688323e+01   -7.7292607235e+00    6.7232001809e-01   -2.2437394743e+00   -1.2775667440e+01    2.6400000000e+02    1.7012037000e-02    5.4649621212e-01
        77   -9.9924360919e+00    1.0245204202e+02   -2.1730092862e+01    1.1737656770e+01   -7.5711059825e+00    5.2116058702e-01   -1.9044800260e+00   -1.2775667440e+01    2.6400000000e+02    1.7100168000e-02    5.4403409091e-01
        78   -1.0108492865e+01    1.0418983195e+02   -2.1842457944e+01    1.1733965079e+01   -7.7968426679e+00    8.0166772441e-01   -2.0716155603e+00   -1.2775667440e+01    2.6400000000e+02    1.6852557000e-02    5.4621212121e-01
        79   -1.0107133529e+01    1.0452619951e+02   -2.1703796597e+01    1.1596663068e+01   -7.8183900170e+00    8.0194163631e-01   -1.9116807761e+00   -1.2775667440e+01    2.6400000000e+02    1.6921597000e-02    5.4204545455e-01
        80   -1.0227227923e+01    1.0651965519e+02   -2.1904873890e+01    1.1677645967e+01   -7.3166298127e+00    3.7349251120e-01   -2.1860691486e+00   -1.2775667440e+01    2.6400000000e+02    1.7066882000e-02    5.4900568182e-01
        81   -1.0345090051e+01    1.0864799182e+02   -2.1664188321e+01    1.1319098271e+01   -7.2127417853e+00    6.6650809127e-01   -2.3422871872e+00   -1.2775667440e+01    2.6400000000e+02    1.6819617000e-02    5.4185606061e-01
        82   -1.0256314475e+01    1.0696046797e+02   -2.1299243143e+01    1.1042928669e+01   -6.7583335766e+00    5.7872150349e-01   -2.3439636298e+00   -1.2775667440e+01    2.6400000000e+02    1.6967532000e-02    5.4502840909e-01
        83   -1.0071943981e+01    1.0345892089e+02   -2.1264523909e+01    1.1192579928e+01   -7.0166735119e+00    6.4815998663e-01   -2.1203429434e+00   -1.2775667440e+01    2.6400000000e+02    1.7655760000e-02    5.4275568182e-01
        84   -1.0268833304e+01    1.0706100585e+02   -2.1198779823e+01    1.0929946519e+01   -6.5745603016e+00    5.3013143296e-01   -2.3786835143e+00   -1.2775667440e+01    2.6400000000e+02    1.9236833000e-02    5.4251893939e-01
        85   -1.0061501380e+01    1.0384875426e+02   -2.1190003761e+01    1.1128502381e+01   -6.9340776886e+00    5.5976063333e-01   -2.0400192657e+00   -1.2775667440e+01    2.6400000000e+02    1.9006105000e-02    5.4119318182e-01
        86   -1.0165044506e+01    1.0524828823e+02   -2.1569849105e+01    1.1404804599e+01   -7.4111655251e+00    7.5803569403e-01   -2.1410518338e+00   -1.2775667440e+01    2.6400000000e+02    1.8778282000e-02    5.4554924242e-01
        87   -1.0102722283e+01    1.0381276402e+02   -2.1093698117e+01    1.0990975834e+01   -6.7164917398e+00    5.3966052002e-01   -2.1411994571e+00   -1.2775667440e+01    2.6400000000e+02    1.8628044000e-02    5.4734848485e-01
        88   -1.0367470092e+01    1.0914062918e+02   -2.1672461308e+01    1.1304991216e+01   -7.1696691590e+00    6.0411461302e-01   -2.3312393223e+00   -1.2775667440e+01    2.6400000000e+02    1.8648778000e-02    5.4048295455e-01
        89   -1.0378082046e+01    1.0917318923e+02   -2.1765028662e+01    1.1386946616e+01   -7.2579683560e+00    6.5070008773e-01   -2.3820929539e+00   -1.2775667440e+01    2.6400000000e+02    1.8573208000e-02    5.4318181818e-01
        90   -1.0217274934e+01    1.0628817238e+02   -2.1661555096e+01    1.1444280163e+01   -7.2919722256e+00    5.8762595931e-01   -2.1815413896e+00   -1.2775667440e+01    2.6400000000e+02    1.9050504000e-02    5.3797348485e-01
        91   -1.0287110563e+01    1.0764488757e+02   -2.1706541977e+01    1.1419431414e+01   -7.2518922535e+00    5.8219971793e-01   -2.2611820010e+00   -1.2775667440e+01    2.6400000000e+02    1.8932825000e-02    5.3963068182e-01
        92   -1.0233470685e+01    1.0673357137e+02   -2.1590610217e+01    1.1357139532e+01   -7.2357284726e+00    6.8487706251e-01   -2.2640913668e+00   -1.2775667440e+01    2.6400000000e+02    1.9099234000e-02    5.4488636364e-01
        93   -1.0182070360e+01    1.0570249970e+02   -2.1765395734e+01    1.1583325375e+01   -7.4507098889e+00    6.3446930866e-01   -2.1734877138e+00   -1.2775667440e+01    2.6400000000e+02    1.9005961000e-02    5.4375000000e-01
        94   -1.0200946679e+01    1.0595336479e+02   -2.2027468515e+01    1.1826521836e+01   -7.7162089445e+00    5.8960628095e-01   -2.1251984117e+00   -1.2775667440e+01    2.6400000000e+02    1.8553840000e-02    5.4067234848e-01
        95   -1.0320377455e+01    1.0809743534e+02   -2.2159130657e+01    1.1838753202e+01   -7.8236042883e+00    6.8667223898e-01   -2.2465311674e+00   -1.2775667440e+01    2.6400000000e+02    1.8511789000e-02    5.3759469697e-01
        96   -1.0195546261e+01    1.0589568608e+02   -2.1529267050e+01    1.1333720789e+01   -7.2997037407e+00    6.5192756891e-01   -2.1058234379e+00   -1.2775667440e+01    2.6400000000e+02    1.8542060000e-02    5.4015151515e-01
        97   -1.0229581291e+01    1.0628845293e+02   -2.1516907261e+01    1.1287325969e+01   -7.0408562934e+00    5.4073279009e-01   -2.2411163172e+00   -1.2775667440e+01    2.6400000000e+02    1.8914411000e-02    5.4303977273e-01
        98   -1.0228005132e+01    1.0630130837e+02   -2.1609818940e+01    1.1381813809e+01   -7.0504986735e+00    4.8856869329e-01   -2.2722215199e+00   -1.2775667440e+01    2.6400000000e+02    1.9090092000e-02    5.4038825758e-01
        99   -1.0143723069e+01    1.0483468953e+02   -2.1795200464e+01    1.1651477395e+01   -7.3194137366e+00    4.6109258666e-01   -2.1612118741e+00   -1.2775667440e+01    2.6400000000e+02    1.8958594000e-02    5.4692234848e-01
       100   -1.0208690330e+01    1.0589787053e+02   -2.1565353085e+01    1.1356662755e+01   -7.0122900831e+00    5.3908735086e-01   -2.3164829122e+00   -1.2775667440e+01    2.6400000000e+02    1.8617720000e-02    5.4791666667e-01
       101   -1.0112464275e+01    1.0429858808e+02   -2.1954517094e+01    1.1842052819e+01   -7.6750402299e+00    5.1829870955e-01   -2.0221081336e+00   -1.2775667440e+01    2.6400000000e+02    1.8596460000e-02    5.4673295455e-01
       102   -1.0163675347e+01    1.0502000777e+02   -2.1531251558e+01    1.1367576212e+01   -7.0015078551e+00    4.3170467311e-01   -2.1857809362e+00   -1.2775667440e+01    2.6400000000e+02    2.1393719000e-02    5.3740530303e-01
       103   -1.0235652857e+01    1.0671407672e+02   -2.1551407857e+01    1.1315755000e+01   -7.1456236157e+00    5.7138395773e-01   -2.2015007584e+00   -1.2775667440e+01    2.6400000000e+02    1.9205299000e-02    5.4029356061e-01
       104   -1.0343586512e+01    1.0874703709e+02   -2.1709108885e+01    1.1365522373e+01   -7.2792543730e+00    6.7967832285e-01   -2.3338653947e+00   -1.2775667440e+01    2.6400000000e+02    1.8855615000e-02    5.4464962121e-01
       105   -1.0273372419e+01    1.0716362057e+02   -2.1808972207e+01    1.1535599788e+01   -7.4259271052e+00    6.9055825887e-01   -2.2979359209e+00   -1.2775667440e+01    2.6400000000e+02    1.8973365000e-02    5.4142992424e-01
       106   -1.0333595689e+01    1.0849721741e+02   -2.1798916992e+01    1.1465321303e+01   -7.4835144892e+00    7.5333268518e-01   -2.2930677480e+00   -1.2775667440e+01    2.6400000000e+02    1.8602516000e-02    5.3925189394e-01
       107   -1.0316483100e+01    1.0810867894e+02   -2.1949555480e+01    1.1633072379e+01   -7.5121204539e+00    6.6492515106e-01   -2.3266927367e+00   -1.2775667440e+01    2.6400000000e+02    1.8548033000e-02    5.3887310606e-01
       108   -1.0273335012e+01    1.0720973356e+02   -2.1776217369e+01    1.1502882357e+01   -7.3275331792e+00    5.7838292674e-01   -2.2513996765e+00   -1.2775667440e+01    2.6400000000e+02    1.8475189000e-02    5.4573863636e-01
       109   -1.0152178802e+01    1.0573951783e+02   -2.2022982857e+01    1.1870804055e+01   -7.7255794844e+00    5.4696045581e-01   -2.0686963880e+00   -1.2775667440e+01    2.6400000000e+02    1.8709140000e-02    5.3470643939e-01
       110   -1.0275154570e+01    1.0705841479e+02   -2.1475640022e+01    1.1200485452e+01   -6.8871329057e+00    5.2655856723e-01   -2.3393982436e+00   -1.2775667440e+01    2.6400000000e+02    1.9057566000e-02    5.4133522727e-01
       111   -1.0271743292e+01    1.0731070567e+02   -2.1956308931e+01    1.1684565639e+01   -7.5694916560e+00    6.3436927946e-01   -2.2455191143e+00   -1.2775667440e+01    2.6400000000e+02    1.9029004000e-02    5.4384469697e-01
       112   -1.0175995174e+01    1.0510006781e+02   -2.1592006393e+01    1.1416011218e+01   -7.3005923145e+00    6.4017321627e-01   -2.1559198543e+00   -1.2775667440e+01    2.6400000000e+02    1.8836211000e-02    5.4318181818e-01
       113   -1.0347311382e+01    1.0868285184e+02   -2.2016105706e+01    1.1668794325e+01   -7.5099982229e+00    5.7855334191e-01   -2.3089933852e+00   -1.2775667440e+01    2.6400000000e+02    1.8454916000e-02    5.4351325758e-01
       114   -1.0282011954e+01    1.0731744411e+02   -2.1469205842e+01    1.1187193887e+01   -6.9992020004e+00    6.3145079137e-01   -2.3257871923e+00   -1.2775667440e+01    2.6400000000e+02    1.8740212000e-02    5.4114583333e-01
       115   -1.0340691207e+01    1.0846746403e+02   -2.2073592930e+01    1.1732901723e+01   -7.5836506700e+00    6.3023565303e-01   -2.3445104730e+00   -1.2775667440e+01    2.6400000000e+02    1.8112878000e-02    5.4114583333e-01
       116   -1.0161011171e+01    1.0496104367e+02   -2.1716308928e+01    1.1555297757e+01   -7.4599617431e+00    7.4028801369e-01   -2.2209677581e+00   -1.2775667440e+01    2.6400000000e+02    1.6902711000e-02    5.4251893939e-01
       117   -1.0262187898e+01    1.0702821530e+02   -2.1716852992e+01    1.1454665094e+01   -7.3940154481e+00    6.4860988534e-01   -2.1957799887e+00   -1.2775667440e+01    2.6400000000e+02    1.7032962000e-02    5.4303977273e-01
       118   -1.0364002352e+01    1.0891851760e+02   -2.1418802301e+01    1.1054799949e+01   -7.0729160939e+00    7.0481235959e-01   -2.2750311263e+00   -1.2775667440e+01    2.6400000000e+02    1.6899617000e-02    5.3929924242e-01
       119   -1.0422802493e+01    1.1009556618e+02   -2.2074103237e+01    1.1651300744e+01   -7.3953658910e+00    5.2578399577e-01   -2.4288539016e+00   -1.2775667440e+01    2.6400000000e+02    1.6972892000e-02    5.3735795455e-01
       120   -1.0436675463e+01    1.1014718284e+02   -2.1946994472e+01    1.1510319009e+01   -7.5863306321e+00    7.8155890217e-01   -2.3665553021e+00   -1.2775667440e+01    2.6400000000e+02    1.6791254000e-02    5.4000946970e-01
       121   -1.0097002897e+01    1.0404564194e+02   -2.1850431113e+01    1.1753428216e+01   -7.5776707967e+00    6.0538966811e-01   -2.1024825438e+00   -1.2775667440e+01    2.6400000000e+02    1.7077749000e-02    5.4133522727e-01
       122   -1.0385392316e+01    1.0968907409e+02   -2.1800813151e+01    1.1415420835e+01   -7.0749638672e+00    4.6649315718e-01   -2.4166750007e+00   -1.2775667440e+01    2.6400000000e+02    1.6835725000e-02    5.3735795455e-01
       123   -1.0221812595e+01    1.0661129233e+02   -2.1761340374e+01    1.1539527780e+01   -7.3992896237e+00    5.6679796966e-01   -2.1531812801e+00   -1.2775667440e+01    2.6400000000e+02    1.6976505000e-02    5.3986742424e-01
       124   -1.0286462818e+01    1.0756010892e+02   -2.1697622938e+01    1.1411160120e+01   -6.9704067007e+00    3.7870540896e-01   -2.3302542060e+00   -1.2775667440e+01    2.6400000000e+02    1.6859177000e-02    5.4820075758e-01
       125   -1.0202516657e+01    1.0584451414e+02   -2.1488098594e+01    1.1285581937e+01   -7.2934793447e+00    7.9509577119e-01   -2.2140475807e+00   -1.2775667440e+01    2.6400000000e+02    1.7014236000e-02    5.4114583333e-01
       126   -1.0456689900e+01    1.1055639773e+02   -2.2027775096e+01    1.1571085196e+01   -7.5611338698e+00    7.2295012065e-01   -2.4139239063e+00   -1.2775667440e+01    2.6400000000e+02    1.6879140000e-02    5.4308712121e-01
       127   -1.0330129156e+01    1.0829129098e+02   -2.1989723374e+01    1.1659594218e+01   -7.5259266574e+00    6.6239985635e-01   -2.3505291326e+00   -1.2775667440e+01    2.6400000000e+02    1.6936661000e-02    5.4417613636e-01
       128   -1.0377266305e+01    1.0916506151e+02   -2.1723408130e+01    1.1346141825e+01   -7.2203708934e+00    6.9120011586e-01   -2.4185699127e+00   -1.2775667440e+01    2.6400000000e+02    1.7000700000e-02    5.4696969697e-01
       129   -1.0183075727e+01    1.0598907212e+02   -2.1811048494e+01    1.1627972767e+01   -7.4126175009e+00    5.2416640139e-01   -2.1469299539e+00   -1.2775667440e+01    2.6400000000e+02    1.7182811000e-02    5.4285037879e-01
       130   -1.0433555735e+01    1.1029189895e+02   -2.2032302311e+01    1.1598746576e+01   -7.4152408609e+00    5.7148514136e-01   -2.4128791513e+00   -1.2775667440e+01    2.6400000000e+02    1.7109115000e-02    5.4147727273e-01
       131   -1.0209498314e+01    1.0607889231e+02   -2.1837091810e+01    1.1627593496e+01   -7.4956704904e+00    6.0552161602e-01   -2.1712754953e+00   -1.2775667440e+01    2.6400000000e+02    1.6994309000e-02    5.4341856061e-01
       132   -1.0313204823e+01    1.0807348904e+02   -2.2020852190e+01    1.1707647367e+01   -7.3956946174e+00    4.2589758552e-01   -2.2753877177e+00   -1.2775667440e+01    2.6400000000e+02    1.6914807000e-02    5.4005681818e-01
       133   -1.0294464276e+01    1.0746436221e+02   -2.2193479273e+01    1.1899014997e+01   -7.9803950587e+00    7.5948560033e-01   -2.1969023746e+00   -1.2775667440e+01    2.6400000000e+02    1.7118602000e-02    5.4360795455e-01
       134   -1.0161888030e+01    1.0562858424e+02   -2.1171315928e+01    1.1009427898e+01   -7.0155226706e+00    7.6878957207e-01   -2.1489153891e+00   -1.2775667440e+01    2.6400000000e+02    1.7050886000e-02    5.4038825758e-01
       135   -1.0250816609e+01    1.0660130718e+02   -2.1627873892e+01    1.1377057283e+01   -7.1496403459e+00    5.2821784620e-01   -2.2307839521e+00   -1.2775667440e+01    2.6400000000e+02    1.7192336000e-02    5.4512310606e-01
       136   -1.0324550059e+01    1.0784615865e+02   -2.1661634456e+01    1.1337084398e+01   -7.2355316262e+00    6.4501168279e-01   -2.2954470727e+00   -1.2775667440e+01    2.6400000000e+02    1.7112322000e-02    5.4427083333e-01
       137   -1.0226779945e+01    1.0613715886e+02   -2.1467158414e+01    1.1240378469e+01   -7.0532348735e+00    6.0426950605e-01   -2.2425256064e+00   -1.2775667440e+01    2.6400000000e+02    1.7652151000e-02    5.4753787879e-01
       138   -1.0170739372e+01    1.0525050706e+02   -2.1664942776e+01    1.1494203404e+01   -7.5532481319e+00    7.9326702858e-01   -2.1292942320e+00   -1.2775667440e+01    2.6400000000e+02    1.8722555000e-02    5.4550189394e-01
       139   -1.0207539518e+01    1.0616034250e+02   -2.1357135834e+01    1.1149596316e+01   -6.9353040140e+00    6.3564542812e-01   -2.2818098082e+00   -1.2775667440e+01    2.6400000000e+02    1.8747784000e-02    5.3910984848e-01
       140   -1.0198875801e+01    1.0584843539e+02   -2.1503433055e+01    1.1304557255e+01   -7.0468327165e+00    5.8575062676e-01   -2.2666835253e+00   -1.2775667440e+01    2.6400000000e+02    1.8808457000e-02    5.4701704545e-01
       141   -1.0227818596e+01    1.0658692796e+02   -2.1206679332e+01    1.0978860736e+01   -6.7370716478e+00    5.5371948633e-01   -2.2476597303e+00   -1.2775667440e+01    2.6400000000e+02    1.8736428000e-02    5.4299242424e-01
       142   -1.0194504007e+01    1.0595215595e+02   -2.1660728440e+01    1.1466224433e+01   -7.4151957348e+00    7.0592311369e-01   -2.1757883789e+00   -1.2775667440e+01    2.6400000000e+02    1.9108801000e-02    5.3707386364e-01
       143   -1.0389584118e+01    1.0953443165e+02   -2.2050762198e+01    1.1661178081e+01   -7.6205613559e+00    6.6006566326e-01   -2.3145990654e+00   -1.2775667440e+01    2.6400000000e+02    1.8746002000e-02    5.4280303030e-01
       144   -1.0271668218e+01    1.0773101752e+02   -2.1739972769e+01    1.1468304551e+01   -6.9302897501e+00    3.3325835016e-01   -2.3672739291e+00   -1.2775667440e+01    2.6400000000e+02    1.8529858000e-02    5.4441287879e-01
       145   -1.0064155935e+01    1.1300311761e+02   -2.2915091146e+01    1.2850935211e+01   -7.8737570144e+00   -6.3462713135e-02   -2.2022039783e+00   -1.2775667440e+01    2.6400000000e+02    1.8434741000e-02    5.4441287879e-01
       146   -1.0191047604e+01    1.0569019303e+02   -2.1350152114e+01    1.1159104509e+01   -6.7449417040e+00    4.6480878008e-01   -2.2943517495e+00   -1.2775667440e+01    2.6400000000e+02    1.8686177000e-02    5.4502840909e-01
       147   -1.0174049944e+01    1.0592664518e+02   -2.1463450290e+01    1.1289400346e+01   -7.2018902250e+00    6.5876852155e-01   -2.1446611464e+00   -1.2775667440e+01    2.6400000000e+02    1.9129391000e-02    5.4038825758e-01
       148   -1.0189519871e+01    1.0566075580e+02   -2.1527931487e+01    1.1338411616e+01   -7.2911124453e+00    6.8968445633e-01   -2.1508360573e+00   -1.2775667440e+01    2.6400000000e+02    1.8962435000e-02    5.4081439394e-01
       149   -1.0183800426e+01    1.0550140441e+02   -2.1422442155e+01    1.1238641729e+01   -7.2207365263e+00    7.1782573778e-01   -2.1438639262e+00   -1.2775667440e+01    2.6400000000e+02    1.9220267000e-02    5.3972537879e-01
       150   -1.0120176521e+01    1.0451558302e+02   -2.1252323346e+01    1.1132146825e+01   -7.0548092704e+00    7.0208195227e-01   -2.1239285872e+00   -1.2775667440e+01    2.6400000000e+02    1.8763392000e-02    5.3920454545e-01
       151   -1.0383507257e+01    1.0924283700e+02   -2.1875002927e+01    1.1491495670e+01   -7.4747303131e+00    7.2019734534e-01   -2.3448025193e+00   -1.2775667440e+01    2.6400000000e+02    1.8660806000e-02    5.4408143939e-01
       152   -1.0220302796e+01    1.0691718518e+02   -2.1541357538e+01    1.1321054742e+01   -7.1018386102e+00    5.7512558703e-01   -2.2389770743e+00   -1.2775667440e+01    2.6400000000e+02    1.8765345000e-02    5.4483901515e-01
       153   -1.0248532462e+01    1.0667716553e+02   -2.1818442929e+01    1.1569910467e+01   -7.4290010418e+00    6.1727339317e-01   -2.2310478402e+00   -1.2775667440e+01    2.6400000000e+02    1.9229362000e-02    5.3385416667e-01
       154   -1.0333495869e+01    1.0820182857e+02   -2.1190635087e+01    1.0857139218e+01   -6.6781154191e+00    6.6751991666e-01   -2.4043721442e+00   -1.2775667440e+01    2.6400000000e+02    1.9072365000e-02    5.3314393939e-01
       155   -1.0200594177e+01    1.0562246183e+02   -2.1465676024e+01    1.1265081847e+01   -6.8050443069e+00    3.7379524754e-01   -2.2587595242e+00   -1.2775667440e+01    2.6400000000e+02    1.9038756000e-02    5.4142992424e-01
       156   -1.0325453486e+01    1.0825679349e+02   -2.1583838314e+01    1.1258384829e+01   -7.2062359274e+00    6.9009227465e-01   -2.2920272214e+00   -1.2775667440e+01    2.6400000000e+02    1.8659973000e-02    5.3986742424e-01
       157   -1.0219589245e+01    1.0668781112e+02   -2.2180395098e+01    1.1960805853e+01   -7.6561178195e+00    4.3699379744e-01   -2.1856036354e+00   -1.2775667440e+01    2.6400000000e+02    1.8431751000e-02    5.4464962121e-01
       158   -1.0226148280e+01    1.0659716826e+02   -2.1748685742e+01    1.1522537462e+01   -7.2472762842e+00    4.8811001530e-01   -2.2138520326e+00   -1.2775667440e+01    2.6400000000e+02    1.8682135000e-02    5.4190340909e-01
       159   -1.0237935254e+01    1.0655897561e+02   -2.1986001511e+01    1.1748066257e+01   -7.4333498043e+00    4.9380454526e-01   -2.2707888119e+00   -1.2775667440e+01    2.6400000000e+02    1.8507892000e-02    5.3986742424e-01
       160   -1.0329191123e+01    1.0797180193e+02   -2.1319364941e+01    1.0990173818e+01   -6.8695148115e+00    6.8537851149e-01   -2.3595612007e+00   -1.2775667440e+01    2.6400000000e+02    1.8878952000e-02    5.4057765152e-01
       161   -1.0216654104e+01    1.0643451101e+02   -2.1585889762e+01    1.1369235658e+01   -7.3977525158e+00    7.0464543354e-01   -2.1171152397e+00   -1.2775667440e+01    2.6400000000e+02    1.8776047000e-02    5.4493371212e-01
       162   -1.0396603360e+01    1.0994989401e+02   -2.2079049665e+01    1.1682446305e+01   -7.7626656835e+00    8.2895783658e-01   -2.3696743777e+00   -1.2775667440e+01    2.6400000000e+02    1.8849829000e-02    5.4569128788e-01
       163   -1.0258572256e+01    1.0737606757e+02   -2.1455793129e+01    1.1197220873e+01   -7.0412051681e+00    6.4686290418e-01   -2.2857834244e+00   -1.2775667440e+01    2.6400000000e+02    1.8753688000e-02    5.4185606061e-01
       164   -1.0119850779e+01    1.0417554921e+02   -2.1840309902e+01    1.1720459123e+01   -7.6824459292e+00    6.7470639106e-01   -2.0569029239e+00   -1.2775667440e+01    2.6400000000e+02    1.8537376000e-02    5.3877840909e-01
       165   -1.0267004726e+01    1.0717293712e+02   -2.1741637220e+01    1.1474632494e+01   -7.3723480488e+00    6.2073624349e-01   -2.2143579743e+00   -1.2775667440e+01    2.6400000000e+02    1.8590539000e-02    5.3726325758e-01
       166   -1.0263338713e+01    1.0718912802e+02   -2.1353953678e+01    1.1090614964e+01   -6.8784657929e+00    6.2591402861e-01   -2.3257344731e+00   -1.2775667440e+01    2.6400000000e+02    2.0018502000e-02    5.4734848485e-01
       167   -1.0213038048e+01    1.0649363188e+02   -2.1066622573e+01    1.0853584525e+01   -6.7647908714e+00    7.2071565948e-01   -2.2468799207e+00   -1.2775667440e+01    2.6400000000e+02    2.0011813000e-02    5.4379734848e-01
       168   -1.0260223434e+01    1.0681006383e+02   -2.1409313661e+01    1.1149090228e+01   -7.1476729917e+00    7.4352989649e-01   -2.2295031260e+00   -1.2775667440e+01    2.6400000000e+02    1.8837828000e-02    5.3678977273e-01
       169   -1.0344284163e+01    1.0843010615e+02   -2.1643800749e+01    1.1299516586e+01   -7.3077852223e+00    7.6918425160e-01   -2.3295323384e+00   -1.2775667440e+01    2.6400000000e+02    1.8270386000e-02    5.4133522727e-01
       170   -1.0291912184e+01    1.0790938191e+02   -2.2101056930e+01    1.1809144745e+01   -7.7862454179e+00    6.5217027592e-01   -2.1913143473e+00   -1.2775667440e+01    2.6400000000e+02    1.6838658000e-02    5.3645833333e-01
       171   -1.0076110909e+01    1.0349365710e+02   -2.1689355641e+01    1.1613244732e+01   -7.4241633549e+00    5.9902302821e-01   -2.0885478744e+00   -1.2775667440e+01    2.6400000000e+02    1.6869125000e-02    5.3650568182e-01
       172   -1.0260539182e+01    1.0679699898e+02   -2.1437933209e+01    1.1177394027e+01   -7.1983467946e+00    7.4587039533e-01   -2.2097893694e+00   -1.2775667440e+01    2.6400000000e+02    1.6835501000e-02    5.3939393939e-01
       173   -1.0297499446e+01    1.0780574777e+02   -2.2049372260e+01    1.1751872815e+01   -7.6217026226e+00    5.5140388071e-01   -2.2034060783e+00   -1.2775667440e+01    2.6400000000e+02    1.6998975000e-02    5.4247159091e-01
       174   -1.0266644327e+01    1.0756004915e+02   -2.2732341167e+01    1.2465696840e+01   -8.3250014707e+00    4.8936564714e-01   -2.1210379028e+00   -1.2775667440e+01    2.6400000000e+02    1.7025407000e-02    5.4062500000e-01
       175   -1.0266229000e+01    1.0704945328e+02   -2.1536389199e+01    1.1270160199e+01   -7.0220987765e+00    5.4833245652e-01   -2.2869554388e+00   -1.2775667440e+01    2.6400000000e+02    1.7006178000e-02    5.4607007576e-01
       176   -1.0253370885e+01    1.0686495887e+02   -2.1449010218e+01    1.1195639333e+01   -7.0482963700e+00    6.3562999101e-01   -2.2606763991e+00   -1.2775667440e+01    2.6400000000e+02    1.7065606000e-02    5.4607007576e-01
       177   -1.0344248226e+01    1.0880893469e+02   -2.1933478139e+01    1.1589229913e+01   -7.4826392039e+00    6.5450254425e-01   -2.3296740389e+00   -1.2775667440e+01    2.6400000000e+02    1.7085185000e-02    5.4441287879e-01
       178   -1.0363129623e+01    1.0906915416e+02   -2.1249689682e+01    1.0886560060e+01   -6.7041632799e+00    6.2352289463e-01   -2.3933818567e+00   -1.2775667440e+01    2.6400000000e+02    1.6985707000e-02    5.5127840909e-01
       179   -1.0371346529e+01    1.0952196979e+02   -2.2128226069e+01    1.1756879540e+01   -7.7209003569e+00    7.1094356915e-01   -2.3426018408e+00   -1.2775667440e+01    2.6400000000e+02    1.6860589000e-02    5.4303977273e-01
       180   -1.0235644621e+01    1.0644262398e+02   -2.1699390903e+01    1.1463746282e+01   -7.3867173380e+00    6.4814809857e-01   -2.1851542230e+00   -1.2775667440e+01    2.6400000000e+02    1.6946132000e-02    5.4602272727e-01
       181   -1.0258774726e+01    1.0717771198e+02   -2.1853642876e+01    1.1594868150e+01   -7.2537369980e+00    4.7240296014e-01   -2.2966413978e+00   -1.2775667440e+01    2.6400000000e+02    1.7339134000e-02    5.4332386364e-01
       182   -1.0243353318e+01    1.0676993207e+02   -2.1753090286e+01    1.1509736968e+01   -7.5134831387e+00    7.2449339829e-01   -2.1884331054e+00   -1.2775667440e+01    2.6400000000e+02    1.7064005000e-02    5.4611742424e-01
       183   -1.0231814075e+01    1.0667877325e+02   -2.1696271842e+01    1.1464457767e+01   -7.3187593541e+00    6.1344255901e-01   -2.2152876063e+00   -1.2775667440e+01    2.6400000000e+02    1.7620266000e-02    5.4157196970e-01
       184   -1.0295060090e+01    1.0812241530e+02   -2.1520256648e+01    1.1225196558e+01   -7.3479003500e+00    8.5761253374e-01   -2.2543013910e+00   -1.2775667440e+01    2.6400000000e+02    1.7478123000e-02    5.4266098485e-01
       185   -1.0341394709e+01    1.0868469007e+02   -2.1541050947e+01    1.1199656238e+01   -7.1631273456e+00    7.4097457066e-01   -2.3432307321e+00   -1.2775667440e+01    2.6400000000e+02    1.7278654000e-02    5.4616477273e-01
       186   -1.0137638410e+01    1.0503051029e+02   -2.1988305835e+01    1.1850667425e+01   -7.6970737052e+00    6.3317376088e-01   -2.1487384506e+00   -1.2775667440e+01    2.6400000000e+02    1.7207371000e-02    5.4720643939e-01
       187   -1.0379054157e+01    1.0938365450e+02   -2.1721687633e+01    1.1342633475e+01   -7.2098374205e+00    6.5875489316e-01   -2.3949376653e+00   -1.2775667440e+01    2.6400000000e+02    1.7258476000e-02    5.4696969697e-01
       188   -1.0147963963e+01    1.0460476862e+02   -2.1891079243e+01    1.1743115280e+01   -7.5296936533e+00    5.3712059821e-01   -2.1228387479e+00   -1.2775667440e+01    2.6400000000e+02    1.7222032000e-02    5.4412878788e-01
       189   -1.0134012987e+01    1.0428878036e+02   -2.1923103045e+01    1.1789090058e+01   -7.7227095508e+00    7.0075434532e-01   -2.1254803988e+00   -1.2775667440e+01    2.6400000000e+02    1.7548118000e-02    5.3967803030e-01
       190   -1.0308005923e+01    1.0794707849e+02   -2.2202322695e+01    1.1894316772e+01   -7.9226437595e+00    7.4452654365e-01   -2.2485380388e+00   -1.2775667440e+01    2.6400000000e+02    1.7138707000e-02    5.4597537879e-01
       191   -1.0191728509e+01    1.0560660180e+02   -2.1766669891e+01    1.1574941382e+01   -7.2313369959e+00    4.6678067073e-01   -2.2264461256e+00   -1.2775667440e+01    2.6400000000e+02    1.7287818000e-02    5.5033143939e-01
       192   -1.0377807698e+01    1.0914966301e+02   -2.1750141040e+01    1.1372333342e+01   -7.1896581587e+00    6.7499062943e-01   -2.4598060705e+00   -1.2775667440e+01    2.6400000000e+02    1.7762136000e-02    5.3958333333e-01
       193   -1.0230021973e+01    1.0648080868e+02   -2.1846872975e+01    1.1616851002e+01   -7.4519166182e+00    5.7450112044e-01   -2.1937900371e+00   -1.2775667440e+01    2.6400000000e+02    1.8794323000e-02    5.3977272727e-01
       194   -1.0129688451e+01    1.0493569340e+02   -2.1314388765e+01    1.1184700314e+01   -6.9481465125e+00    5.6655425196e-01   -2.1571290644e+00   -1.2775667440e+01    2.6400000000e+02    1.8501709000e-02    5.4384469697e-01
       195   -1.0142377629e+01    1.0548261101e+02   -2.2018022158e+01    1.1875644530e+01   -7.3561538340e+00    3.0519614210e-01   -2.1913970264e+00   -1.2775667440e+01    2.6400000000e+02    1.8565983000e-02    5.4763257576e-01
       196   -1.0175498246e+01    1.0531496510e+02   -2.1252153714e+01    1.1076655468e+01   -6.8949014290e+00    5.6354922577e-01   -2.1451340704e+00   -1.2775667440e+01    2.6400000000e+02    1.9069596000e-02    5.4564393939e-01
       197   -1.0208072833e+01    1.0616471425e+02   -2.1237059986e+01    1.1028987153e+01   -6.7626079028e+00    5.1231592186e-01   -2.2111005644e+00   -1.2775667440e+01    2.6400000000e+02    1.8821618000e-02    5.4308712121e-01
       198   -1.0232080023e+01    1.0661375540e+02   -2.1997323044e+01    1.1765243021e+01   -7.7329185560e+00    6.4468206290e-01   -2.1334191107e+00   -1.2775667440e+01    2.6400000000e+02    1.8860642000e-02    5.4289772727e-01
       199   -1.0288181246e+01    1.0748054129e+02   -2.1462916196e+01    1.1174734950e+01   -6.8299677447e+00    4.9677830264e-01   -2.3540593134e+00   -1.2775667440e+01    2.6400000000e+02    1.8698326000e-02    5.4010416667e-01
