#   index    LocalEnergy         LocalEnergy_sq      LocalPotential      Kinetic             LocalECP            NonLocalECP         ElecElec            IonIon              BlockWeight         BlockCPU            AcceptRatio         
         0   -1.0518529689e+01    1.1094429378e+02   -2.2005143527e+01    1.1486613838e+01   -7.4969395315e+00    8.4728839145e-01   -2.5798249468e+00   -1.2775667440e+01    2.6400000000e+02    1.8475862000e-02    5.3589015152e-01
         1   -1.0455061942e+01    1.0972521761e+02   -2.2354483028e+01    1.1899421087e+01   -7.4611901192e+00    5.3579378407e-01   -2.6534192531e+00   -1.2775667440e+01    2.6400000000e+02    1.8238626000e-02    5.3982007576e-01
         2   -1.0434444991e+01    1.0939862517e+02   -2.1910753294e+01    1.1476308304e+01   -6.9722549420e+00    5.7253345681e-01   -2.7353643691e+00   -1.2775667440e+01    2.6400000000e+02    1.8250163000e-02    5.3835227273e-01
         3   -1.0491429132e+01    1.1044095253e+02   -2.2077093100e+01    1.1585663967e+01   -7.3284197413e+00    6.8275514582e-01   -2.6557610639e+00   -1.2775667440e+01    2.6400000000e+02    1.8219058000e-02    5.3821022727e-01
         4   -1.0456372154e+01    1.0967886109e+02   -2.2044340623e+01    1.1587968469e+01   -7.1674201716e+00    5.7023986567e-01   -2.6714928767e+00   -1.2775667440e+01    2.6400000000e+02    1.8421100000e-02    5.3238636364e-01
         5   -1.0488289333e+01    1.1041210232e+02   -2.1827392374e+01    1.1339103041e+01   -7.0555854157e+00    6.7341719410e-01   -2.6695567118e+00   -1.2775667440e+01    2.6400000000e+02    1.8261089000e-02    5.3740530303e-01
         6   -1.0501026846e+01    1.1067720849e+02   -2.1805481631e+01    1.1304454785e+01   -7.0108390096e+00    6.5555879922e-01   -2.6745339800e+00   -1.2775667440e+01    2.6400000000e+02    1.8304184000e-02    5.3887310606e-01
         7   -1.0512436548e+01    1.1092388778e+02   -2.2378024296e+01    1.1865587748e+01   -7.6756596365e+00    6.5990570639e-01   -2.5866029258e+00   -1.2775667440e+01    2.6400000000e+02    1.9657571000e-02    5.4303977273e-01
         8   -1.0488311585e+01    1.1032923699e+02   -2.1950859621e+01    1.1462548035e+01   -7.0196479081e+00    6.7597917322e-01   -2.8315234458e+00   -1.2775667440e+01    2.6400000000e+02    1.9790633000e-02    5.3754734848e-01
         9   -1.0453946110e+01    1.0974937041e+02   -2.2642791933e+01    1.2188845823e+01   -7.7026124278e+00    5.4198522453e-01   -2.7064972898e+00   -1.2775667440e+01    2.6400000000e+02    1.9896488000e-02    5.3025568182e-01
        10   -1.0529203492e+01    1.1129184617e+02   -2.2246097003e+01    1.1716893511e+01   -7.2723024281e+00    4.9438914264e-01   -2.6925162773e+00   -1.2775667440e+01    2.6400000000e+02    1.9778388000e-02    5.4090909091e-01
        11   -1.0494698828e+01    1.1060118589e+02   -2.2043112290e+01    1.1548413463e+01   -7.5844488078e+00    9.7876534001e-01   -2.6617613824e+00   -1.2775667440e+01    2.6400000000e+02    2.0229130000e-02    5.4412878788e-01
        12   -1.0488491581e+01    1.1055127033e+02   -2.1912113536e+01    1.1423621955e+01   -6.7799578715e+00    4.3838095428e-01   -2.7948691785e+00   -1.2775667440e+01    2.6400000000e+02    2.0176734000e-02    5.2926136364e-01
        13   -1.0433489245e+01    1.0923975875e+02   -2.2246319867e+01    1.1812830622e+01   -7.4120725711e+00    6.2579182103e-01   -2.6843716764e+00   -1.2775667440e+01    2.6400000000e+02    1.9691554000e-02    5.3773674242e-01
        14   -1.0577636905e+01    1.1235955073e+02   -2.2113036983e+01    1.1535400078e+01   -7.4121184060e+00    7.4355613329e-01   -2.6688072703e+00   -1.2775667440e+01    2.6400000000e+02    1.9670226000e-02    5.4095643939e-01
        15   -1.0481808966e+01    1.1032098907e+02   -2.2298398410e+01    1.1816589444e+01   -7.4844278388e+00    6.1891071887e-01   -2.6572138497e+00   -1.2775667440e+01    2.6400000000e+02    2.0253430000e-02    5.3252840909e-01
        16   -1.0477183001e+01    1.1022551966e+02   -2.2587185984e+01    1.2110002983e+01   -7.6983626649e+00    6.8383133161e-01   -2.7969872106e+00   -1.2775667440e+01    2.6400000000e+02    2.0517513000e-02    5.3977272727e-01
        17   -1.0487727043e+01    1.1035407469e+02   -2.2252790885e+01    1.1765063842e+01   -7.4888986030e+00    6.8525661676e-01   -2.6734814588e+00   -1.2775667440e+01    2.6400000000e+02    1.9647580000e-02    5.3309659091e-01
        18   -1.0410236596e+01    1.0885176561e+02   -2.2062857524e+01    1.1652620928e+01   -6.9383773001e+00    4.0009108516e-01   -2.7489038693e+00   -1.2775667440e+01    2.6400000000e+02    1.9739723000e-02    5.3726325758e-01
        19   -1.0513506787e+01    1.1088918252e+02   -2.1916777013e+01    1.1403270227e+01   -7.0185784713e+00    6.6285696325e-01   -2.7853880651e+00   -1.2775667440e+01    2.6400000000e+02    2.0230886000e-02    5.3413825758e-01
        20   -1.0505919696e+01    1.1075554501e+02   -2.1439199907e+01    1.0933280211e+01   -6.5652834180e+00    6.8084060665e-01   -2.7790896556e+00   -1.2775667440e+01    2.6400000000e+02    2.0321654000e-02    5.3958333333e-01
        21   -1.0540427188e+01    1.1151191385e+02   -2.1791855914e+01    1.1251428725e+01   -6.9260428121e+00    6.2407532396e-01   -2.7142209854e+00   -1.2775667440e+01    2.6400000000e+02    1.9767512000e-02    5.3806818182e-01
        22   -1.0529612755e+01    1.1129858484e+02   -2.1689015064e+01    1.1159402308e+01   -6.6618379807e+00    4.9195774393e-01   -2.7434673867e+00   -1.2775667440e+01    2.6400000000e+02    1.9639726000e-02    5.4133522727e-01
        23   -1.0449438692e+01    1.0960423074e+02   -2.1847251707e+01    1.1397813016e+01   -6.7164459579e+00    4.5071901979e-01   -2.8058573290e+00   -1.2775667440e+01    2.6400000000e+02    1.9809974000e-02    5.3726325758e-01
        24   -1.0462515679e+01    1.0979172005e+02   -2.1428387321e+01    1.0965871642e+01   -6.3535252311e+00    4.7673446683e-01   -2.7759291167e+00   -1.2775667440e+01    2.6400000000e+02    2.0205743000e-02    5.3816287879e-01
        25   -1.0461180238e+01    1.0980669146e+02   -2.1795904457e+01    1.1334724219e+01   -6.8514072618e+00    5.1369155586e-01   -2.6825213107e+00   -1.2775667440e+01    2.6400000000e+02    2.0317817000e-02    5.3626893939e-01
        26   -1.0534052049e+01    1.1128074697e+02   -2.2188258494e+01    1.1654206445e+01   -7.3440155865e+00    5.4398070312e-01   -2.6125561705e+00   -1.2775667440e+01    2.6400000000e+02    1.9753833000e-02    5.3929924242e-01
        27   -1.0491124195e+01    1.1041272695e+02   -2.1888742453e+01    1.1397618258e+01   -7.0590283604e+00    7.3907508577e-01   -2.7931217387e+00   -1.2775667440e+01    2.6400000000e+02    1.9762295000e-02    5.3882575758e-01
        28   -1.0468291847e+01    1.0997461337e+02   -2.2070311873e+01    1.1602020026e+01   -7.4231306817e+00    6.3553694840e-01   -2.5070506998e+00   -1.2775667440e+01    2.6400000000e+02    2.0546587000e-02    5.3702651515e-01
        29   -1.0440772245e+01    1.0939952496e+02   -2.1856637091e+01    1.1415864846e+01   -6.8281458966e+00    6.1853074284e-01   -2.8713544970e+00   -1.2775667440e+01    2.6400000000e+02    2.0411931000e-02    5.3551136364e-01
        30   -1.0537137255e+01    1.1138242344e+02   -2.1392661337e+01    1.0855524082e+01   -6.6111256618e+00    6.4935928947e-01   -2.6552275244e+00   -1.2775667440e+01    2.6400000000e+02    1.9700575000e-02    5.3271780303e-01
        31   -1.0557698796e+01    1.1179892775e+02   -2.1972390518e+01    1.1414691722e+01   -6.9563194985e+00    5.8197303992e-01   -2.8223766188e+00   -1.2775667440e+01    2.6400000000e+02    1.9687949000e-02    5.3641098485e-01
        32   -1.0474225214e+01    1.1018872952e+02   -2.1981466944e+01    1.1507241730e+01   -7.1545182847e+00    5.1865110212e-01   -2.5699323208e+00   -1.2775667440e+01    2.6400000000e+02    2.0180157000e-02    5.4010416667e-01
        33   -1.0492774415e+01    1.1059982713e+02   -2.1679233049e+01    1.1186458633e+01   -6.7449973426e+00    5.5650689525e-01   -2.7150751611e+00   -1.2775667440e+01    2.6400000000e+02    2.0340423000e-02    5.3300189394e-01
        34   -1.0523692821e+01    1.1139471344e+02   -2.1794520717e+01    1.1270827896e+01   -6.7157171966e+00    4.0629879877e-01   -2.7094348789e+00   -1.2775667440e+01    2.6400000000e+02    1.9694793000e-02    5.4109848485e-01
        35   -1.0503447317e+01    1.1078644730e+02   -2.2339897828e+01    1.1836450511e+01   -7.5787933810e+00    6.6483643795e-01   -2.6502734447e+00   -1.2775667440e+01    2.6400000000e+02    1.9839911000e-02    5.3726325758e-01
        36   -1.0520255427e+01    1.1103415070e+02   -2.1685136280e+01    1.1164880853e+01   -6.7143001784e+00    6.3992813100e-01   -2.8350967923e+00   -1.2775667440e+01    2.6400000000e+02    1.9665763000e-02    5.3944128788e-01
        37   -1.0461332324e+01    1.0988020869e+02   -2.1851874548e+01    1.1390542223e+01   -6.8868640525e+00    5.7211874145e-01   -2.7614617966e+00   -1.2775667440e+01    2.6400000000e+02    1.9352631000e-02    5.3636363636e-01
        38   -1.0508627892e+01    1.1097537159e+02   -2.1516791938e+01    1.1008164045e+01   -6.9205230996e+00    8.5158497536e-01   -2.6721863734e+00   -1.2775667440e+01    2.6400000000e+02    1.8578865000e-02    5.3731060606e-01
        39   -1.0453162203e+01    1.0989534061e+02   -2.2165821591e+01    1.1712659389e+01   -7.3303396305e+00    4.9970954065e-01   -2.5595240610e+00   -1.2775667440e+01    2.6400000000e+02    1.8562097000e-02    5.3735795455e-01
        40   -1.0452118776e+01    1.0967778028e+02   -2.2273516428e+01    1.1821397651e+01   -7.3809483037e+00    6.0149666877e-01   -2.7183973524e+00   -1.2775667440e+01    2.6400000000e+02    1.8908922000e-02    5.3442234848e-01
        41   -1.0444694136e+01    1.0953758428e+02   -2.1772281101e+01    1.1327586965e+01   -6.9502747151e+00    5.3497847936e-01   -2.5813174248e+00   -1.2775667440e+01    2.6400000000e+02    1.8410002000e-02    5.3622159091e-01
        42   -1.0494505252e+01    1.1056662961e+02   -2.1629781828e+01    1.1135276576e+01   -6.9337525411e+00    7.2734238175e-01   -2.6477042284e+00   -1.2775667440e+01    2.6400000000e+02    1.8509670000e-02    5.3688446970e-01
        43   -1.0503098181e+01    1.1064306642e+02   -2.1618332504e+01    1.1115234323e+01   -6.9459665806e+00    7.5255600334e-01   -2.6492544861e+00   -1.2775667440e+01    2.6400000000e+02    1.8435206000e-02    5.3394886364e-01
        44   -1.0442406843e+01    1.0935854105e+02   -2.2635552976e+01    1.2193146132e+01   -7.5417568532e+00    4.0370268692e-01   -2.7218313693e+00   -1.2775667440e+01    2.6400000000e+02    1.8752681000e-02    5.3664772727e-01
        45   -1.0454739597e+01    1.0966957306e+02   -2.2298118003e+01    1.1843378407e+01   -7.3599970356e+00    6.1929524692e-01   -2.7817487745e+00   -1.2775667440e+01    2.6400000000e+02    1.8427581000e-02    5.4195075758e-01
        46   -1.0509089849e+01    1.1095651224e+02   -2.2377539717e+01    1.1868449868e+01   -7.6068688040e+00    5.4255758390e-01   -2.5375610563e+00   -1.2775667440e+01    2.6400000000e+02    1.8616533000e-02    5.3484848485e-01
        47   -1.0526212728e+01    1.1118374512e+02   -2.2104095092e+01    1.1577882364e+01   -7.2069452562e+00    6.7058182262e-01   -2.7920642184e+00   -1.2775667440e+01    2.6400000000e+02    1.8560275000e-02    5.3825757576e-01
        48   -1.0470223117e+01    1.1008206494e+02   -2.2445359321e+01    1.1975136204e+01   -7.3739280541e+00    5.7046007905e-01   -2.8662239058e+00   -1.2775667440e+01    2.6400000000e+02    1.8237021000e-02    5.2997159091e-01
        49   -1.0451821810e+01    1.0972989149e+02   -2.2300907890e+01    1.1849086080e+01   -7.5569728013e+00    6.5933522205e-01   -2.6276028708e+00   -1.2775667440e+01    2.6400000000e+02    1.8571367000e-02    5.3839962121e-01
        50   -1.0507790877e+01    1.1083986246e+02   -2.1569551094e+01    1.1061760217e+01   -6.5305695456e+00    5.4971804793e-01   -2.8130321563e+00   -1.2775667440e+01    2.6400000000e+02    1.8409026000e-02    5.3683712121e-01
        51   -1.0561588819e+01    1.1187327020e+02   -2.1813710223e+01    1.1252121404e+01   -6.9156613824e+00    6.1092992636e-01   -2.7333113269e+00   -1.2775667440e+01    2.6400000000e+02    1.8547549000e-02    5.4081439394e-01
        52   -1.0465474553e+01    1.1001484551e+02   -2.2146522902e+01    1.1681048349e+01   -6.9666339270e+00    3.7260280437e-01   -2.7768243391e+00   -1.2775667440e+01    2.6400000000e+02    1.8573690000e-02    5.4043560606e-01
        53   -1.0489943092e+01    1.1041389319e+02   -2.1913526689e+01    1.1423583597e+01   -7.1395416287e+00    7.1803266533e-01   -2.7163502852e+00   -1.2775667440e+01    2.6400000000e+02    1.8411091000e-02    5.4640151515e-01
        54   -1.0513940862e+01    1.1114774296e+02   -2.2159983258e+01    1.1646042396e+01   -7.1659892053e+00    5.8252556863e-01   -2.8008521816e+00   -1.2775667440e+01    2.6400000000e+02    1.8383902000e-02    5.3712121212e-01
        55   -1.0421390687e+01    1.0898415886e+02   -2.2032226531e+01    1.1610835844e+01   -6.9320449238e+00    4.7306904728e-01   -2.7975832139e+00   -1.2775667440e+01    2.6400000000e+02    1.8374878000e-02    5.3645833333e-01
        56   -1.0479633772e+01    1.1015216579e+02   -2.1775674600e+01    1.1296040828e+01   -6.8112424603e+00    5.4829428625e-01   -2.7370589854e+00   -1.2775667440e+01    2.6400000000e+02    1.8548572000e-02    5.3404356061e-01
        57   -1.0472441770e+01    1.1010348322e+02   -2.2262446958e+01    1.1790005189e+01   -7.1186502946e+00    3.7235755882e-01   -2.7404867825e+00   -1.2775667440e+01    2.6400000000e+02    1.8722800000e-02    5.3541666667e-01
        58   -1.0494158900e+01    1.1042781331e+02   -2.1783488275e+01    1.1289329375e+01   -6.8430152317e+00    5.7692872497e-01   -2.7417343283e+00   -1.2775667440e+01    2.6400000000e+02    2.0415940000e-02    5.3593750000e-01
        59   -1.0443833702e+01    1.0953769391e+02   -2.2169345347e+01    1.1725511644e+01   -7.0781592796e+00    3.7420002228e-01   -2.6897186493e+00   -1.2775667440e+01    2.6400000000e+02    2.0530622000e-02    5.3347537879e-01
        60   -1.0601462619e+01    1.1288777545e+02   -2.1683926787e+01    1.1082464168e+01   -6.7811506205e+00    5.7833391516e-01   -2.7054426409e+00   -1.2775667440e+01    2.6400000000e+02    2.0070239000e-02    5.4128787879e-01
        61   -1.0466879219e+01    1.0994910864e+02   -2.2159377581e+01    1.1692498362e+01   -7.3355023007e+00    6.1116699462e-01   -2.6593748351e+00   -1.2775667440e+01    2.6400000000e+02    1.9699715000e-02    5.3896780303e-01
        62   -1.0489350766e+01    1.1061717084e+02   -2.2159091564e+01    1.1669740798e+01   -7.4056478182e+00    6.9772715021e-01   -2.6755034556e+00   -1.2775667440e+01    2.6400000000e+02    2.0196998000e-02    5.3546401515e-01
        63   -1.0517291781e+01    1.1093955864e+02   -2.1212655046e+01    1.0695363266e+01   -6.1148748134e+00    4.2578881649e-01   -2.7479016093e+00   -1.2775667440e+01    2.6400000000e+02    2.0309136000e-02    5.3991477273e-01
        64   -1.0597781706e+01    1.1274559114e+02   -2.2321690132e+01    1.1723908426e+01   -7.2843395551e+00    4.9599437435e-01   -2.7576775107e+00   -1.2775667440e+01    2.6400000000e+02    2.0175011000e-02    5.3238636364e-01
        65   -1.0433183678e+01    1.0937943003e+02   -2.1780276924e+01    1.1347093246e+01   -7.0422299187e+00    7.0574841556e-01   -2.6681279809e+00   -1.2775667440e+01    2.6400000000e+02    1.9775488000e-02    5.3565340909e-01
        66   -1.0492337076e+01    1.1053751730e+02   -2.1802844616e+01    1.1310507540e+01   -7.1194932613e+00    8.3532544964e-01   -2.7430093640e+00   -1.2775667440e+01    2.6400000000e+02    2.0139726000e-02    5.3721590909e-01
        67   -1.0522085296e+01    1.1116397884e+02   -2.2162412899e+01    1.1640327603e+01   -7.4441612113e+00    6.8312906377e-01   -2.6257133110e+00   -1.2775667440e+01    2.6400000000e+02    2.0546358000e-02    5.3271780303e-01
        68   -1.0600369727e+01    1.1285225270e+02   -2.1783182087e+01    1.1182812361e+01   -7.1084943578e+00    6.8659556017e-01   -2.5856158496e+00   -1.2775667440e+01    2.6400000000e+02    2.0059404000e-02    5.4095643939e-01
        69   -1.0525026051e+01    1.1124619602e+02   -2.1848364610e+01    1.1323338559e+01   -7.0678491495e+00    6.2966695176e-01   -2.6345149716e+00   -1.2775667440e+01    2.6400000000e+02    1.9583164000e-02    5.3740530303e-01
        70   -1.0502704320e+01    1.1066476633e+02   -2.2029386203e+01    1.1526681883e+01   -7.1061848424e+00    5.2264199699e-01   -2.6701759175e+00   -1.2775667440e+01    2.6400000000e+02    1.9583374000e-02    5.3584280303e-01
        71   -1.0458440344e+01    1.0974989674e+02   -2.1791615897e+01    1.1333175553e+01   -7.0791173260e+00    7.1696772781e-01   -2.6537988585e+00   -1.2775667440e+01    2.6400000000e+02    2.0234144000e-02    5.3484848485e-01
        72   -1.0453323405e+01    1.0968491471e+02   -2.2235097155e+01    1.1781773750e+01   -7.4528899031e+00    5.5557739528e-01   -2.5621172070e+00   -1.2775667440e+01    2.6400000000e+02    2.0335455000e-02    5.3896780303e-01
        73   -1.0521717047e+01    1.1120038458e+02   -2.1778928287e+01    1.1257211240e+01   -6.8792988696e+00    5.9224535355e-01   -2.7162073304e+00   -1.2775667440e+01    2.6400000000e+02    2.0419919000e-02    5.4455492424e-01
        74   -1.0501216005e+01    1.1070523437e+02   -2.1826234376e+01    1.1325018371e+01   -7.1133182550e+00    7.5119877306e-01   -2.6884474539e+00   -1.2775667440e+01    2.6400000000e+02    2.0078284000e-02    5.3991477273e-01
        75   -1.0509472178e+01    1.1096718138e+02   -2.1828838849e+01    1.1319366671e+01   -7.1468709093e+00    6.9288243890e-01   -2.5991829380e+00   -1.2775667440e+01    2.6400000000e+02    2.0630547000e-02    5.3750000000e-01
        76   -1.0542099033e+01    1.1146787429e+02   -2.2294000987e+01    1.1751901954e+01   -7.2885657026e+00    6.2076379972e-01   -2.8505316439e+00   -1.2775667440e+01    2.6400000000e+02    2.0755883000e-02    5.3267045455e-01
        77   -1.0509891926e+01    1.1079759937e+02   -2.1973068646e+01    1.1463176720e+01   -7.0659345329e+00    5.4944688632e-01   -2.6809135592e+00   -1.2775667440e+01    2.6400000000e+02    2.0160307000e-02    5.3328598485e-01
        78   -1.0470965811e+01    1.0999719154e+02   -2.1813605843e+01    1.1342640032e+01   -6.8214874518e+00    5.3974816168e-01   -2.7561991130e+00   -1.2775667440e+01    2.6400000000e+02    1.9853238000e-02    5.3811553030e-01
        79   -1.0474592776e+01    1.1011772535e+02   -2.2424262920e+01    1.1949670144e+01   -7.7044856104e+00    7.1382746026e-01   -2.6579373300e+00   -1.2775667440e+01    2.6400000000e+02    2.0599476000e-02    5.3844696970e-01
        80   -1.0487809546e+01    1.1035003204e+02   -2.2178695272e+01    1.1690885727e+01   -7.3103778092e+00    7.3216079055e-01   -2.8248108135e+00   -1.2775667440e+01    2.6400000000e+02    2.0506627000e-02    5.3300189394e-01
        81   -1.0531467807e+01    1.1125202116e+02   -2.2333855318e+01    1.1802387511e+01   -7.2810044804e+00    5.0511831592e-01   -2.7823017131e+00   -1.2775667440e+01    2.6400000000e+02    2.0273683000e-02    5.3768939394e-01
        82   -1.0486656047e+01    1.1045142477e+02   -2.1803446150e+01    1.1316790103e+01   -6.9834736371e+00    5.4405971068e-01   -2.5883647831e+00   -1.2775667440e+01    2.6400000000e+02    1.9708143000e-02    5.4427083333e-01
        83   -1.0495590480e+01    1.1049899756e+02   -2.2111887070e+01    1.1616296589e+01   -7.2525547999e+00    7.7078262593e-01   -2.8544474553e+00   -1.2775667440e+01    2.6400000000e+02    2.0609092000e-02    5.3977272727e-01
        84   -1.0474669497e+01    1.1010753586e+02   -2.1902901693e+01    1.1428232196e+01   -7.2712455839e+00    7.3350955071e-01   -2.5894982193e+00   -1.2775667440e+01    2.6400000000e+02    2.0389710000e-02    5.2992424242e-01
        85   -1.0478099325e+01    1.1016907421e+02   -2.1987497409e+01    1.1509398084e+01   -7.2438558325e+00    7.1169713086e-01   -2.6796712669e+00   -1.2775667440e+01    2.6400000000e+02    2.0323172000e-02    5.3821022727e-01
        86   -1.0461989795e+01    1.0984658715e+02   -2.1918030891e+01    1.1456041095e+01   -7.1448259913e+00    7.1311730473e-01   -2.7106547637e+00   -1.2775667440e+01    2.6400000000e+02    2.0022048000e-02    5.3877840909e-01
        87   -1.0490344526e+01    1.1049618993e+02   -2.2032082237e+01    1.1541737711e+01   -7.0675804728e+00    5.5145285597e-01   -2.7402871800e+00   -1.2775667440e+01    2.6400000000e+02    1.9195549000e-02    5.3191287879e-01
        88   -1.0490921802e+01    1.1039982618e+02   -2.2417698609e+01    1.1926776807e+01   -7.5081783017e+00    6.0585158185e-01   -2.7397044492e+00   -1.2775667440e+01    2.6400000000e+02    1.8430892000e-02    5.3314393939e-01
        89   -1.0491086721e+01    1.1046770035e+02   -2.2448914418e+01    1.1957827698e+01   -7.6259476131e+00    6.1319964467e-01   -2.6604990096e+00   -1.2775667440e+01    2.6400000000e+02    1.8298667000e-02    5.3470643939e-01
        90   -1.0526505453e+01    1.1120512615e+02   -2.2206875423e+01    1.1680369970e+01   -7.1885781067e+00    4.8317161347e-01   -2.7258014893e+00   -1.2775667440e+01    2.6400000000e+02    1.8599566000e-02    5.3693181818e-01
        91   -1.0470333701e+01    1.1005558188e+02   -2.2136943625e+01    1.1666609924e+01   -7.1955674211e+00    4.7877142457e-01   -2.6444801880e+00   -1.2775667440e+01    2.6400000000e+02    1.8613448000e-02    5.3925189394e-01
        92   -1.0464903040e+01    1.0992156975e+02   -2.2172192400e+01    1.1707289360e+01   -7.3033981656e+00    6.7966881021e-01   -2.7727956045e+00   -1.2775667440e+01    2.6400000000e+02    1.8401383000e-02    5.3101325758e-01
        93   -1.0489958532e+01    1.1042307761e+02   -2.2731981456e+01    1.2242022924e+01   -7.7292167164e+00    4.2297226462e-01   -2.6500695641e+00   -1.2775667440e+01    2.6400000000e+02    1.8474233000e-02    5.3210227273e-01
        94   -1.0537835196e+01    1.1153044759e+02   -2.1456537433e+01    1.0918702237e+01   -6.6676968351e+00    6.1612580569e-01   -2.6292989632e+00   -1.2775667440e+01    2.6400000000e+02    1.8378253000e-02    5.3366477273e-01
        95   -1.0479016101e+01    1.1018850040e+02   -2.1870703233e+01    1.1391687132e+01   -6.9952916324e+00    6.5895880962e-01   -2.7587029700e+00   -1.2775667440e+01    2.6400000000e+02    1.8638537000e-02    5.3944128788e-01
        96   -1.0514678708e+01    1.1094874873e+02   -2.1853882808e+01    1.1339204100e+01   -7.0739605713e+00    5.9251430772e-01   -2.5967691044e+00   -1.2775667440e+01    2.6400000000e+02    1.8319257000e-02    5.3702651515e-01
        97   -1.0455494072e+01    1.0986871314e+02   -2.1822415294e+01    1.1366921221e+01   -6.9538271332e+00    6.2585586696e-01   -2.7187765872e+00   -1.2775667440e+01    2.6400000000e+02    1.8643360000e-02    5.3555871212e-01
        98   -1.0504476042e+01    1.1079930412e+02   -2.2663427340e+01    1.2158951297e+01   -7.7213214678e+00    4.8049811872e-01   -2.6469365504e+00   -1.2775667440e+01    2.6400000000e+02    1.8486844000e-02    5.3792613636e-01
        99   -1.0495985644e+01    1.1060823249e+02   -2.1526248975e+01    1.1030263330e+01   -6.5911784858e+00    5.5483626251e-01   -2.7142393112e+00   -1.2775667440e+01    2.6400000000e+02    1.8502573000e-02    5.4228219697e-01
       100   -1.0497137484e+01    1.1060456121e+02   -2.1837822678e+01    1.1340685194e+01   -7.0707276040e+00    6.8157202270e-01   -2.6729996564e+00   -1.2775667440e+01    2.6400000000e+02    1.8790178000e-02    5.3257575758e-01
       101   -1.0497047520e+01    1.1057037308e+02   -2.2141520776e+01    1.1644473256e+01   -7.2236622152e+00    5.8281414060e-01   -2.7250052617e+00   -1.2775667440e+01    2.6400000000e+02    1.8958256000e-02    5.4119318182e-01
       102   -1.0460153680e+01    1.0985853970e+02   -2.1927450964e+01    1.1467297284e+01   -7.0771428570e+00    5.5664475793e-01   -2.6312854251e+00   -1.2775667440e+01    2.6400000000e+02    1.9250836000e-02    5.3418560606e-01
       103   -1.0530644339e+01    1.1125489241e+02   -2.1539488210e+01    1.1008843871e+01   -6.7304375818e+00    7.3449388365e-01   -2.7678770712e+00   -1.2775667440e+01    2.6400000000e+02    1.8335517000e-02    5.3371212121e-01
       104   -1.0429161597e+01    1.0913071178e+02   -2.2400216449e+01    1.1971054852e+01   -7.6333224316e+00    5.2261135054e-01   -2.5138379273e+00   -1.2775667440e+01    2.6400000000e+02    1.8351495000e-02    5.4005681818e-01
       105   -1.0466830339e+01    1.0994178720e+02   -2.1879000617e+01    1.1412170279e+01   -6.9686338208e+00    6.1793834433e-01   -2.7526377005e+00   -1.2775667440e+01    2.6400000000e+02    1.8651434000e-02    5.3536931818e-01
       106   -1.0503590363e+01    1.1074011581e+02   -2.2314174811e+01    1.1810584447e+01   -7.2298121867e+00    4.6512287966e-01   -2.7738180633e+00   -1.2775667440e+01    2.6400000000e+02    1.8597782000e-02    5.3963068182e-01
       107   -1.0437221703e+01    1.0941231542e+02   -2.2274925422e+01    1.1837703720e+01   -7.5121486736e+00    6.8726930501e-01   -2.6743786136e+00   -1.2775667440e+01    2.6400000000e+02    1.8915609000e-02    5.3148674242e-01
       108   -1.0414000930e+01    1.0899890045e+02   -2.2283725193e+01    1.1869724263e+01   -7.6280220932e+00    7.2251018402e-01   -2.6025458434e+00   -1.2775667440e+01    2.6400000000e+02    2.0777454000e-02    5.3186553030e-01
       109   -1.0474711385e+01    1.1022162981e+02   -2.2034593154e+01    1.1559881769e+01   -7.4949256652e+00    8.1329105485e-01   -2.5772911035e+00   -1.2775667440e+01    2.6400000000e+02    1.9833817000e-02    5.4526515152e-01
       110   -1.0511842457e+01    1.1091075023e+02   -2.1901283823e+01    1.1389441366e+01   -7.1662229939e+00    6.7977797304e-01   -2.6391713617e+00   -1.2775667440e+01    2.6400000000e+02    2.0770471000e-02    5.3399621212e-01
       111   -1.0455677623e+01    1.0969069071e+02   -2.1884670998e+01    1.1428993375e+01   -7.0004216967e+00    5.4845138973e-01   -2.6570332509e+00   -1.2775667440e+01    2.6400000000e+02    2.0155349000e-02    5.3958333333e-01
       112   -1.0555120483e+01    1.1188883110e+02   -2.2017814154e+01    1.1462693671e+01   -7.2277731065e+00    6.3487726528e-01   -2.6492508724e+00   -1.2775667440e+01    2.6400000000e+02    2.0814850000e-02    5.4138257576e-01
       113   -1.0425026161e+01    1.0901392400e+02   -2.2163815422e+01    1.1738789261e+01   -7.3208826218e+00    5.8527889564e-01   -2.6525442560e+00   -1.2775667440e+01    2.6400000000e+02    2.0875318000e-02    5.3792613636e-01
       114   -1.0557346482e+01    1.1203525015e+02   -2.1774529703e+01    1.1217183221e+01   -7.0092031800e+00    6.6940293897e-01   -2.6590620221e+00   -1.2775667440e+01    2.6400000000e+02    2.0501695000e-02    5.3958333333e-01
       115   -1.0449494221e+01    1.0998948345e+02   -2.2204264086e+01    1.1754769865e+01   -7.3912259392e+00    6.1371667360e-01   -2.6510873797e+00   -1.2775667440e+01    2.6400000000e+02    1.9976551000e-02    5.3186553030e-01
       116   -1.0448370700e+01    1.0964571898e+02   -2.2206590325e+01    1.1758219625e+01   -7.3619935143e+00    6.1290260714e-01   -2.6818319780e+00   -1.2775667440e+01    2.6400000000e+02    2.0972726000e-02    5.3825757576e-01
       117   -1.0511778767e+01    1.1092400385e+02   -2.2323975597e+01    1.1812196831e+01   -7.6217725639e+00    6.6990848729e-01   -2.5964440805e+00   -1.2775667440e+01    2.6400000000e+02    2.1052158000e-02    5.3484848485e-01
       118   -1.0501710392e+01    1.1069662036e+02   -2.1991774022e+01    1.1490063630e+01   -7.1540757380e+00    6.9607219294e-01   -2.7581030371e+00   -1.2775667440e+01    2.6400000000e+02    2.0378552000e-02    5.3977272727e-01
       119   -1.0550414878e+01    1.1167453347e+02   -2.2342467240e+01    1.1792052362e+01   -7.4296919014e+00    5.6821814043e-01   -2.7053260388e+00   -1.2775667440e+01    2.6400000000e+02    2.0142126000e-02    5.3304924242e-01
       120   -1.0546986123e+01    1.1164628369e+02   -2.1634089784e+01    1.1087103661e+01   -6.8583772473e+00    5.9036939968e-01   -2.5904144958e+00   -1.2775667440e+01    2.6400000000e+02    2.0979708000e-02    5.3854166667e-01
       121   -1.0501581087e+01    1.1076433029e+02   -2.1834027352e+01    1.1332446265e+01   -6.6854901590e+00    4.5416134951e-01   -2.8270311025e+00   -1.2775667440e+01    2.6400000000e+02    2.0890125000e-02    5.3991477273e-01
       122   -1.0581670571e+01    1.1232982328e+02   -2.1812347197e+01    1.1230676627e+01   -7.0539456113e+00    6.6011467466e-01   -2.6428488201e+00   -1.2775667440e+01    2.6400000000e+02    2.0480346000e-02    5.3555871212e-01
       123   -1.0481386412e+01    1.1014814582e+02   -2.2276131051e+01    1.1794744639e+01   -7.7144413728e+00    8.0565720252e-01   -2.5916794404e+00   -1.2775667440e+01    2.6400000000e+02    2.0339233000e-02    5.4346590909e-01
       124   -1.0482404477e+01    1.1027486478e+02   -2.2253367923e+01    1.1770963446e+01   -7.4249802000e+00    6.0133989775e-01   -2.6540601801e+00   -1.2775667440e+01    2.6400000000e+02    2.1234666000e-02    5.3877840909e-01
       125   -1.0526329191e+01    1.1121387313e+02   -2.2019195043e+01    1.1492865852e+01   -7.1977410790e+00    6.1759354582e-01   -2.6633800692e+00   -1.2775667440e+01    2.6400000000e+02    2.0580616000e-02    5.2921401515e-01
       126   -1.0489228155e+01    1.1054741806e+02   -2.1827080245e+01    1.1337852090e+01   -7.0362238749e+00    6.8378362105e-01   -2.6989725505e+00   -1.2775667440e+01    2.6400000000e+02    2.0295862000e-02    5.4398674242e-01
       127   -1.0514374688e+01    1.1099838970e+02   -2.2012631079e+01    1.1498256391e+01   -7.0257770153e+00    5.4483217718e-01   -2.7560188005e+00   -1.2775667440e+01    2.6400000000e+02    2.0744927000e-02    5.3077651515e-01
       128   -1.0446069502e+01    1.0948244094e+02   -2.2635415361e+01    1.2189345859e+01   -7.5680432460e+00    3.4917736808e-01   -2.6408820426e+00   -1.2775667440e+01    2.6400000000e+02    2.0906289000e-02    5.3446969697e-01
       129   -1.0460170665e+01    1.0977553899e+02   -2.2156177440e+01    1.1696006774e+01   -7.2607076702e+00    6.3557453356e-01   -2.7553768628e+00   -1.2775667440e+01    2.6400000000e+02    2.0625432000e-02    5.4469696970e-01
       130   -1.0514752970e+01    1.1091498102e+02   -2.1592557316e+01    1.1077804346e+01   -6.7451236778e+00    5.8942178194e-01   -2.6611879797e+00   -1.2775667440e+01    2.6400000000e+02    2.1205732000e-02    5.4204545455e-01
       131   -1.0491757932e+01    1.1049852720e+02   -2.1886911689e+01    1.1395153757e+01   -6.8393544996e+00    5.5967648278e-01   -2.8315662322e+00   -1.2775667440e+01    2.6400000000e+02    2.0647680000e-02    5.3361742424e-01
       132   -1.0444307749e+01    1.0974410892e+02   -2.2400108435e+01    1.1955800687e+01   -7.6056140916e+00    6.4372002232e-01   -2.6625469259e+00   -1.2775667440e+01    2.6400000000e+02    2.0764164000e-02    5.3470643939e-01
       133   -1.0435585524e+01    1.0929757063e+02   -2.2007590042e+01    1.1572004518e+01   -6.9336942719e+00    4.9631220619e-01   -2.7945405362e+00   -1.2775667440e+01    2.6400000000e+02    1.9936769000e-02    5.3177083333e-01
       134   -1.0433904289e+01    1.0929155980e+02   -2.2228091900e+01    1.1794187611e+01   -7.4179882760e+00    6.2822163739e-01   -2.6626578215e+00   -1.2775667440e+01    2.6400000000e+02    2.0417290000e-02    5.3158143939e-01
       135   -1.0478418794e+01    1.1017277848e+02   -2.2046395059e+01    1.1567976264e+01   -7.1817453070e+00    5.8655887789e-01   -2.6755411892e+00   -1.2775667440e+01    2.6400000000e+02    2.0608327000e-02    5.3716856061e-01
       136   -1.0462560068e+01    1.0977963133e+02   -2.1976840192e+01    1.1514280124e+01   -6.9756439369e+00    5.3395183162e-01   -2.7594806464e+00   -1.2775667440e+01    2.6400000000e+02    1.9874595000e-02    5.3802083333e-01
       137   -1.0530927028e+01    1.1122946419e+02   -2.1896528481e+01    1.1365601453e+01   -6.9594958765e+00    4.7732664033e-01   -2.6386918048e+00   -1.2775667440e+01    2.6400000000e+02    1.8452324000e-02    5.3309659091e-01
       138   -1.0466545753e+01    1.0992026582e+02   -2.1545436949e+01    1.1078891196e+01   -6.4414031156e+00    3.5136253275e-01   -2.6797289261e+00   -1.2775667440e+01    2.6400000000e+02    1.8307306000e-02    5.3371212121e-01
       139   -1.0482929456e+01    1.1020913942e+02   -2.2061541278e+01    1.1578611822e+01   -7.0745735658e+00    6.1013586773e-01   -2.8214361398e+00   -1.2775667440e+01    2.6400000000e+02    1.8203583000e-02    5.3584280303e-01
       140   -1.0436099329e+01    1.0927470260e+02   -2.2045597038e+01    1.1609497710e+01   -7.2197247269e+00    5.8895723558e-01   -2.6391621068e+00   -1.2775667440e+01    2.6400000000e+02    1.8475214000e-02    5.3536931818e-01
       141   -1.0515541944e+01    1.1101255172e+02   -2.2222148085e+01    1.1706606141e+01   -7.7394280150e+00    9.1810541030e-01   -2.6251580400e+00   -1.2775667440e+01    2.6400000000e+02    1.8503722000e-02    5.3513257576e-01
       142   -1.0433126308e+01    1.0923210207e+02   -2.1770875400e+01    1.1337749092e+01   -6.7717456550e+00    5.4811318622e-01   -2.7715754911e+00   -1.2775667440e+01    2.6400000000e+02    1.8971944000e-02    5.3366477273e-01
       143   -1.0473601688e+01    1.1013240348e+02   -2.2306083379e+01    1.1832481691e+01   -7.4985636846e+00    4.7719859513e-01   -2.5090508489e+00   -1.2775667440e+01    2.6400000000e+02    1.8679106000e-02    5.3333333333e-01
       144   -1.0546985755e+01    1.1164152478e+02   -2.1893838911e+01    1.1346853156e+01   -7.3176507278e+00    8.1444104596e-01   -2.6149617891e+00   -1.2775667440e+01    2.6400000000e+02    1.8450946000e-02    5.3660037879e-01
       145   -1.0528535478e+01    1.1123438578e+02   -2.2391068915e+01    1.1862533438e+01   -7.6717011433e+00    7.6535188918e-01   -2.7090522211e+00   -1.2775667440e+01    2.6400000000e+02    1.8059184000e-02    5.2836174242e-01
       146   -1.0484659686e+01    1.1027446366e+02   -2.1944194190e+01    1.1459534504e+01   -7.1008607848e+00    6.5702815321e-01   -2.7246941180e+00   -1.2775667440e+01    2.6400000000e+02    1.8721734000e-02    5.2888257576e-01
       147   -1.0475209767e+01    1.1017804866e+02   -2.1878000921e+01    1.1402791154e+01   -7.0470769444e+00    6.8783499586e-01   -2.7430915320e+00   -1.2775667440e+01    2.6400000000e+02    1.8751338000e-02    5.3707386364e-01
       148   -1.0471605332e+01    1.0999420180e+02   -2.1935757721e+01    1.1464152389e+01   -7.1455520629e+00    7.5494492262e-01   -2.7694831402e+00   -1.2775667440e+01    2.6400000000e+02    1.8370400000e-02    5.3399621212e-01
       149   -1.0467374745e+01    1.1006258467e+02   -2.1835331269e+01    1.1367956525e+01   -7.0624490237e+00    6.0243129514e-01   -2.5996461004e+00   -1.2775667440e+01    2.6400000000e+02    1.8965454000e-02    5.3655303030e-01
       150   -1.0483560873e+01    1.1041423974e+02   -2.2172324370e+01    1.1688763497e+01   -7.4973525676e+00    7.6158155049e-01   -2.6608859130e+00   -1.2775667440e+01    2.6400000000e+02    1.8511256000e-02    5.3849431818e-01
       151   -1.0477168076e+01    1.1014396221e+02   -2.2199680350e+01    1.1722512274e+01   -7.3285981771e+00    5.9694362804e-01   -2.6923583607e+00   -1.2775667440e+01    2.6400000000e+02    1.8747726000e-02    5.3167613636e-01
       152   -1.0503386586e+01    1.1076463860e+02   -2.1972595911e+01    1.1469209325e+01   -6.9700063381e+00    4.4079276084e-01   -2.6677148932e+00   -1.2775667440e+01    2.6400000000e+02    1.8782473000e-02    5.3375946970e-01
       153   -1.0488684115e+01    1.1044777129e+02   -2.1771090409e+01    1.1282406293e+01   -7.0121483664e+00    6.2416400219e-01   -2.6074386042e+00   -1.2775667440e+01    2.6400000000e+02    1.8707898000e-02    5.3977272727e-01
       154   -1.0444138282e+01    1.0953565877e+02   -2.1818524860e+01    1.1374386579e+01   -6.9169495877e+00    5.1500654942e-01   -2.6409143818e+00   -1.2775667440e+01    2.6400000000e+02    1.8570428000e-02    5.3551136364e-01
       155   -1.0494723669e+01    1.1048295051e+02   -2.2160735753e+01    1.1666012083e+01   -7.3010228519e+00    6.2605077560e-01   -2.7100962359e+00   -1.2775667440e+01    2.6400000000e+02    1.8407631000e-02    5.3641098485e-01
       156   -1.0455545385e+01    1.0995774468e+02   -2.2036882767e+01    1.1581337383e+01   -7.1282276905e+00    6.2649459012e-01   -2.7594822266e+00   -1.2775667440e+01    2.6400000000e+02    1.8636539000e-02    5.3465909091e-01
       157   -1.0419704093e+01    1.0900561500e+02   -2.2243999448e+01    1.1824295356e+01   -7.2356056552e+00    4.7200473793e-01   -2.7047310906e+00   -1.2775667440e+01    2.6400000000e+02    1.8734971000e-02    5.3546401515e-01
       158   -1.0431927674e+01    1.0920486455e+02   -2.2362983963e+01    1.1931056289e+01   -7.5723973445e+00    6.4948310749e-01   -2.6644022855e+00   -1.2775667440e+01    2.6400000000e+02    2.0242938000e-02    5.3589015152e-01
       159   -1.0469159588e+01    1.1029936612e+02   -2.2716962696e+01    1.2247803108e+01   -7.9771287827e+00    5.5038487884e-01   -2.5145513520e+00   -1.2775667440e+01    2.6400000000e+02    2.1078476000e-02    5.3309659091e-01
       160   -1.0529479271e+01    1.1130121809e+02   -2.2258980972e+01    1.1729501701e+01   -7.6102611939e+00    8.3823517688e-01   -2.7112875151e+00   -1.2775667440e+01    2.6400000000e+02    2.1288729000e-02    5.3366477273e-01
       161   -1.0507106258e+01    1.1078206829e+02   -2.1379148144e+01    1.0872041887e+01   -6.5372611802e+00    7.1987449099e-01   -2.7860940147e+00   -1.2775667440e+01    2.6400000000e+02    2.1068028000e-02    5.3887310606e-01
       162   -1.0474086413e+01    1.1011699156e+02   -2.1807998221e+01    1.1333911808e+01   -6.8907143822e+00    4.5955331296e-01   -2.6011697115e+00   -1.2775667440e+01    2.6400000000e+02    2.0852247000e-02    5.3655303030e-01
       163   -1.0486548178e+01    1.1035688995e+02   -2.2116237256e+01    1.1629689078e+01   -7.1322144969e+00    5.0775617779e-01   -2.7161114969e+00   -1.2775667440e+01    2.6400000000e+02    2.1217588000e-02    5.3816287879e-01
       164   -1.0471650550e+01    1.1000353121e+02   -2.2437386984e+01    1.1965736434e+01   -7.5076457855e+00    4.9532299726e-01   -2.6493967555e+00   -1.2775667440e+01    2.6400000000e+02    2.1537818000e-02    5.3044507576e-01
       165   -1.0500928818e+01    1.1070839475e+02   -2.2161962998e+01    1.1661034180e+01   -7.5388349432e+00    8.6539762241e-01   -2.7128582368e+00   -1.2775667440e+01    2.6400000000e+02    2.1488162000e-02    5.3678977273e-01
       166   -1.0449717431e+01    1.0981989391e+02   -2.1473736770e+01    1.1024019339e+01   -6.8661411918e+00    7.6190301201e-01   -2.5938311498e+00   -1.2775667440e+01    2.6400000000e+02    2.1769326000e-02    5.3835227273e-01
       167   -1.0517580190e+01    1.1101787182e+02   -2.2042104850e+01    1.1524524659e+01   -7.0995739189e+00    5.2565353900e-01   -2.6925170296e+00   -1.2775667440e+01    2.6400000000e+02    2.1529436000e-02    5.4190340909e-01
       168   -1.0464901076e+01    1.0991078078e+02   -2.1870891121e+01    1.1405990046e+01   -6.9774735886e+00    6.5099962901e-01   -2.7687497217e+00   -1.2775667440e+01    2.6400000000e+02    2.1396135000e-02    5.3091856061e-01
       169   -1.0467544560e+01    1.0994915721e+02   -2.1898221564e+01    1.1430677004e+01   -7.1259764026e+00    7.2646106211e-01   -2.7230387830e+00   -1.2775667440e+01    2.6400000000e+02    2.1589862000e-02    5.3660037879e-01
       170   -1.0523926011e+01    1.1114691393e+02   -2.2178975178e+01    1.1655049166e+01   -7.1395411385e+00    5.9659463841e-01   -2.8603612375e+00   -1.2775667440e+01    2.6400000000e+02    2.1464364000e-02    5.3536931818e-01
       171   -1.0508494947e+01    1.1082798576e+02   -2.2268582128e+01    1.1760087181e+01   -7.3226615421e+00    5.2123949478e-01   -2.6914926405e+00   -1.2775667440e+01    2.6400000000e+02    2.1406438000e-02    5.3508522727e-01
       172   -1.0515450023e+01    1.1094910006e+02   -2.1892197327e+01    1.1376747304e+01   -6.9166348826e+00    5.3869696217e-01   -2.7385919665e+00   -1.2775667440e+01    2.6400000000e+02    2.1329204000e-02    5.4204545455e-01
       173   -1.0487545276e+01    1.1034950864e+02   -2.2164411902e+01    1.1676866626e+01   -7.2046784990e+00    5.3353403738e-01   -2.7176000002e+00   -1.2775667440e+01    2.6400000000e+02    2.1477144000e-02    5.3759469697e-01
       174   -1.0476178957e+01    1.1028090692e+02   -2.2461142811e+01    1.1984963853e+01   -7.5682515184e+00    5.4715498115e-01   -2.6643788330e+00   -1.2775667440e+01    2.6400000000e+02    2.1161874000e-02    5.3901515152e-01
       175   -1.0545370764e+01    1.1161889331e+02   -2.2515716688e+01    1.1970345925e+01   -7.6852076369e+00    5.9416951885e-01   -2.6490111302e+00   -1.2775667440e+01    2.6400000000e+02    2.1242327000e-02    5.3196022727e-01
       176   -1.0480836037e+01    1.1030495933e+02   -2.1995272626e+01    1.1514436589e+01   -7.2696102386e+00    6.3513079261e-01   -2.5851257398e+00   -1.2775667440e+01    2.6400000000e+02    2.1412780000e-02    5.3205492424e-01
       177   -1.0446448566e+01    1.0953398886e+02   -2.2105285247e+01    1.1658836681e+01   -7.2938372209e+00    6.4919012244e-01   -2.6849707085e+00   -1.2775667440e+01    2.6400000000e+02    2.1102268000e-02    5.3759469697e-01
       178   -1.0494077104e+01    1.1054022060e+02   -2.2400500282e+01    1.1906423178e+01   -7.5498688822e+00    5.6887950364e-01   -2.6438434629e+00   -1.2775667440e+01    2.6400000000e+02    2.1079099000e-02    5.3257575758e-01
       179   -1.0547495489e+01    1.1165654666e+02   -2.1819016982e+01    1.1271521494e+01   -7.0043778682e+00    6.1408221812e-01   -2.6530538918e+00   -1.2775667440e+01    2.6400000000e+02    2.1305797000e-02    5.3953598485e-01
       180   -1.0488380238e+01    1.1037165581e+02   -2.1597859731e+01    1.1109479493e+01   -6.6851026141e+00    6.4061527855e-01   -2.7777049550e+00   -1.2775667440e+01    2.6400000000e+02    2.1028585000e-02    5.3607954545e-01
       181   -1.0476316360e+01    1.1012612217e+02   -2.2273806769e+01    1.1797490410e+01   -7.5285901392e+00    7.4858553323e-01   -2.7181347231e+00   -1.2775667440e+01    2.6400000000e+02    2.1250604000e-02    5.3641098485e-01
       182   -1.0469598969e+01    1.0996372192e+02   -2.1530735955e+01    1.1061136986e+01   -6.4934381803e+00    4.9522674822e-01   -2.7568570823e+00   -1.2775667440e+01    2.6400000000e+02    2.1399364000e-02    5.3622159091e-01
       183   -1.0450482520e+01    1.0952282335e+02   -2.1951139940e+01    1.1500657420e+01   -7.1455392705e+00    6.6200622001e-01   -2.6919394498e+00   -1.2775667440e+01    2.6400000000e+02    2.1106603000e-02    5.3338068182e-01
       184   -1.0455855500e+01    1.0968794604e+02   -2.2243284516e+01    1.1787429016e+01   -7.5553142921e+00    6.3390476370e-01   -2.5462075472e+00   -1.2775667440e+01    2.6400000000e+02    2.1185074000e-02    5.3461174242e-01
       185   -1.0466229634e+01    1.0990532650e+02   -2.1694086156e+01    1.1227856523e+01   -6.6717055973e+00    4.8820018178e-01   -2.7349133006e+00   -1.2775667440e+01    2.6400000000e+02    2.0302124000e-02    5.3778409091e-01
       186   -1.0545461736e+01    1.1159681619e+02   -2.2228264784e+01    1.1682803048e+01   -7.5033624128e+00    6.5727038941e-01   -2.6065053201e+00   -1.2775667440e+01    2.6400000000e+02    1.8836034000e-02    5.2807765152e-01
       187   -1.0482458137e+01    1.1033711488e+02   -2.2009346891e+01    1.1526888754e+01   -7.1989750601e+00    7.5631552301e-01   -2.7910199132e+00   -1.2775667440e+01    2.6400000000e+02    1.9317614000e-02    5.3238636364e-01
       188   -1.0485946821e+01    1.1027642133e+02   -2.2086761389e+01    1.1600814568e+01   -7.3086514588e+00    6.6095216372e-01   -2.6633946540e+00   -1.2775667440e+01    2.6400000000e+02    1.8804638000e-02    5.3754734848e-01
       189   -1.0485116846e+01    1.1032561895e+02   -2.2092411569e+01    1.1607294723e+01   -7.2983639011e+00    6.8245114916e-01   -2.7008313765e+00   -1.2775667440e+01    2.6400000000e+02    1.8636264000e-02    5.3508522727e-01
       190   -1.0521459047e+01    1.1109677867e+02   -2.2156446176e+01    1.1634987129e+01   -7.2609290787e+00    5.5569803239e-01   -2.6755476892e+00   -1.2775667440e+01    2.6400000000e+02    1.8717519000e-02    5.3262310606e-01
       191   -1.0459309919e+01    1.0981169030e+02   -2.1858195299e+01    1.1398885380e+01   -6.9887298876e+00    5.3727315573e-01   -2.6310711270e+00   -1.2775667440e+01    2.6400000000e+02    1.8786542000e-02    5.3200757576e-01
       192   -1.0484457097e+01    1.1028120058e+02   -2.2297980058e+01    1.1813522961e+01   -7.4885012071e+00    6.3022708447e-01   -2.6640384948e+00   -1.2775667440e+01    2.6400000000e+02    1.9397833000e-02    5.3404356061e-01
       193   -1.0435729308e+01    1.0931382826e+02   -2.1876366380e+01    1.1440637072e+01   -6.9313534072e+00    4.3455665088e-01   -2.6039021834e+00   -1.2775667440e+01    2.6400000000e+02    1.8791605000e-02    5.3631628788e-01
       194   -1.0484557431e+01    1.1023780378e+02   -2.2204420976e+01    1.1719863546e+01   -7.2792656570e+00    5.0449046971e-01   -2.6539783488e+00   -1.2775667440e+01    2.6400000000e+02    1.9944559000e-02    5.3986742424e-01
       195   -1.0504261665e+01    1.1077641761e+02   -2.1418610814e+01    1.0914349149e+01   -6.4482771835e+00    6.4903792452e-01   -2.8437041147e+00   -1.2775667440e+01    2.6400000000e+02    1.9939121000e-02    5.3986742424e-01
       196   -1.0538694190e+01    1.1140246772e+02   -2.1589180080e+01    1.1050485891e+01   -6.5060812885e+00    4.6431333247e-01   -2.7717446840e+00   -1.2775667440e+01    2.6400000000e+02    1.7926994000e-02    5.3285984848e-01
       197   -1.0496540195e+01    1.1048057684e+02   -2.1468331464e+01    1.0971791270e+01   -6.4935212787e+00    5.6361395597e-01   -2.7627567015e+00   -1.2775667440e+01    2.6400000000e+02    1.8075464000e-02    5.3873106061e-01
       198   -1.0445333494e+01    1.0947513444e+02   -2.1903483042e+01    1.1458149547e+01   -6.9730595923e+00    5.7725354298e-01   -2.7320095521e+00   -1.2775667440e+01    2.6400000000e+02    1.8279704000e-02    5.3252840909e-01
       199   -1.0502757991e+01    1.1071101511e+02   -2.2843881090e+01    1.2341123098e+01   -7.9895429628e+00    5.7169085511e-01   -2.6503615416e+00   -1.2775667440e+01    2.6400000000e+02    1.8600658000e-02    5.2964015152e-01
